request_id,time_s,algorithm,topology,src,dst,blocked,path,hops,distance_km,composite_cost,bottleneck_fidelity,max_utilization,keys_consumed,decision_latency_ms,served_total,blocked_total
0,1.16965,ga_tcheby_proxy,mesh9,4,2,0,"[4-5-2]",2,42,3.21103,0.97,0,2,0.5,1,0
1,2.50688,ga_tcheby_proxy,mesh9,8,1,0,"[8-5-4-1]",3,62,4.80756,0.97,0,3,0.5,2,0
2,2.87713,ga_tcheby_proxy,mesh9,6,1,0,"[6-3-0-1]",3,62,4.80756,0.97,0,3,0.5,3,0
3,2.90688,ga_tcheby_proxy,mesh9,3,0,1,"[]",0,0,0,0,0,0,0.5,3,1
4,3.28927,ga_tcheby_proxy,mesh9,7,8,0,"[7-8]",1,22,1.61449,0.97,0,1,0.5,4,1
5,3.93402,ga_tcheby_proxy,mesh9,5,6,0,"[5-8-7-6]",3,64,4.82552,0.97,0,3,0.5,5,1
6,4.24627,ga_tcheby_proxy,mesh9,3,0,0,"[3-0]",1,20,1.59654,0.975,0.00775194,1,0.5,6,1
7,4.44724,ga_tcheby_proxy,mesh9,4,5,0,"[4-5]",1,22,1.61449,0.97,0.00775194,1,0.5,7,1
8,4.79453,ga_tcheby_proxy,mesh9,8,6,0,"[8-7-6]",2,44,3.22898,0.97,0.00775194,2,0.5,8,1
9,4.87423,ga_tcheby_proxy,mesh9,2,1,0,"[2-1]",1,22,1.67203,0.935205,0,1,0.5,9,1
10,5.53719,ga_tcheby_proxy,mesh9,0,7,0,"[0-3-6-7]",3,62,4.80756,0.97,0,3,0.5,10,1
11,5.67531,ga_tcheby_proxy,mesh9,3,5,0,"[3-4-5]",2,44,3.22898,0.97,0.0153846,2,0.5,11,1
12,6.31002,ga_tcheby_proxy,mesh9,2,0,0,"[2-1-0]",2,44,3.22898,0.97,0.00775194,2,0.5,12,1
13,7.13315,ga_tcheby_proxy,mesh9,4,1,0,"[4-1]",1,20,1.59654,0.975,0.00775194,1,0.5,13,1
14,7.36343,ga_tcheby_proxy,mesh9,6,0,0,"[6-3-0]",2,40,3.19307,0.975,0.0153846,2,0.5,14,1
15,8.42715,ga_tcheby_proxy,mesh9,1,8,0,"[1-4-7-8]",3,62,4.80756,0.97,0.00775194,3,0.5,15,1
16,8.54968,ga_tcheby_proxy,mesh9,2,0,0,"[2-1-0]",2,44,3.22898,0.97,0.0153846,2,0.5,16,1
17,8.91483,ga_tcheby_proxy,mesh9,2,6,0,"[2-5-4-3-6]",4,84,6.42205,0.97,0.00775194,4,0.5,17,1
18,9.32301,ga_tcheby_proxy,mesh9,8,1,0,"[8-7-4-1]",3,62,4.80756,0.97,0.0153846,3,0.5,18,1
19,9.83499,ga_tcheby_proxy,mesh9,2,6,0,"[2-5-4-7-6]",4,84,6.42205,0.97,0.0153846,4,0.5,19,1
20,9.90255,ga_tcheby_proxy,mesh9,6,7,1,"[]",0,0,0,0,0,0,0.5,19,2
21,10.6631,ga_tcheby_proxy,mesh9,1,6,0,"[1-4-3-6]",3,62,4.80756,0.97,0.0153846,3,0.5,20,2
22,10.6641,ga_tcheby_proxy,mesh9,2,5,0,"[2-5]",1,20,1.62473,0.957489,0.0155039,1,0.5,21,2
23,11.0745,ga_tcheby_proxy,mesh9,0,4,0,"[0-3-4]",2,42,3.21103,0.97,0.00775194,2,0.5,22,2
24,11.3704,ga_tcheby_proxy,mesh9,3,5,0,"[3-4-5]",2,44,3.22898,0.97,0.0229008,2,0.5,23,2
25,13.1201,ga_tcheby_proxy,mesh9,1,8,0,"[1-4-7-8]",3,62,4.80756,0.97,0.0153846,3,0.5,24,2
26,13.8598,ga_tcheby_proxy,mesh9,0,3,0,"[0-3]",1,20,1.59654,0.975,0.0153846,1,0.5,25,2
27,14.6523,ga_tcheby_proxy,mesh9,3,6,0,"[3-6]",1,20,1.59654,0.975,0.0229008,1,0.5,26,2
28,14.8479,ga_tcheby_proxy,mesh9,0,7,0,"[0-1-4-7]",3,62,4.80756,0.97,0.0229008,3,0.5,27,2
29,15.0942,ga_tcheby_proxy,mesh9,5,7,0,"[5-8-7]",2,42,3.21103,0.97,0.0229008,2,0.5,28,2
30,15.9704,ga_tcheby_proxy,mesh9,7,1,0,"[7-4-1]",2,40,3.19307,0.975,0.0229008,2,0.5,29,2
31,16.1398,ga_tcheby_proxy,mesh9,8,5,0,"[8-5]",1,20,1.59654,0.975,0.00775194,1,0.5,30,2
32,16.4283,ga_tcheby_proxy,mesh9,1,7,0,"[1-4-7]",2,40,3.19307,0.975,0.030303,2,0.5,31,2
33,16.6627,ga_tcheby_proxy,mesh9,7,0,0,"[7-6-3-0]",3,62,4.80756,0.97,0.0229008,3,0.5,32,2
34,16.7608,ga_tcheby_proxy,mesh9,3,8,0,"[3-4-5-8]",3,64,4.82552,0.97,0.030303,3,0.5,33,2
35,16.8648,ga_tcheby_proxy,mesh9,2,8,0,"[2-5-8]",2,40,3.19307,0.975,0.0229008,2,0.5,34,2
36,17.5692,ga_tcheby_proxy,mesh9,5,3,0,"[5-4-3]",2,44,3.22898,0.97,0.0229008,2,0.5,35,2
37,18.1496,ga_tcheby_proxy,mesh9,5,3,0,"[5-4-3]",2,44,3.22898,0.97,0.030303,2,0.5,36,2
38,18.6457,ga_tcheby_proxy,mesh9,6,7,0,"[6-7]",1,22,1.61449,0.97,0.00775194,1,0.5,37,2
39,18.7599,ga_tcheby_proxy,mesh9,0,5,0,"[0-1-2-5]",3,64,4.82552,0.97,0.030303,3,0.5,38,2
40,18.9033,ga_tcheby_proxy,mesh9,6,2,0,"[6-7-8-5-2]",4,84,6.42205,0.97,0.0229008,4,0.5,39,2
41,19.4223,ga_tcheby_proxy,mesh9,3,7,0,"[3-6-7]",2,42,3.21103,0.97,0.030303,2,0.5,40,2
42,19.5225,ga_tcheby_proxy,mesh9,0,6,0,"[0-3-6]",2,40,3.19307,0.975,0.037594,2,0.5,41,2
43,19.8654,ga_tcheby_proxy,mesh9,1,4,0,"[1-4]",1,20,1.59654,0.975,0.037594,1,0.5,42,2
44,19.9919,ga_tcheby_proxy,mesh9,7,8,0,"[7-8]",1,22,1.61449,0.97,0.030303,1,0.5,43,2
45,20.2415,ga_tcheby_proxy,mesh9,6,7,0,"[6-7]",1,22,1.61449,0.97,0.030303,1,0.5,44,2
46,20.2735,ga_tcheby_proxy,mesh9,3,5,1,"[]",0,0,0,0,0,0,0.5,44,3
47,20.5589,ga_tcheby_proxy,mesh9,3,5,0,"[3-4-5]",2,44,3.22898,0.97,0.037594,2,0.5,45,3
48,20.6335,ga_tcheby_proxy,mesh9,5,3,0,"[5-4-3]",2,44,3.22898,0.97,0.037594,2,0.5,46,3
49,21.0358,ga_tcheby_proxy,mesh9,1,2,0,"[1-2]",1,22,1.61449,0.97,0.00775194,1,0.5,47,3
50,21.8343,ga_tcheby_proxy,mesh9,0,4,0,"[0-3-4]",2,42,3.21103,0.97,0.037594,2,0.5,48,3
51,21.884,ga_tcheby_proxy,mesh9,6,7,1,"[]",0,0,0,0,0,0,0.5,48,4
52,22.2926,ga_tcheby_proxy,mesh9,0,6,0,"[0-3-6]",2,40,3.19307,0.975,0.0447761,2,0.5,49,4
53,22.548,ga_tcheby_proxy,mesh9,2,5,0,"[2-5]",1,20,1.59654,0.975,0.037594,1,0.5,50,4
54,23.6709,ga_tcheby_proxy,mesh9,7,6,0,"[7-6]",1,22,1.61449,0.97,0.030303,1,0.5,51,4
55,23.9768,ga_tcheby_proxy,mesh9,8,0,0,"[8-5-2-1-0]",4,84,6.42205,0.97,0.0229008,4,0.5,52,4
56,24.9531,ga_tcheby_proxy,mesh9,4,0,0,"[4-1-0]",2,42,3.21103,0.97,0.030303,2,0.5,53,4
57,25.0097,ga_tcheby_proxy,mesh9,3,2,1,"[]",0,0,0,0,0,0,0.5,53,5
58,26.5412,ga_tcheby_proxy,mesh9,8,0,0,"[8-5-2-1-0]",4,84,6.42205,0.97,0.030303,4,0.5,54,5
59,27.0494,ga_tcheby_proxy,mesh9,7,0,0,"[7-6-3-0]",3,62,4.80756,0.97,0.037594,3,0.5,55,5
60,27.975,ga_tcheby_proxy,mesh9,1,4,0,"[1-4]",1,20,1.59654,0.975,0.0447761,1,0.5,56,5
61,30.0672,ga_tcheby_proxy,mesh9,5,8,0,"[5-8]",1,20,1.59654,0.975,0.030303,1,0.5,57,5
62,30.6433,ga_tcheby_proxy,mesh9,7,0,0,"[7-4-1-0]",3,62,4.80756,0.97,0.037594,3,0.5,58,5
63,30.649,ga_tcheby_proxy,mesh9,2,0,1,"[]",0,0,0,0,0,0,0.5,58,6
64,30.6649,ga_tcheby_proxy,mesh9,8,3,1,"[]",0,0,0,0,0,0,0.5,58,7
65,30.9046,ga_tcheby_proxy,mesh9,8,7,0,"[8-7]",1,22,1.61449,0.97,0.030303,1,0.5,59,7
66,31.1725,ga_tcheby_proxy,mesh9,4,5,0,"[4-5]",1,22,1.61449,0.97,0.0447761,1,0.5,60,7
67,32.2207,ga_tcheby_proxy,mesh9,2,8,0,"[2-5-8]",2,40,3.19307,0.975,0.0447761,2,0.5,61,7
68,32.2245,ga_tcheby_proxy,mesh9,7,5,0,"[7-8-5]",2,42,3.42207,0.909027,0.0393701,2,0.5,62,7
69,33.2123,ga_tcheby_proxy,mesh9,2,6,0,"[2-5-4-3-6]",4,84,6.42205,0.97,0.0518519,4,0.5,63,7
70,33.8017,ga_tcheby_proxy,mesh9,3,4,0,"[3-4]",1,22,1.61449,0.97,0.0447761,1,0.5,64,7
71,34.5621,ga_tcheby_proxy,mesh9,0,5,0,"[0-1-4-5]",3,64,4.82552,0.97,0.0518519,3,0.5,65,7
72,35.1996,ga_tcheby_proxy,mesh9,8,4,0,"[8-7-4]",2,42,3.21103,0.97,0.037594,2,0.5,66,7
73,35.954,ga_tcheby_proxy,mesh9,2,1,0,"[2-1]",1,22,1.61449,0.97,0.037594,1,0.5,67,7
74,37.013,ga_tcheby_proxy,mesh9,7,8,0,"[7-8]",1,22,1.61449,0.97,0.0447761,1,0.5,68,7
75,37.0842,ga_tcheby_proxy,mesh9,4,6,0,"[4-1-0-3-6]",4,82,6.4041,0.97,0.0588235,4,0.5,69,7
76,38.0102,ga_tcheby_proxy,mesh9,8,5,0,"[8-5]",1,20,1.59654,0.975,0.0447761,1,0.5,70,7
77,38.2561,ga_tcheby_proxy,mesh9,1,5,0,"[1-4-5]",2,42,3.21103,0.97,0.0588235,2,0.5,71,7
78,38.3959,ga_tcheby_proxy,mesh9,7,3,0,"[7-4-3]",2,42,3.21103,0.97,0.0447761,2,0.5,72,7
79,38.44,ga_tcheby_proxy,mesh9,8,1,1,"[]",0,0,0,0,0,0,0.5,72,8
80,38.8979,ga_tcheby_proxy,mesh9,6,1,0,"[6-3-0-1]",3,62,4.80756,0.97,0.037594,3,0.5,73,8
81,39.6074,ga_tcheby_proxy,mesh9,8,6,0,"[8-7-6]",2,44,3.22898,0.97,0.0447761,2,0.5,74,8
82,41.198,ga_tcheby_proxy,mesh9,2,6,0,"[2-5-8-7-6]",4,84,6.42205,0.97,0.0588235,4,0.5,75,8
83,42.34,ga_tcheby_proxy,mesh9,4,2,0,"[4-1-2]",2,42,3.21103,0.97,0.0518519,2,0.5,76,8
84,42.4337,ga_tcheby_proxy,mesh9,0,5,0,"[0-3-4-5]",3,64,4.82552,0.97,0.0656934,3,0.5,77,8
85,42.6493,ga_tcheby_proxy,mesh9,0,1,0,"[0-1]",1,22,1.61449,0.97,0.037594,1,0.5,78,8
86,42.6563,ga_tcheby_proxy,mesh9,4,2,1,"[]",0,0,0,0,0,0,0.5,78,9
87,42.7259,ga_tcheby_proxy,mesh9,5,3,0,"[5-4-3]",2,44,3.23808,0.964328,0.0518519,2,0.5,79,9
88,43.8137,ga_tcheby_proxy,mesh9,4,1,0,"[4-1]",1,20,1.59654,0.975,0.0588235,1,0.5,80,9
89,44.2909,ga_tcheby_proxy,mesh9,4,3,0,"[4-3]",1,22,1.61449,0.97,0.0588235,1,0.5,81,9
90,44.4941,ga_tcheby_proxy,mesh9,6,8,0,"[6-7-8]",2,44,3.22898,0.97,0.0518519,2,0.5,82,9
91,44.7157,ga_tcheby_proxy,mesh9,1,4,0,"[1-4]",1,20,1.59654,0.975,0.0656934,1,0.5,83,9
92,45.4769,ga_tcheby_proxy,mesh9,7,2,0,"[7-8-5-2]",3,62,4.80756,0.97,0.0588235,3,0.5,84,9
93,45.5478,ga_tcheby_proxy,mesh9,2,6,0,"[2-1-0-3-6]",4,84,6.4847,0.94255,0.0656934,4,0.5,85,9
94,46.3303,ga_tcheby_proxy,mesh9,7,6,0,"[7-6]",1,22,1.61449,0.97,0.0588235,1,0.5,86,9
95,46.3372,ga_tcheby_proxy,mesh9,3,4,1,"[]",0,0,0,0,0,0,0.5,86,10
96,46.7798,ga_tcheby_proxy,mesh9,7,2,0,"[7-4-1-2]",3,62,4.80756,0.97,0.0656934,3,0.5,87,10
97,47.008,ga_tcheby_proxy,mesh9,2,5,0,"[2-5]",1,20,1.59654,0.975,0.0656934,1,0.5,88,10
98,47.0793,ga_tcheby_proxy,mesh9,8,1,0,"[8-7-4-1]",3,62,4.92054,0.903957,0.0724638,3,0.5,89,10
99,47.2867,ga_tcheby_proxy,mesh9,1,8,0,"[1-4-7-8]",3,62,4.80756,0.97,0.0724638,3,0.5,90,10
100,47.9749,ga_tcheby_proxy,mesh9,8,4,0,"[8-5-4]",2,42,3.21103,0.97,0.0588235,2,0.5,91,10
101,49.4892,ga_tcheby_proxy,mesh9,8,2,0,"[8-5-2]",2,40,3.19307,0.975,0.0656934,2,0.5,92,10
102,49.7529,ga_tcheby_proxy,mesh9,7,4,0,"[7-4]",1,20,1.59654,0.975,0.0518519,1,0.5,93,10
103,51.1728,ga_tcheby_proxy,mesh9,1,6,0,"[1-0-3-6]",3,62,4.80756,0.97,0.0724638,3,0.5,94,10
104,51.4048,ga_tcheby_proxy,mesh9,3,0,0,"[3-0]",1,20,1.59654,0.975,0.0447761,1,0.5,95,10
105,51.5171,ga_tcheby_proxy,mesh9,0,1,0,"[0-1]",1,22,1.61449,0.97,0.0447761,1,0.5,96,10
106,52.4637,ga_tcheby_proxy,mesh9,2,8,0,"[2-5-8]",2,40,3.19307,0.975,0.0724638,2,0.5,97,10
107,52.4941,ga_tcheby_proxy,mesh9,8,1,1,"[]",0,0,0,0,0,0,0.5,97,11
108,52.4969,ga_tcheby_proxy,mesh9,1,7,1,"[]",0,0,0,0,0,0,0.5,97,12
109,52.5624,ga_tcheby_proxy,mesh9,5,0,0,"[5-4-3-0]",3,64,4.95362,0.922608,0.0656934,3,0.5,98,12
110,53.9168,ga_tcheby_proxy,mesh9,2,0,0,"[2-1-0]",2,44,3.22898,0.97,0.0656934,2,0.5,99,12
111,54.303,ga_tcheby_proxy,mesh9,2,0,0,"[2-1-0]",2,44,3.22898,0.97,0.0724638,2,0.5,100,12
112,55.1477,ga_tcheby_proxy,mesh9,2,1,0,"[2-1]",1,22,1.61449,0.97,0.0656934,1,0.5,101,12
113,55.2346,ga_tcheby_proxy,mesh9,6,7,0,"[6-7]",1,22,1.61449,0.97,0.0447761,1,0.5,102,12
114,55.3201,ga_tcheby_proxy,mesh9,4,6,0,"[4-7-6]",2,42,3.21103,0.97,0.0656934,2,0.5,103,12
115,57.5565,ga_tcheby_proxy,mesh9,0,4,0,"[0-3-4]",2,42,3.21103,0.97,0.0724638,2,0.5,104,12
116,58.7385,ga_tcheby_proxy,mesh9,0,4,0,"[0-1-4]",2,42,3.21103,0.97,0.0791367,2,0.5,105,12
117,58.9603,ga_tcheby_proxy,mesh9,2,8,0,"[2-5-8]",2,40,3.19307,0.975,0.0791367,2,0.5,106,12
118,59.5093,ga_tcheby_proxy,mesh9,5,8,0,"[5-8]",1,20,1.59654,0.975,0.0656934,1,0.5,107,12
119,59.7587,ga_tcheby_proxy,mesh9,2,1,0,"[2-1]",1,22,1.61449,0.97,0.0724638,1,0.5,108,12
120,60.9372,ga_tcheby_proxy,mesh9,4,2,0,"[4-5-2]",2,42,3.21103,0.97,0.0724638,2,0.5,109,12
121,61.4484,ga_tcheby_proxy,mesh9,6,5,0,"[6-7-8-5]",3,64,4.82552,0.97,0.0724638,3,0.5,110,12
122,61.5491,ga_tcheby_proxy,mesh9,5,6,0,"[5-8-7-6]",3,64,4.82552,0.97,0.0724638,3,0.5,111,12
123,61.8804,ga_tcheby_proxy,mesh9,0,7,0,"[0-3-6-7]",3,62,4.80756,0.97,0.0791367,3,0.5,112,12
124,61.9673,ga_tcheby_proxy,mesh9,0,3,0,"[0-3]",1,20,1.59654,0.975,0.0857143,1,0.5,113,12
125,62.1111,ga_tcheby_proxy,mesh9,1,4,0,"[1-4]",1,20,1.59654,0.975,0.0857143,1,0.5,114,12
126,62.8083,ga_tcheby_proxy,mesh9,6,1,0,"[6-3-0-1]",3,62,4.80756,0.97,0.0588235,3,0.5,115,12
127,63.9224,ga_tcheby_proxy,mesh9,8,0,0,"[8-7-4-3-0]",4,84,6.42205,0.97,0.0724638,4,0.5,116,12
128,64.3207,ga_tcheby_proxy,mesh9,5,8,0,"[5-8]",1,20,1.59654,0.975,0.0791367,1,0.5,117,12
129,64.954,ga_tcheby_proxy,mesh9,4,3,0,"[4-3]",1,22,1.61449,0.97,0.0791367,1,0.5,118,12
130,65.0405,ga_tcheby_proxy,mesh9,2,1,0,"[2-1]",1,22,1.61449,0.97,0.0791367,1,0.5,119,12
131,65.1917,ga_tcheby_proxy,mesh9,4,5,0,"[4-5]",1,22,1.61449,0.97,0.0791367,1,0.5,120,12
132,65.2353,ga_tcheby_proxy,mesh9,1,4,1,"[]",0,0,0,0,0,0,0.5,120,13
133,65.8789,ga_tcheby_proxy,mesh9,4,0,0,"[4-1-0]",2,42,3.21103,0.97,0.0791367,2,0.5,121,13
134,66.4068,ga_tcheby_proxy,mesh9,8,7,0,"[8-7]",1,22,1.61449,0.97,0.0791367,1,0.5,122,13
135,66.7046,ga_tcheby_proxy,mesh9,7,5,0,"[7-8-5]",2,42,3.21103,0.97,0.0791367,2,0.5,123,13
136,66.8399,ga_tcheby_proxy,mesh9,6,7,0,"[6-7]",1,22,1.61449,0.97,0.0656934,1,0.5,124,13
137,68.2103,ga_tcheby_proxy,mesh9,8,5,0,"[8-5]",1,20,1.59654,0.975,0.0857143,1,0.5,125,13
138,68.5488,ga_tcheby_proxy,mesh9,5,1,0,"[5-2-1]",2,42,3.21103,0.97,0.0857143,2,0.5,126,13
139,68.7472,ga_tcheby_proxy,mesh9,4,1,0,"[4-1]",1,20,1.59654,0.975,0.0857143,1,0.5,127,13
140,70.3221,ga_tcheby_proxy,mesh9,1,6,0,"[1-4-3-6]",3,62,4.80756,0.97,0.0921986,3,0.5,128,13
141,71.8499,ga_tcheby_proxy,mesh9,4,6,0,"[4-7-6]",2,42,3.21103,0.97,0.0791367,2,0.5,129,13
142,72.6585,ga_tcheby_proxy,mesh9,5,1,0,"[5-2-1]",2,42,3.21103,0.97,0.0921986,2,0.5,130,13
143,72.7455,ga_tcheby_proxy,mesh9,4,3,0,"[4-3]",1,22,1.61449,0.97,0.0921986,1,0.5,131,13
144,73.1738,ga_tcheby_proxy,mesh9,2,8,0,"[2-5-8]",2,40,3.19307,0.975,0.0857143,2,0.5,132,13
145,73.4742,ga_tcheby_proxy,mesh9,3,0,0,"[3-0]",1,20,1.59654,0.975,0.0724638,1,0.5,133,13
146,73.8086,ga_tcheby_proxy,mesh9,0,3,0,"[0-3]",1,20,1.59654,0.975,0.0921986,1,0.5,134,13
147,73.8997,ga_tcheby_proxy,mesh9,5,2,0,"[5-2]",1,20,1.59654,0.975,0.0656934,1,0.5,135,13
148,74.0995,ga_tcheby_proxy,mesh9,5,2,0,"[5-2]",1,20,1.59654,0.975,0.0724638,1,0.5,136,13
149,75.5646,ga_tcheby_proxy,mesh9,1,7,0,"[1-4-7]",2,40,3.19307,0.975,0.0985915,2,0.5,137,13
150,76.2749,ga_tcheby_proxy,mesh9,7,6,0,"[7-6]",1,22,1.61449,0.97,0.0857143,1,0.5,138,13
151,76.5549,ga_tcheby_proxy,mesh9,6,2,0,"[6-3-0-1-2]",4,84,6.42205,0.97,0.0791367,4,0.5,139,13
152,76.595,ga_tcheby_proxy,mesh9,3,7,1,"[]",0,0,0,0,0,0,0.5,139,14
153,77.7,ga_tcheby_proxy,mesh9,0,4,0,"[0-3-4]",2,42,3.21103,0.97,0.0985915,2,0.5,140,14
154,77.9322,ga_tcheby_proxy,mesh9,1,6,0,"[1-4-3-6]",3,62,4.80756,0.97,0.104895,3,0.5,141,14
155,78.2852,ga_tcheby_proxy,mesh9,5,1,0,"[5-4-1]",2,42,3.21103,0.97,0.0921986,2,0.5,142,14
156,78.9309,ga_tcheby_proxy,mesh9,6,3,0,"[6-3]",1,20,1.59654,0.975,0.0518519,1,0.5,143,14
157,79.6843,ga_tcheby_proxy,mesh9,4,6,0,"[4-7-6]",2,42,3.21103,0.97,0.0921986,2,0.5,144,14
158,80.0501,ga_tcheby_proxy,mesh9,7,2,0,"[7-4-5-2]",3,62,4.80756,0.97,0.0857143,3,0.5,145,14
159,80.5591,ga_tcheby_proxy,mesh9,3,4,0,"[3-4]",1,22,1.61449,0.97,0.0724638,1,0.5,146,14
160,80.7098,ga_tcheby_proxy,mesh9,3,6,0,"[3-6]",1,20,1.59654,0.975,0.0985915,1,0.5,147,14
161,82.3414,ga_tcheby_proxy,mesh9,2,4,0,"[2-5-4]",2,42,3.21103,0.97,0.0921986,2,0.5,148,14
162,83.1223,ga_tcheby_proxy,mesh9,0,7,0,"[0-3-6-7]",3,62,4.80756,0.97,0.104895,3,0.5,149,14
163,83.3651,ga_tcheby_proxy,mesh9,7,8,0,"[7-8]",1,22,1.61449,0.97,0.0857143,1,0.5,150,14
164,84.5884,ga_tcheby_proxy,mesh9,6,5,0,"[6-7-8-5]",3,64,4.82552,0.97,0.0921986,3,0.5,151,14
165,84.6602,ga_tcheby_proxy,mesh9,6,8,0,"[6-7-8]",2,44,3.22898,0.97,0.0985915,2,0.5,152,14
166,84.8634,ga_tcheby_proxy,mesh9,1,0,0,"[1-0]",1,22,1.61449,0.97,0.0857143,1,0.5,153,14
167,85.0669,ga_tcheby_proxy,mesh9,2,7,0,"[2-5-8-7]",3,62,4.80756,0.97,0.0985915,3,0.5,154,14
168,85.7427,ga_tcheby_proxy,mesh9,5,1,0,"[5-4-1]",2,42,3.21103,0.97,0.0985915,2,0.5,155,14
169,86.8805,ga_tcheby_proxy,mesh9,4,1,0,"[4-1]",1,20,1.59654,0.975,0.104895,1,0.5,156,14
170,87.1464,ga_tcheby_proxy,mesh9,7,0,0,"[7-6-3-0]",3,62,4.80756,0.97,0.0985915,3,0.5,157,14
171,88.3816,ga_tcheby_proxy,mesh9,5,6,0,"[5-4-7-6]",3,64,4.82552,0.97,0.104895,3,0.5,158,14
172,88.7699,ga_tcheby_proxy,mesh9,5,3,0,"[5-4-3]",2,44,3.22898,0.97,0.104895,2,0.5,159,14
173,88.8124,ga_tcheby_proxy,mesh9,6,5,1,"[]",0,0,0,0,0,0,0.5,159,15
174,89.0558,ga_tcheby_proxy,mesh9,0,4,0,"[0-3-4]",2,42,3.21103,0.97,0.111111,2,0.5,160,15
175,89.3828,ga_tcheby_proxy,mesh9,1,3,0,"[1-4-3]",2,42,3.21103,0.97,0.111111,2,0.5,161,15
176,89.6187,ga_tcheby_proxy,mesh9,0,1,0,"[0-1]",1,22,1.61449,0.97,0.0724638,1,0.5,162,15
177,90.9707,ga_tcheby_proxy,mesh9,8,7,0,"[8-7]",1,22,1.61449,0.97,0.0921986,1,0.5,163,15
178,91.6413,ga_tcheby_proxy,mesh9,5,7,0,"[5-8-7]",2,42,3.21103,0.97,0.0985915,2,0.5,164,15
179,92.5698,ga_tcheby_proxy,mesh9,4,2,0,"[4-5-2]",2,42,3.21103,0.97,0.0921986,2,0.5,165,15
180,93.3861,ga_tcheby_proxy,mesh9,2,1,0,"[2-1]",1,22,1.61449,0.97,0.0985915,1,0.5,166,15
181,93.5788,ga_tcheby_proxy,mesh9,6,2,0,"[6-3-0-1-2]",4,84,6.42205,0.97,0.0921986,4,0.5,167,15
182,94.0464,ga_tcheby_proxy,mesh9,7,1,0,"[7-4-1]",2,40,3.19307,0.975,0.111111,2,0.5,168,15
183,94.4078,ga_tcheby_proxy,mesh9,3,6,0,"[3-6]",1,20,1.59654,0.975,0.111111,1,0.5,169,15
184,94.4087,ga_tcheby_proxy,mesh9,7,2,0,"[7-4-5-2]",3,62,4.8897,0.953048,0.0992908,3,0.5,170,15
185,94.5952,ga_tcheby_proxy,mesh9,5,0,0,"[5-2-1-0]",3,64,4.82552,0.97,0.104895,3,0.5,171,15
186,94.9501,ga_tcheby_proxy,mesh9,0,8,0,"[0-1-2-5-8]",4,84,6.42205,0.97,0.104895,4,0.5,172,15
187,95.3669,ga_tcheby_proxy,mesh9,5,4,0,"[5-4]",1,22,1.61449,0.97,0.104895,1,0.5,173,15
188,95.9129,ga_tcheby_proxy,mesh9,2,0,0,"[2-1-0]",2,44,3.22898,0.97,0.111111,2,0.5,174,15
189,96.995,ga_tcheby_proxy,mesh9,3,5,0,"[3-4-5]",2,44,3.22898,0.97,0.104895,2,0.5,175,15
190,97.1176,ga_tcheby_proxy,mesh9,4,0,0,"[4-3-0]",2,42,3.21103,0.97,0.117241,2,0.5,176,15
191,97.6123,ga_tcheby_proxy,mesh9,1,8,0,"[1-2-5-8]",3,62,4.80756,0.97,0.111111,3,0.5,177,15
192,99.7159,ga_tcheby_proxy,mesh9,0,7,0,"[0-3-4-7]",3,62,4.80756,0.97,0.117241,3,0.5,178,15
193,100.73,ga_tcheby_proxy,mesh9,0,5,0,"[0-1-2-5]",3,64,4.82552,0.97,0.117241,3,0.5,179,15
194,100.971,ga_tcheby_proxy,mesh9,6,1,0,"[6-3-0-1]",3,62,4.80756,0.97,0.104895,3,0.5,180,15
195,101.438,ga_tcheby_proxy,mesh9,1,2,0,"[1-2]",1,22,1.61449,0.97,0.0656934,1,0.5,181,15
196,101.987,ga_tcheby_proxy,mesh9,3,8,0,"[3-4-7-8]",3,64,4.82552,0.97,0.104895,3,0.5,182,15
197,102.043,ga_tcheby_proxy,mesh9,7,8,1,"[]",0,0,0,0,0,0,0.5,182,16
198,102.154,ga_tcheby_proxy,mesh9,7,2,0,"[7-8-5-2]",3,62,4.80756,0.97,0.111111,3,0.5,183,16
199,102.43,ga_tcheby_proxy,mesh9,2,4,0,"[2-1-4]",2,42,3.21103,0.97,0.117241,2,0.5,184,16
200,102.5,ga_tcheby_proxy,mesh9,4,7,0,"[4-7]",1,20,1.59654,0.975,0.0921986,1,0.5,185,16
201,102.974,ga_tcheby_proxy,mesh9,0,7,0,"[0-1-4-7]",3,62,4.80756,0.97,0.123288,3,0.5,186,16
202,103.784,ga_tcheby_proxy,mesh9,0,4,0,"[0-3-4]",2,42,3.21103,0.97,0.123288,2,0.5,187,16
203,103.982,ga_tcheby_proxy,mesh9,0,1,0,"[0-1]",1,22,1.61449,0.97,0.111111,1,0.5,188,16
204,104.279,ga_tcheby_proxy,mesh9,2,7,0,"[2-5-8-7]",3,62,4.80756,0.97,0.123288,3,0.5,189,16
205,104.398,ga_tcheby_proxy,mesh9,3,7,0,"[3-4-7]",2,42,3.21103,0.97,0.111111,2,0.5,190,16
206,104.464,ga_tcheby_proxy,mesh9,8,2,0,"[8-5-2]",2,40,3.19307,0.975,0.111111,2,0.5,191,16
207,105.088,ga_tcheby_proxy,mesh9,3,7,0,"[3-4-7]",2,42,3.21103,0.97,0.117241,2,0.5,192,16
208,105.307,ga_tcheby_proxy,mesh9,0,8,0,"[0-3-4-7-8]",4,84,6.42205,0.97,0.129252,4,0.5,193,16
209,105.365,ga_tcheby_proxy,mesh9,3,5,1,"[]",0,0,0,0,0,0,0.5,193,17
210,105.623,ga_tcheby_proxy,mesh9,4,3,0,"[4-3]",1,22,1.61449,0.97,0.123288,1,0.5,194,17
211,106.19,ga_tcheby_proxy,mesh9,4,0,0,"[4-1-0]",2,42,3.21103,0.97,0.117241,2,0.5,195,17
212,106.938,ga_tcheby_proxy,mesh9,2,8,0,"[2-5-8]",2,40,3.19307,0.975,0.129252,2,0.5,196,17
213,107.499,ga_tcheby_proxy,mesh9,7,3,0,"[7-6-3]",2,42,3.21103,0.97,0.111111,2,0.5,197,17
214,107.809,ga_tcheby_proxy,mesh9,8,5,0,"[8-5]",1,20,1.59654,0.975,0.111111,1,0.5,198,17
215,108.041,ga_tcheby_proxy,mesh9,7,5,0,"[7-4-5]",2,42,3.21103,0.97,0.111111,2,0.5,199,17
216,108.252,ga_tcheby_proxy,mesh9,8,0,0,"[8-7-6-3-0]",4,84,6.42205,0.97,0.117241,4,0.5,200,17
217,108.96,ga_tcheby_proxy,mesh9,2,1,0,"[2-1]",1,22,1.61449,0.97,0.123288,1,0.5,201,17
218,109.28,ga_tcheby_proxy,mesh9,4,3,0,"[4-3]",1,22,1.61449,0.97,0.129252,1,0.5,202,17
219,109.324,ga_tcheby_proxy,mesh9,5,4,1,"[]",0,0,0,0,0,0,0.5,202,18
220,109.595,ga_tcheby_proxy,mesh9,6,2,0,"[6-3-0-1-2]",4,84,6.42205,0.97,0.117241,4,0.5,203,18
221,109.736,ga_tcheby_proxy,mesh9,4,2,0,"[4-5-2]",2,42,3.21103,0.97,0.117241,2,0.5,204,18
222,109.886,ga_tcheby_proxy,mesh9,1,0,0,"[1-0]",1,22,1.61449,0.97,0.111111,1,0.5,205,18
223,110.58,ga_tcheby_proxy,mesh9,7,3,0,"[7-6-3]",2,42,3.21103,0.97,0.123288,2,0.5,206,18
224,111.055,ga_tcheby_proxy,mesh9,1,8,0,"[1-4-7-8]",3,62,4.80756,0.97,0.129252,3,0.5,207,18
225,111.088,ga_tcheby_proxy,mesh9,8,1,1,"[]",0,0,0,0,0,0,0.5,207,19
226,112.608,ga_tcheby_proxy,mesh9,6,5,0,"[6-7-4-5]",3,64,4.82552,0.97,0.123288,3,0.5,208,19
227,113.407,ga_tcheby_proxy,mesh9,6,2,0,"[6-7-4-1-2]",4,84,6.42205,0.97,0.123288,4,0.5,209,19
228,114.071,ga_tcheby_proxy,mesh9,5,7,0,"[5-4-7]",2,42,3.21103,0.97,0.129252,2,0.5,210,19
229,114.106,ga_tcheby_proxy,mesh9,8,0,1,"[]",0,0,0,0,0,0,0.5,210,20
230,114.303,ga_tcheby_proxy,mesh9,2,8,0,"[2-5-8]",2,40,3.19307,0.975,0.135135,2,0.5,211,20
231,114.469,ga_tcheby_proxy,mesh9,5,3,0,"[5-4-3]",2,44,3.22898,0.97,0.135135,2,0.5,212,20
232,114.834,ga_tcheby_proxy,mesh9,7,0,0,"[7-6-3-0]",3,62,4.80756,0.97,0.129252,3,0.5,213,20
233,115.15,ga_tcheby_proxy,mesh9,8,0,0,"[8-5-4-1-0]",4,84,6.42205,0.97,0.129252,4,0.5,214,20
234,115.292,ga_tcheby_proxy,mesh9,0,8,0,"[0-1-4-7-8]",4,84,6.42205,0.97,0.135135,4,0.5,215,20
235,115.396,ga_tcheby_proxy,mesh9,4,1,0,"[4-1]",1,20,1.59654,0.975,0.135135,1,0.5,216,20
236,115.726,ga_tcheby_proxy,mesh9,7,8,0,"[7-8]",1,22,1.61449,0.97,0.135135,1,0.5,217,20
237,116.082,ga_tcheby_proxy,mesh9,5,2,0,"[5-2]",1,20,1.59654,0.975,0.123288,1,0.5,218,20
238,118.113,ga_tcheby_proxy,mesh9,5,7,0,"[5-8-7]",2,42,3.21103,0.97,0.135135,2,0.5,219,20
239,118.508,ga_tcheby_proxy,mesh9,5,6,0,"[5-4-3-6]",3,64,4.82552,0.97,0.14094,3,0.5,220,20
240,119.68,ga_tcheby_proxy,mesh9,3,4,0,"[3-4]",1,22,1.61449,0.97,0.129252,1,0.5,221,20
241,120.071,ga_tcheby_proxy,mesh9,3,5,0,"[3-4-5]",2,44,3.22898,0.97,0.135135,2,0.5,222,20
242,120.381,ga_tcheby_proxy,mesh9,5,6,0,"[5-8-7-6]",3,64,4.82552,0.97,0.14094,3,0.5,223,20
243,120.744,ga_tcheby_proxy,mesh9,1,0,0,"[1-0]",1,22,1.61449,0.97,0.123288,1,0.5,224,20
244,120.804,ga_tcheby_proxy,mesh9,7,5,1,"[]",0,0,0,0,0,0,0.5,224,21
245,120.85,ga_tcheby_proxy,mesh9,6,0,1,"[]",0,0,0,0,0,0,0.5,224,22
246,121.298,ga_tcheby_proxy,mesh9,1,6,0,"[1-0-3-6]",3,62,4.80756,0.97,0.135135,3,0.5,225,22
247,122.243,ga_tcheby_proxy,mesh9,4,3,0,"[4-3]",1,22,1.61449,0.97,0.146667,1,0.5,226,22
248,123.227,ga_tcheby_proxy,mesh9,3,0,0,"[3-0]",1,20,1.59654,0.975,0.129252,1,0.5,227,22
249,123.527,ga_tcheby_proxy,mesh9,8,1,0,"[8-5-2-1]",3,62,4.80756,0.97,0.129252,3,0.5,228,22
250,124.035,ga_tcheby_proxy,mesh9,7,8,0,"[7-8]",1,22,1.61449,0.97,0.14094,1,0.5,229,22
251,124.225,ga_tcheby_proxy,mesh9,5,3,0,"[5-4-3]",2,44,3.22898,0.97,0.152318,2,0.5,230,22
252,124.408,ga_tcheby_proxy,mesh9,5,2,0,"[5-2]",1,20,1.59654,0.975,0.135135,1,0.5,231,22
253,125.033,ga_tcheby_proxy,mesh9,0,8,0,"[0-1-4-7-8]",4,84,6.42205,0.97,0.146667,4,0.5,232,22
254,125.348,ga_tcheby_proxy,mesh9,0,8,0,"[0-3-4-5-8]",4,84,6.42205,0.97,0.146667,4,0.5,233,22
255,126.566,ga_tcheby_proxy,mesh9,8,5,0,"[8-5]",1,20,1.59654,0.975,0.129252,1,0.5,234,22
256,127.073,ga_tcheby_proxy,mesh9,0,2,0,"[0-1-2]",2,44,3.22898,0.97,0.135135,2,0.5,235,22
257,127.304,ga_tcheby_proxy,mesh9,6,2,0,"[6-3-0-1-2]",4,84,6.42205,0.97,0.14094,4,0.5,236,22
258,128.828,ga_tcheby_proxy,mesh9,4,6,0,"[4-7-6]",2,42,3.21103,0.97,0.146667,2,0.5,237,22
259,129.162,ga_tcheby_proxy,mesh9,0,4,0,"[0-3-4]",2,42,3.21103,0.97,0.146667,2,0.5,238,22
260,129.22,ga_tcheby_proxy,mesh9,6,8,1,"[]",0,0,0,0,0,0,0.5,238,23
261,129.347,ga_tcheby_proxy,mesh9,4,5,0,"[4-5]",1,22,1.61449,0.97,0.14094,1,0.5,239,23
262,129.401,ga_tcheby_proxy,mesh9,5,4,1,"[]",0,0,0,0,0,0,0.5,239,24
263,129.636,ga_tcheby_proxy,mesh9,5,3,0,"[5-4-3]",2,44,3.22898,0.97,0.157895,2,0.5,240,24
264,129.801,ga_tcheby_proxy,mesh9,1,3,0,"[1-0-3]",2,42,3.21103,0.97,0.152318,2,0.5,241,24
265,130.63,ga_tcheby_proxy,mesh9,3,1,0,"[3-0-1]",2,42,3.21103,0.97,0.146667,2,0.5,242,24
266,130.787,ga_tcheby_proxy,mesh9,3,4,0,"[3-4]",1,22,1.61449,0.97,0.152318,1,0.5,243,24
267,131.163,ga_tcheby_proxy,mesh9,8,3,0,"[8-7-6-3]",3,64,4.82552,0.97,0.146667,3,0.5,244,24
268,131.482,ga_tcheby_proxy,mesh9,0,7,0,"[0-1-4-7]",3,62,4.80756,0.97,0.152318,3,0.5,245,24
269,131.812,ga_tcheby_proxy,mesh9,0,6,0,"[0-3-6]",2,40,3.19307,0.975,0.157895,2,0.5,246,24
270,134.248,ga_tcheby_proxy,mesh9,2,0,0,"[2-1-0]",2,44,3.22898,0.97,0.14094,2,0.5,247,24
271,135.011,ga_tcheby_proxy,mesh9,2,3,0,"[2-1-0-3]",3,64,4.82552,0.97,0.163399,3,0.5,248,24
272,135.179,ga_tcheby_proxy,mesh9,2,8,0,"[2-5-8]",2,40,3.19307,0.975,0.152318,2,0.5,249,24
273,135.27,ga_tcheby_proxy,mesh9,3,2,0,"[3-4-5-2]",3,64,4.82552,0.97,0.157895,3,0.5,250,24
274,135.306,ga_tcheby_proxy,mesh9,1,4,1,"[]",0,0,0,0,0,0,0.5,250,25
275,135.979,ga_tcheby_proxy,mesh9,8,3,0,"[8-7-6-3]",3,64,4.82552,0.97,0.152318,3,0.5,251,25
276,136.309,ga_tcheby_proxy,mesh9,4,5,0,"[4-5]",1,22,1.61449,0.97,0.152318,1,0.5,252,25
277,136.475,ga_tcheby_proxy,mesh9,2,3,0,"[2-1-4-3]",3,64,4.82552,0.97,0.163399,3,0.5,253,25
278,136.78,ga_tcheby_proxy,mesh9,2,6,0,"[2-5-8-7-6]",4,84,6.42205,0.97,0.157895,4,0.5,254,25
279,136.888,ga_tcheby_proxy,mesh9,0,1,0,"[0-1]",1,22,1.61449,0.97,0.157895,1,0.5,255,25
280,136.889,ga_tcheby_proxy,mesh9,5,4,0,"[5-4]",1,22,1.61808,0.967751,0.146667,1,0.5,256,25
281,137.034,ga_tcheby_proxy,mesh9,6,5,0,"[6-7-8-5]",3,64,4.82552,0.97,0.152318,3,0.5,257,25
282,140.792,ga_tcheby_proxy,mesh9,1,6,0,"[1-4-7-6]",3,62,4.80756,0.97,0.163399,3,0.5,258,25
283,140.877,ga_tcheby_proxy,mesh9,3,6,0,"[3-6]",1,20,1.59654,0.975,0.135135,1,0.5,259,25
284,141.633,ga_tcheby_proxy,mesh9,2,0,0,"[2-1-0]",2,44,3.22898,0.97,0.152318,2,0.5,260,25
285,141.942,ga_tcheby_proxy,mesh9,6,5,0,"[6-7-8-5]",3,64,4.82552,0.97,0.157895,3,0.5,261,25
286,142.887,ga_tcheby_proxy,mesh9,7,1,0,"[7-4-1]",2,40,3.19307,0.975,0.14094,2,0.5,262,25
287,143.702,ga_tcheby_proxy,mesh9,4,5,0,"[4-5]",1,22,1.61449,0.97,0.157895,1,0.5,263,25
288,144.576,ga_tcheby_proxy,mesh9,2,0,0,"[2-1-0]",2,44,3.22898,0.97,0.157895,2,0.5,264,25
289,145.033,ga_tcheby_proxy,mesh9,7,3,0,"[7-4-3]",2,42,3.21103,0.97,0.168831,2,0.5,265,25
290,145.267,ga_tcheby_proxy,mesh9,5,0,0,"[5-2-1-0]",3,64,4.82552,0.97,0.163399,3,0.5,266,25
291,145.328,ga_tcheby_proxy,mesh9,5,3,1,"[]",0,0,0,0,0,0,0.5,266,26
292,146.546,ga_tcheby_proxy,mesh9,8,4,0,"[8-7-4]",2,42,3.21103,0.97,0.146667,2,0.5,267,26
293,146.673,ga_tcheby_proxy,mesh9,6,3,0,"[6-3]",1,20,1.59654,0.975,0.129252,1,0.5,268,26
294,147.136,ga_tcheby_proxy,mesh9,3,6,0,"[3-6]",1,20,1.59654,0.975,0.14094,1,0.5,269,26
295,147.414,ga_tcheby_proxy,mesh9,5,8,0,"[5-8]",1,20,1.59654,0.975,0.163399,1,0.5,270,26
296,148.01,ga_tcheby_proxy,mesh9,7,2,0,"[7-4-1-2]",3,62,4.80756,0.97,0.146667,3,0.5,271,26
297,148.321,ga_tcheby_proxy,mesh9,1,3,0,"[1-0-3]",2,42,3.21103,0.97,0.168831,2,0.5,272,26
298,148.363,ga_tcheby_proxy,mesh9,0,4,1,"[]",0,0,0,0,0,0,0.5,272,27
299,148.491,ga_tcheby_proxy,mesh9,8,3,0,"[8-7-6-3]",3,64,4.82552,0.97,0.168831,3,0.5,273,27
300,148.803,ga_tcheby_proxy,mesh9,3,4,0,"[3-4]",1,22,1.61449,0.97,0.163399,1,0.5,274,27
301,149.81,ga_tcheby_proxy,mesh9,4,6,0,"[4-7-6]",2,42,3.21103,0.97,0.174194,2,0.5,275,27
302,150.568,ga_tcheby_proxy,mesh9,3,0,0,"[3-0]",1,20,1.59654,0.975,0.146667,1,0.5,276,27
303,151.047,ga_tcheby_proxy,mesh9,4,2,0,"[4-1-2]",2,42,3.21103,0.97,0.152318,2,0.5,277,27
304,151.271,ga_tcheby_proxy,mesh9,2,0,0,"[2-1-0]",2,44,3.22898,0.97,0.174194,2,0.5,278,27
305,152.184,ga_tcheby_proxy,mesh9,7,1,0,"[7-4-1]",2,40,3.19307,0.975,0.157895,2,0.5,279,27
306,152.413,ga_tcheby_proxy,mesh9,0,8,0,"[0-1-4-7-8]",4,84,6.42205,0.97,0.168831,4,0.5,280,27
307,152.784,ga_tcheby_proxy,mesh9,4,2,0,"[4-5-2]",2,42,3.21103,0.97,0.163399,2,0.5,281,27
308,153.003,ga_tcheby_proxy,mesh9,3,2,0,"[3-4-5-2]",3,64,4.82552,0.97,0.168831,3,0.5,282,27
309,153.385,ga_tcheby_proxy,mesh9,6,7,0,"[6-7]",1,22,1.61449,0.97,0.117241,1,0.5,283,27
310,154.589,ga_tcheby_proxy,mesh9,4,0,0,"[4-3-0]",2,42,3.21103,0.97,0.174194,2,0.5,284,27
311,154.776,ga_tcheby_proxy,mesh9,1,5,0,"[1-2-5]",2,42,3.21103,0.97,0.152318,2,0.5,285,27
312,155.592,ga_tcheby_proxy,mesh9,7,6,0,"[7-6]",1,22,1.61449,0.97,0.179487,1,0.5,286,27
313,155.669,ga_tcheby_proxy,mesh9,5,3,0,"[5-4-3]",2,44,3.22898,0.97,0.179487,2,0.5,287,27
314,156.092,ga_tcheby_proxy,mesh9,4,5,0,"[4-5]",1,22,1.61449,0.97,0.174194,1,0.5,288,27
315,157.38,ga_tcheby_proxy,mesh9,5,8,0,"[5-8]",1,20,1.59654,0.975,0.168831,1,0.5,289,27
316,157.389,ga_tcheby_proxy,mesh9,2,4,1,"[]",0,0,0,0,0,0,0.5,289,28
317,157.924,ga_tcheby_proxy,mesh9,2,4,0,"[2-5-4]",2,42,3.21103,0.97,0.157895,2,0.5,290,28
318,157.959,ga_tcheby_proxy,mesh9,8,2,1,"[]",0,0,0,0,0,0,0.5,290,29
319,158.725,ga_tcheby_proxy,mesh9,7,2,0,"[7-4-1-2]",3,62,4.80756,0.97,0.163399,3,0.5,291,29
320,159.058,ga_tcheby_proxy,mesh9,3,6,0,"[3-6]",1,20,1.59654,0.975,0.146667,1,0.5,292,29
321,160.642,ga_tcheby_proxy,mesh9,8,0,0,"[8-5-2-1-0]",4,84,6.42205,0.97,0.179487,4,0.5,293,29
322,160.697,ga_tcheby_proxy,mesh9,1,4,1,"[]",0,0,0,0,0,0,0.5,293,30
323,162.038,ga_tcheby_proxy,mesh9,4,8,0,"[4-7-8]",2,42,3.21103,0.97,0.174194,2,0.5,294,30
324,162.217,ga_tcheby_proxy,mesh9,6,0,0,"[6-3-0]",2,40,3.19307,0.975,0.157895,2,0.5,295,30
325,162.61,ga_tcheby_proxy,mesh9,5,3,0,"[5-4-3]",2,44,3.22898,0.97,0.184713,2,0.5,296,30
326,163.096,ga_tcheby_proxy,mesh9,3,4,0,"[3-4]",1,22,1.61449,0.97,0.174194,1,0.5,297,30
327,163.401,ga_tcheby_proxy,mesh9,2,0,0,"[2-1-0]",2,44,3.22898,0.97,0.184713,2,0.5,298,30
328,163.71,ga_tcheby_proxy,mesh9,6,1,0,"[6-3-0-1]",3,62,4.80756,0.97,0.168831,3,0.5,299,30
329,163.883,ga_tcheby_proxy,mesh9,1,6,0,"[1-4-7-6]",3,62,4.80756,0.97,0.184713,3,0.5,300,30
330,163.959,ga_tcheby_proxy,mesh9,7,2,0,"[7-4-1-2]",3,62,4.80756,0.97,0.168831,3,0.5,301,30
331,164.172,ga_tcheby_proxy,mesh9,7,4,0,"[7-4]",1,20,1.59654,0.975,0.146667,1,0.5,302,30
332,165.261,ga_tcheby_proxy,mesh9,5,6,0,"[5-8-7-6]",3,64,4.82552,0.97,0.189873,3,0.5,303,30
333,165.274,ga_tcheby_proxy,mesh9,2,8,1,"[]",0,0,0,0,0,0,0.5,303,31
334,165.597,ga_tcheby_proxy,mesh9,4,8,0,"[4-5-8]",2,42,3.21103,0.97,0.179487,2,0.5,304,31
335,166.344,ga_tcheby_proxy,mesh9,1,7,0,"[1-4-7]",2,40,3.19307,0.975,0.184713,2,0.5,305,31
336,167.321,ga_tcheby_proxy,mesh9,8,7,0,"[8-7]",1,22,1.61449,0.97,0.163399,1,0.5,306,31
337,168.585,ga_tcheby_proxy,mesh9,4,8,0,"[4-5-8]",2,42,3.21103,0.97,0.184713,2,0.5,307,31
338,168.988,ga_tcheby_proxy,mesh9,8,4,0,"[8-5-4]",2,42,3.21103,0.97,0.168831,2,0.5,308,31
339,169.168,ga_tcheby_proxy,mesh9,1,4,0,"[1-4]",1,20,1.59654,0.975,0.179487,1,0.5,309,31
340,169.778,ga_tcheby_proxy,mesh9,5,1,0,"[5-4-1]",2,42,3.21103,0.97,0.174194,2,0.5,310,31
341,170.247,ga_tcheby_proxy,mesh9,2,4,0,"[2-5-4]",2,42,3.21103,0.97,0.179487,2,0.5,311,31
342,170.52,ga_tcheby_proxy,mesh9,8,0,0,"[8-5-2-1-0]",4,84,6.42205,0.97,0.189873,4,0.5,312,31
343,172.429,ga_tcheby_proxy,mesh9,7,5,0,"[7-8-5]",2,42,3.21103,0.97,0.174194,2,0.5,313,31
344,172.525,ga_tcheby_proxy,mesh9,7,1,0,"[7-4-1]",2,40,3.19307,0.975,0.179487,2,0.5,314,31
345,173.661,ga_tcheby_proxy,mesh9,4,0,0,"[4-3-0]",2,42,3.21103,0.97,0.189873,2,0.5,315,31
346,173.793,ga_tcheby_proxy,mesh9,1,8,0,"[1-2-5-8]",3,62,4.80756,0.97,0.189873,3,0.5,316,31
347,175.086,ga_tcheby_proxy,mesh9,2,1,0,"[2-1]",1,22,1.61449,0.97,0.189873,1,0.5,317,31
348,175.152,ga_tcheby_proxy,mesh9,8,3,0,"[8-7-6-3]",3,64,4.91217,0.938313,0.194969,3,0.5,318,31
349,175.333,ga_tcheby_proxy,mesh9,8,0,0,"[8-5-4-1-0]",4,84,6.42205,0.97,0.194969,4,0.5,319,31
350,175.958,ga_tcheby_proxy,mesh9,1,3,0,"[1-4-3]",2,42,3.21103,0.97,0.194969,2,0.5,320,31
351,177.591,ga_tcheby_proxy,mesh9,3,7,0,"[3-6-7]",2,42,3.21103,0.97,0.152318,2,0.5,321,31
352,177.77,ga_tcheby_proxy,mesh9,4,1,0,"[4-1]",1,20,1.59654,0.975,0.189873,1,0.5,322,31
353,178.668,ga_tcheby_proxy,mesh9,8,0,0,"[8-7-4-1-0]",4,84,6.42205,0.97,0.2,4,0.5,323,31
354,178.698,ga_tcheby_proxy,mesh9,7,2,1,"[]",0,0,0,0,0,0,0.5,323,32
355,178.85,ga_tcheby_proxy,mesh9,5,0,0,"[5-4-3-0]",3,64,4.82552,0.97,0.2,3,0.5,324,32
356,179.321,ga_tcheby_proxy,mesh9,1,0,0,"[1-0]",1,22,1.61449,0.97,0.204969,1,0.5,325,32
357,179.939,ga_tcheby_proxy,mesh9,6,4,0,"[6-7-4]",2,42,3.21103,0.97,0.163399,2,0.5,326,32
358,179.956,ga_tcheby_proxy,mesh9,7,0,1,"[]",0,0,0,0,0,0,0.5,326,33
359,180.132,ga_tcheby_proxy,mesh9,4,0,0,"[4-3-0]",2,42,3.21103,0.97,0.204969,2,0.5,327,33
360,180.479,ga_tcheby_proxy,mesh9,6,8,0,"[6-7-8]",2,44,3.22898,0.97,0.179487,2,0.5,328,33
361,180.765,ga_tcheby_proxy,mesh9,5,8,0,"[5-8]",1,20,1.59654,0.975,0.194969,1,0.5,329,33
362,181.269,ga_tcheby_proxy,mesh9,4,0,0,"[4-3-0]",2,42,3.21103,0.97,0.209877,2,0.5,330,33
363,181.295,ga_tcheby_proxy,mesh9,6,5,1,"[]",0,0,0,0,0,0,0.5,330,34
364,181.56,ga_tcheby_proxy,mesh9,8,2,0,"[8-5-2]",2,40,3.19307,0.975,0.174194,2,0.5,331,34
365,182.554,ga_tcheby_proxy,mesh9,7,5,0,"[7-8-5]",2,42,3.21103,0.97,0.184713,2,0.5,332,34
366,185.09,ga_tcheby_proxy,mesh9,1,8,0,"[1-4-7-8]",3,62,4.80756,0.97,0.189873,3,0.5,333,34
367,185.667,ga_tcheby_proxy,mesh9,1,3,0,"[1-0-3]",2,42,3.21103,0.97,0.209877,2,0.5,334,34
368,186.041,ga_tcheby_proxy,mesh9,4,8,0,"[4-7-8]",2,42,3.21103,0.97,0.194969,2,0.5,335,34
369,186.338,ga_tcheby_proxy,mesh9,7,8,0,"[7-8]",1,22,1.61449,0.97,0.2,1,0.5,336,34
370,186.696,ga_tcheby_proxy,mesh9,0,1,0,"[0-1]",1,22,1.61449,0.97,0.174194,1,0.5,337,34
371,186.934,ga_tcheby_proxy,mesh9,0,8,0,"[0-1-4-5-8]",4,84,6.42205,0.97,0.2,4,0.5,338,34
372,188.958,ga_tcheby_proxy,mesh9,7,3,0,"[7-6-3]",2,42,3.21103,0.97,0.2,2,0.5,339,34
373,189.077,ga_tcheby_proxy,mesh9,3,6,0,"[3-6]",1,20,1.59654,0.975,0.157895,1,0.5,340,34
374,189.548,ga_tcheby_proxy,mesh9,2,6,0,"[2-5-4-7-6]",4,84,6.42205,0.97,0.204969,4,0.5,341,34
375,191.16,ga_tcheby_proxy,mesh9,6,7,0,"[6-7]",1,22,1.61449,0.97,0.14094,1,0.5,342,34
376,191.511,ga_tcheby_proxy,mesh9,0,3,0,"[0-3]",1,20,1.59654,0.975,0.179487,1,0.5,343,34
377,191.704,ga_tcheby_proxy,mesh9,2,7,0,"[2-5-8-7]",3,62,4.80756,0.97,0.204969,3,0.5,344,34
378,192.618,ga_tcheby_proxy,mesh9,4,6,0,"[4-7-6]",2,42,3.21103,0.97,0.209877,2,0.5,345,34
379,193.217,ga_tcheby_proxy,mesh9,4,8,0,"[4-7-8]",2,42,3.21103,0.97,0.209877,2,0.5,346,34
380,193.721,ga_tcheby_proxy,mesh9,5,6,0,"[5-8-7-6]",3,64,4.82552,0.97,0.214724,3,0.5,347,34
381,193.986,ga_tcheby_proxy,mesh9,8,4,0,"[8-7-4]",2,42,3.21103,0.97,0.189873,2,0.5,348,34
382,194.569,ga_tcheby_proxy,mesh9,3,8,0,"[3-6-7-8]",3,64,4.82552,0.97,0.209877,3,0.5,349,34
383,194.79,ga_tcheby_proxy,mesh9,6,2,0,"[6-3-0-1-2]",4,84,6.42205,0.97,0.189873,4,0.5,350,34
384,195.099,ga_tcheby_proxy,mesh9,1,5,0,"[1-2-5]",2,42,3.21103,0.97,0.184713,2,0.5,351,34
385,195.402,ga_tcheby_proxy,mesh9,4,1,0,"[4-1]",1,20,1.59654,0.975,0.2,1,0.5,352,34
386,196.128,ga_tcheby_proxy,mesh9,5,0,0,"[5-2-1-0]",3,64,4.82552,0.97,0.214724,3,0.5,353,34
387,196.464,ga_tcheby_proxy,mesh9,2,1,0,"[2-1]",1,22,1.61449,0.97,0.2,1,0.5,354,34
388,196.915,ga_tcheby_proxy,mesh9,7,5,0,"[7-4-5]",2,42,3.21103,0.97,0.194969,2,0.5,355,34
389,197.296,ga_tcheby_proxy,mesh9,2,8,0,"[2-5-8]",2,40,3.19307,0.975,0.214724,2,0.5,356,34
390,197.434,ga_tcheby_proxy,mesh9,4,0,0,"[4-3-0]",2,42,3.21103,0.97,0.214724,2,0.5,357,34
391,197.45,ga_tcheby_proxy,mesh9,8,1,1,"[]",0,0,0,0,0,0,0.5,357,35
392,198.05,ga_tcheby_proxy,mesh9,7,4,0,"[7-4]",1,20,1.59654,0.975,0.179487,1,0.5,358,35
393,198.574,ga_tcheby_proxy,mesh9,7,0,0,"[7-4-1-0]",3,62,4.80756,0.97,0.219512,3,0.5,359,35
394,198.73,ga_tcheby_proxy,mesh9,4,0,0,"[4-3-0]",2,42,3.21103,0.97,0.219512,2,0.5,360,35
395,198.899,ga_tcheby_proxy,mesh9,7,4,0,"[7-4]",1,20,1.59654,0.975,0.189873,1,0.5,361,35
396,199.777,ga_tcheby_proxy,mesh9,3,5,0,"[3-4-5]",2,44,3.22898,0.97,0.2,2,0.5,362,35
397,200.843,ga_tcheby_proxy,mesh9,1,2,0,"[1-2]",1,22,1.61449,0.97,0.146667,1,0.5,363,35
398,201.889,ga_tcheby_proxy,mesh9,4,0,0,"[4-1-0]",2,42,3.21103,0.97,0.224242,2,0.5,364,35
399,202.597,ga_tcheby_proxy,mesh9,0,7,0,"[0-3-6-7]",3,62,4.80756,0.97,0.184713,3,0.5,365,35
400,202.762,ga_tcheby_proxy,mesh9,0,2,0,"[0-1-2]",2,44,3.22898,0.97,0.189873,2,0.5,366,35
401,203.115,ga_tcheby_proxy,mesh9,2,7,0,"[2-5-4-7]",3,62,4.80756,0.97,0.214724,3,0.5,367,35
402,204.743,ga_tcheby_proxy,mesh9,5,8,0,"[5-8]",1,20,1.59654,0.975,0.219512,1,0.5,368,35
403,205.1,ga_tcheby_proxy,mesh9,7,2,0,"[7-4-5-2]",3,62,4.80756,0.97,0.204969,3,0.5,369,35
404,205.956,ga_tcheby_proxy,mesh9,2,7,0,"[2-1-4-7]",3,62,4.80756,0.97,0.219512,3,0.5,370,35
405,206.364,ga_tcheby_proxy,mesh9,2,3,0,"[2-5-4-3]",3,64,4.82552,0.97,0.224242,3,0.5,371,35
406,207.478,ga_tcheby_proxy,mesh9,8,5,0,"[8-5]",1,20,1.59654,0.975,0.184713,1,0.5,372,35
407,207.484,ga_tcheby_proxy,mesh9,3,6,1,"[]",0,0,0,0,0,0,0.5,372,36
408,207.788,ga_tcheby_proxy,mesh9,7,0,0,"[7-6-3-0]",3,62,4.80756,0.97,0.219512,3,0.5,373,36
409,208.665,ga_tcheby_proxy,mesh9,1,0,0,"[1-0]",1,22,1.61449,0.97,0.228916,1,0.5,374,36
410,208.778,ga_tcheby_proxy,mesh9,0,8,0,"[0-3-6-7-8]",4,84,6.42205,0.97,0.214724,4,0.5,375,36
411,208.952,ga_tcheby_proxy,mesh9,4,3,0,"[4-3]",1,22,1.61449,0.97,0.228916,1,0.5,376,36
412,209.146,ga_tcheby_proxy,mesh9,0,4,0,"[0-3-4]",2,42,3.21103,0.97,0.194969,2,0.5,377,36
413,209.312,ga_tcheby_proxy,mesh9,1,7,0,"[1-4-7]",2,40,3.19307,0.975,0.224242,2,0.5,378,36
414,210.149,ga_tcheby_proxy,mesh9,4,3,0,"[4-3]",1,22,1.61449,0.97,0.233533,1,0.5,379,36
415,210.283,ga_tcheby_proxy,mesh9,5,6,0,"[5-8-7-6]",3,64,4.82552,0.97,0.224242,3,0.5,380,36
416,210.64,ga_tcheby_proxy,mesh9,3,7,0,"[3-6-7]",2,42,3.21103,0.97,0.179487,2,0.5,381,36
417,211.121,ga_tcheby_proxy,mesh9,7,8,0,"[7-8]",1,22,1.61449,0.97,0.219512,1,0.5,382,36
418,212.117,ga_tcheby_proxy,mesh9,1,3,0,"[1-0-3]",2,42,3.21103,0.97,0.233533,2,0.5,383,36
419,212.849,ga_tcheby_proxy,mesh9,3,5,0,"[3-4-5]",2,44,3.22898,0.97,0.209877,2,0.5,384,36
420,212.853,ga_tcheby_proxy,mesh9,7,3,0,"[7-6-3]",2,42,3.42289,0.906716,0.233129,2,0.5,385,36
421,213.144,ga_tcheby_proxy,mesh9,3,5,0,"[3-4-5]",2,44,3.22898,0.97,0.214724,2,0.5,386,36
422,213.242,ga_tcheby_proxy,mesh9,2,6,0,"[2-1-4-7-6]",4,84,6.42205,0.97,0.233533,4,0.5,387,36
423,213.654,ga_tcheby_proxy,mesh9,6,5,0,"[6-3-4-5]",3,64,4.82552,0.97,0.219512,3,0.5,388,36
424,214.076,ga_tcheby_proxy,mesh9,6,1,0,"[6-3-0-1]",3,62,4.80756,0.97,0.209877,3,0.5,389,36
425,215.461,ga_tcheby_proxy,mesh9,6,3,0,"[6-3]",1,20,1.59654,0.975,0.189873,1,0.5,390,36
426,215.582,ga_tcheby_proxy,mesh9,8,6,0,"[8-7-6]",2,44,3.22898,0.97,0.238095,2,0.5,391,36
427,215.662,ga_tcheby_proxy,mesh9,0,6,0,"[0-3-6]",2,40,3.19307,0.975,0.204969,2,0.5,392,36
428,216.067,ga_tcheby_proxy,mesh9,4,0,0,"[4-3-0]",2,42,3.21103,0.97,0.238095,2,0.5,393,36
429,216.682,ga_tcheby_proxy,mesh9,4,8,0,"[4-5-8]",2,42,3.21103,0.97,0.228916,2,0.5,394,36
430,218.493,ga_tcheby_proxy,mesh9,8,2,0,"[8-5-2]",2,40,3.19307,0.975,0.189873,2,0.5,395,36
431,218.752,ga_tcheby_proxy,mesh9,7,2,0,"[7-4-1-2]",3,62,4.80756,0.97,0.214724,3,0.5,396,36
432,219.038,ga_tcheby_proxy,mesh9,1,6,0,"[1-0-3-6]",3,62,4.80756,0.97,0.238095,3,0.5,397,36
433,219.393,ga_tcheby_proxy,mesh9,6,5,0,"[6-7-8-5]",3,64,4.82552,0.97,0.224242,3,0.5,398,36
434,219.57,ga_tcheby_proxy,mesh9,8,4,0,"[8-7-4]",2,42,3.21103,0.97,0.204969,2,0.5,399,36
435,219.789,ga_tcheby_proxy,mesh9,1,0,0,"[1-0]",1,22,1.61449,0.97,0.242604,1,0.5,400,36
436,221.059,ga_tcheby_proxy,mesh9,8,3,0,"[8-7-6-3]",3,64,4.82552,0.97,0.242604,3,0.5,401,36
437,221.547,ga_tcheby_proxy,mesh9,1,6,0,"[1-4-3-6]",3,62,4.80756,0.97,0.242604,3,0.5,402,36
438,221.692,ga_tcheby_proxy,mesh9,0,6,0,"[0-3-6]",2,40,3.19307,0.975,0.214724,2,0.5,403,36
439,221.71,ga_tcheby_proxy,mesh9,0,1,1,"[]",0,0,0,0,0,0,0.5,403,37
440,221.769,ga_tcheby_proxy,mesh9,5,2,1,"[]",0,0,0,0,0,0,0.5,403,38
441,222.477,ga_tcheby_proxy,mesh9,2,8,0,"[2-5-8]",2,40,3.19307,0.975,0.233533,2,0.5,404,38
442,222.49,ga_tcheby_proxy,mesh9,8,6,1,"[]",0,0,0,0,0,0,0.5,404,39
443,222.569,ga_tcheby_proxy,mesh9,7,3,0,"[7-6-3]",2,42,3.21103,0.97,0.247059,2,0.5,405,39
444,223.662,ga_tcheby_proxy,mesh9,1,2,0,"[1-2]",1,22,1.61449,0.97,0.163399,1,0.5,406,39
445,224.095,ga_tcheby_proxy,mesh9,8,6,0,"[8-7-6]",2,44,3.22898,0.97,0.251462,2,0.5,407,39
446,225.067,ga_tcheby_proxy,mesh9,2,8,0,"[2-5-8]",2,40,3.19307,0.975,0.238095,2,0.5,408,39
447,225.304,ga_tcheby_proxy,mesh9,7,4,0,"[7-4]",1,20,1.59654,0.975,0.209877,1,0.5,409,39
448,226.534,ga_tcheby_proxy,mesh9,8,7,0,"[8-7]",1,22,1.61449,0.97,0.219512,1,0.5,410,39
449,227.164,ga_tcheby_proxy,mesh9,4,5,0,"[4-5]",1,22,1.61449,0.97,0.228916,1,0.5,411,39
450,227.461,ga_tcheby_proxy,mesh9,4,3,0,"[4-3]",1,22,1.61449,0.97,0.247059,1,0.5,412,39
451,229.107,ga_tcheby_proxy,mesh9,6,8,0,"[6-7-8]",2,44,3.22898,0.97,0.228916,2,0.5,413,39
452,229.111,ga_tcheby_proxy,mesh9,6,1,0,"[6-3-4-1]",3,62,5.11345,0.911324,0.223602,3,0.5,414,39
453,230.007,ga_tcheby_proxy,mesh9,1,3,0,"[1-0-3]",2,42,3.21103,0.97,0.247059,2,0.5,415,39
454,230.252,ga_tcheby_proxy,mesh9,7,1,0,"[7-4-1]",2,40,3.19307,0.975,0.224242,2,0.5,416,39
455,230.483,ga_tcheby_proxy,mesh9,4,3,0,"[4-3]",1,22,1.61449,0.97,0.251462,1,0.5,417,39
456,230.816,ga_tcheby_proxy,mesh9,0,6,0,"[0-3-6]",2,40,3.19307,0.975,0.224242,2,0.5,418,39
457,231.73,ga_tcheby_proxy,mesh9,3,8,0,"[3-4-7-8]",3,64,4.82552,0.97,0.233533,3,0.5,419,39
458,232.112,ga_tcheby_proxy,mesh9,3,1,0,"[3-0-1]",2,42,3.21103,0.97,0.219512,2,0.5,420,39
459,232.218,ga_tcheby_proxy,mesh9,4,7,0,"[4-7]",1,20,1.59654,0.975,0.238095,1,0.5,421,39
460,232.34,ga_tcheby_proxy,mesh9,8,0,0,"[8-7-4-1-0]",4,84,6.42205,0.97,0.251462,4,0.5,422,39
461,233.054,ga_tcheby_proxy,mesh9,5,0,0,"[5-4-3-0]",3,64,4.82552,0.97,0.255814,3,0.5,423,39
462,233.426,ga_tcheby_proxy,mesh9,8,3,0,"[8-7-6-3]",3,64,4.82552,0.97,0.255814,3,0.5,424,39
463,233.585,ga_tcheby_proxy,mesh9,2,7,0,"[2-5-4-7]",3,62,4.80756,0.97,0.242604,3,0.5,425,39
464,234.827,ga_tcheby_proxy,mesh9,6,2,0,"[6-3-0-1-2]",4,84,6.42205,0.97,0.228916,4,0.5,426,39
465,235.993,ga_tcheby_proxy,mesh9,2,1,0,"[2-1]",1,22,1.61449,0.97,0.214724,1,0.5,427,39
466,236.855,ga_tcheby_proxy,mesh9,8,0,0,"[8-7-4-1-0]",4,84,6.42205,0.97,0.255814,4,0.5,428,39
467,237.194,ga_tcheby_proxy,mesh9,2,0,0,"[2-1-0]",2,44,3.22898,0.97,0.260116,2,0.5,429,39
468,238.703,ga_tcheby_proxy,mesh9,4,7,0,"[4-7]",1,20,1.59654,0.975,0.247059,1,0.5,430,39
469,241.314,ga_tcheby_proxy,mesh9,7,8,0,"[7-8]",1,22,1.61449,0.97,0.238095,1,0.5,431,39
470,241.449,ga_tcheby_proxy,mesh9,5,0,0,"[5-4-3-0]",3,64,4.82552,0.97,0.260116,3,0.5,432,39
471,241.648,ga_tcheby_proxy,mesh9,2,5,0,"[2-5]",1,20,1.59654,0.975,0.219512,1,0.5,433,39
472,242.513,ga_tcheby_proxy,mesh9,5,3,0,"[5-4-3]",2,44,3.22898,0.97,0.264368,2,0.5,434,39
473,243.943,ga_tcheby_proxy,mesh9,1,0,0,"[1-0]",1,22,1.61449,0.97,0.264368,1,0.5,435,39
474,245.306,ga_tcheby_proxy,mesh9,7,6,0,"[7-6]",1,22,1.61449,0.97,0.260116,1,0.5,436,39
475,246.769,ga_tcheby_proxy,mesh9,2,0,0,"[2-1-0]",2,44,3.22898,0.97,0.268571,2,0.5,437,39
476,247.804,ga_tcheby_proxy,mesh9,0,8,0,"[0-3-6-7-8]",4,84,6.42205,0.97,0.242604,4,0.5,438,39
477,248.182,ga_tcheby_proxy,mesh9,4,1,0,"[4-1]",1,20,1.59654,0.975,0.238095,1,0.5,439,39
478,248.688,ga_tcheby_proxy,mesh9,6,3,0,"[6-3]",1,20,1.59654,0.975,0.219512,1,0.5,440,39
479,249.387,ga_tcheby_proxy,mesh9,1,6,0,"[1-4-7-6]",3,62,4.80756,0.97,0.264368,3,0.5,441,39
480,249.555,ga_tcheby_proxy,mesh9,6,3,0,"[6-3]",1,20,1.59654,0.975,0.224242,1,0.5,442,39
481,250.111,ga_tcheby_proxy,mesh9,7,6,0,"[7-6]",1,22,1.61449,0.97,0.268571,1,0.5,443,39
482,250.12,ga_tcheby_proxy,mesh9,4,3,1,"[]",0,0,0,0,0,0,0.5,443,40
483,251.291,ga_tcheby_proxy,mesh9,3,5,0,"[3-4-5]",2,44,3.22898,0.97,0.233533,2,0.5,444,40
484,251.422,ga_tcheby_proxy,mesh9,4,5,0,"[4-5]",1,22,1.61449,0.97,0.238095,1,0.5,445,40
485,251.428,ga_tcheby_proxy,mesh9,4,0,1,"[]",0,0,0,0,0,0,0.5,445,41
486,251.527,ga_tcheby_proxy,mesh9,0,5,0,"[0-1-2-5]",3,64,4.82552,0.97,0.224242,3,0.5,446,41
487,251.591,ga_tcheby_proxy,mesh9,7,6,0,"[7-4-3-6]",3,62,5.00879,0.906877,0.268571,3,0.5,447,41
488,251.682,ga_tcheby_proxy,mesh9,4,3,0,"[4-3]",1,22,1.61449,0.97,0.272727,1,0.5,448,41
489,251.978,ga_tcheby_proxy,mesh9,2,6,0,"[2-1-4-7-6]",4,84,6.42205,0.97,0.272727,4,0.5,449,41
490,252.138,ga_tcheby_proxy,mesh9,2,5,0,"[2-5]",1,20,1.59654,0.975,0.228916,1,0.5,450,41
491,252.788,ga_tcheby_proxy,mesh9,6,1,0,"[6-3-0-1]",3,62,4.80756,0.97,0.238095,3,0.5,451,41
492,253.153,ga_tcheby_proxy,mesh9,8,4,0,"[8-5-4]",2,42,3.21103,0.97,0.228916,2,0.5,452,41
493,253.603,ga_tcheby_proxy,mesh9,2,3,0,"[2-1-0-3]",3,64,4.82552,0.97,0.272727,3,0.5,453,41
494,253.722,ga_tcheby_proxy,mesh9,4,0,0,"[4-1-0]",2,42,3.21103,0.97,0.276836,2,0.5,454,41
495,255.071,ga_tcheby_proxy,mesh9,1,0,0,"[1-0]",1,22,1.61449,0.97,0.280899,1,0.5,455,41
496,255.561,ga_tcheby_proxy,mesh9,8,7,0,"[8-7]",1,22,1.61449,0.97,0.238095,1,0.5,456,41
497,255.763,ga_tcheby_proxy,mesh9,3,7,0,"[3-6-7]",2,42,3.21103,0.97,0.219512,2,0.5,457,41
498,256.064,ga_tcheby_proxy,mesh9,7,3,0,"[7-4-3]",2,42,3.21103,0.97,0.276836,2,0.5,458,41
499,256.722,ga_tcheby_proxy,mesh9,4,0,0,"[4-3-0]",2,42,3.21103,0.97,0.280899,2,0.5,459,41
500,256.753,ga_tcheby_proxy,mesh9,1,0,1,"[]",0,0,0,0,0,0,0.5,459,42
501,257.974,ga_tcheby_proxy,mesh9,4,5,0,"[4-5]",1,22,1.61449,0.97,0.242604,1,0.5,460,42
502,258.018,ga_tcheby_proxy,mesh9,1,7,1,"[]",0,0,0,0,0,0,0.5,460,43
503,258.68,ga_tcheby_proxy,mesh9,0,5,0,"[0-1-2-5]",3,64,4.82552,0.97,0.233533,3,0.5,461,43
504,258.735,ga_tcheby_proxy,mesh9,7,3,1,"[]",0,0,0,0,0,0,0.5,461,44
505,258.756,ga_tcheby_proxy,mesh9,1,8,1,"[]",0,0,0,0,0,0,0.5,461,45
506,258.882,ga_tcheby_proxy,mesh9,4,7,0,"[4-7]",1,20,1.59654,0.975,0.260116,1,0.5,462,45
507,260.012,ga_tcheby_proxy,mesh9,1,2,0,"[1-2]",1,22,1.61449,0.97,0.184713,1,0.5,463,45
508,262.139,ga_tcheby_proxy,mesh9,6,0,0,"[6-3-0]",2,40,3.19307,0.975,0.247059,2,0.5,464,45
509,262.556,ga_tcheby_proxy,mesh9,5,4,0,"[5-4]",1,22,1.61449,0.97,0.233533,1,0.5,465,45
510,262.672,ga_tcheby_proxy,mesh9,0,4,0,"[0-1-4]",2,42,3.21103,0.97,0.228916,2,0.5,466,45
511,262.884,ga_tcheby_proxy,mesh9,7,8,0,"[7-8]",1,22,1.61449,0.97,0.247059,1,0.5,467,45
512,263.276,ga_tcheby_proxy,mesh9,8,3,0,"[8-7-6-3]",3,64,4.82552,0.97,0.276836,3,0.5,468,45
513,263.707,ga_tcheby_proxy,mesh9,4,7,0,"[4-7]",1,20,1.59654,0.975,0.264368,1,0.5,469,45
514,264.027,ga_tcheby_proxy,mesh9,4,1,0,"[4-1]",1,20,1.59654,0.975,0.247059,1,0.5,470,45
515,266.047,ga_tcheby_proxy,mesh9,2,5,0,"[2-5]",1,20,1.59654,0.975,0.238095,1,0.5,471,45
516,266.473,ga_tcheby_proxy,mesh9,4,1,0,"[4-1]",1,20,1.59654,0.975,0.251462,1,0.5,472,45
517,266.712,ga_tcheby_proxy,mesh9,1,5,0,"[1-2-5]",2,42,3.21103,0.97,0.242604,2,0.5,473,45
518,267.192,ga_tcheby_proxy,mesh9,5,4,0,"[5-4]",1,22,1.61449,0.97,0.238095,1,0.5,474,45
519,267.433,ga_tcheby_proxy,mesh9,8,3,0,"[8-7-6-3]",3,64,4.82552,0.97,0.280899,3,0.5,475,45
520,267.638,ga_tcheby_proxy,mesh9,3,0,0,"[3-0]",1,20,1.59654,0.975,0.251462,1,0.5,476,45
521,267.862,ga_tcheby_proxy,mesh9,2,1,0,"[2-1]",1,22,1.61449,0.97,0.238095,1,0.5,477,45
522,268.191,ga_tcheby_proxy,mesh9,6,0,0,"[6-3-0]",2,40,3.19307,0.975,0.255814,2,0.5,478,45
523,268.517,ga_tcheby_proxy,mesh9,1,0,0,"[1-0]",1,22,1.61449,0.97,0.284916,1,0.5,479,45
524,268.918,ga_tcheby_proxy,mesh9,1,5,0,"[1-4-5]",2,42,3.21103,0.97,0.247059,2,0.5,480,45
525,269.258,ga_tcheby_proxy,mesh9,8,2,0,"[8-5-2]",2,40,3.19307,0.975,0.204969,2,0.5,481,45
526,269.54,ga_tcheby_proxy,mesh9,7,4,0,"[7-4]",1,20,1.59654,0.975,0.238095,1,0.5,482,45
527,270.552,ga_tcheby_proxy,mesh9,5,1,0,"[5-2-1]",2,42,3.21103,0.97,0.242604,2,0.5,483,45
528,270.883,ga_tcheby_proxy,mesh9,6,7,0,"[6-7]",1,22,1.61449,0.97,0.189873,1,0.5,484,45
529,271.26,ga_tcheby_proxy,mesh9,6,0,0,"[6-3-0]",2,40,3.19307,0.975,0.260116,2,0.5,485,45
530,271.804,ga_tcheby_proxy,mesh9,5,3,0,"[5-4-3]",2,44,3.22898,0.97,0.284916,2,0.5,486,45
531,272.611,ga_tcheby_proxy,mesh9,2,4,0,"[2-5-4]",2,42,3.21103,0.97,0.247059,2,0.5,487,45
532,272.621,ga_tcheby_proxy,mesh9,5,1,1,"[]",0,0,0,0,0,0,0.5,487,46
533,273.693,ga_tcheby_proxy,mesh9,6,4,0,"[6-7-4]",2,42,3.21103,0.97,0.242604,2,0.5,488,46
534,274.25,ga_tcheby_proxy,mesh9,4,3,0,"[4-3]",1,22,1.61449,0.97,0.288889,1,0.5,489,46
535,274.485,ga_tcheby_proxy,mesh9,6,5,0,"[6-7-4-5]",3,64,4.82552,0.97,0.251462,3,0.5,490,46
536,274.924,ga_tcheby_proxy,mesh9,6,8,0,"[6-7-8]",2,44,3.22898,0.97,0.251462,2,0.5,491,46
537,275.607,ga_tcheby_proxy,mesh9,7,1,0,"[7-4-1]",2,40,3.19307,0.975,0.255814,2,0.5,492,46
538,276.653,ga_tcheby_proxy,mesh9,0,3,0,"[0-3]",1,20,1.59654,0.975,0.238095,1,0.5,493,46
539,276.829,ga_tcheby_proxy,mesh9,6,5,0,"[6-3-4-5]",3,64,4.82552,0.97,0.255814,3,0.5,494,46
540,277.684,ga_tcheby_proxy,mesh9,0,1,0,"[0-1]",1,22,1.61449,0.97,0.228916,1,0.5,495,46
541,278.352,ga_tcheby_proxy,mesh9,1,2,0,"[1-2]",1,22,1.61449,0.97,0.194969,1,0.5,496,46
542,278.514,ga_tcheby_proxy,mesh9,4,6,0,"[4-7-6]",2,42,3.21103,0.97,0.284916,2,0.5,497,46
543,279.406,ga_tcheby_proxy,mesh9,8,5,0,"[8-5]",1,20,1.59654,0.975,0.209877,1,0.5,498,46
544,279.448,ga_tcheby_proxy,mesh9,2,3,1,"[]",0,0,0,0,0,0,0.5,498,47
545,280.153,ga_tcheby_proxy,mesh9,3,4,0,"[3-4]",1,22,1.61449,0.97,0.224242,1,0.5,499,47
546,280.453,ga_tcheby_proxy,mesh9,0,1,0,"[0-1]",1,22,1.61449,0.97,0.233533,1,0.5,500,47
547,281.134,ga_tcheby_proxy,mesh9,0,5,0,"[0-1-2-5]",3,64,4.82552,0.97,0.251462,3,0.5,501,47
548,281.806,ga_tcheby_proxy,mesh9,1,8,0,"[1-2-5-8]",3,62,4.80756,0.97,0.255814,3,0.5,502,47
549,283.084,ga_tcheby_proxy,mesh9,7,3,0,"[7-6-3]",2,42,3.21103,0.97,0.288889,2,0.5,503,47
550,284.289,ga_tcheby_proxy,mesh9,5,8,0,"[5-8]",1,20,1.59654,0.975,0.247059,1,0.5,504,47
551,285.875,ga_tcheby_proxy,mesh9,8,7,0,"[8-7]",1,22,1.61449,0.97,0.251462,1,0.5,505,47
552,285.995,ga_tcheby_proxy,mesh9,0,6,0,"[0-3-6]",2,40,3.19307,0.975,0.242604,2,0.5,506,47
553,286.667,ga_tcheby_proxy,mesh9,3,5,0,"[3-4-5]",2,44,3.22898,0.97,0.260116,2,0.5,507,47
554,287.507,ga_tcheby_proxy,mesh9,4,5,0,"[4-5]",1,22,1.61449,0.97,0.264368,1,0.5,508,47
555,288.202,ga_tcheby_proxy,mesh9,8,0,0,"[8-7-4-1-0]",4,84,6.42205,0.97,0.288889,4,0.5,509,47
556,288.981,ga_tcheby_proxy,mesh9,2,6,0,"[2-1-4-7-6]",4,84,6.42205,0.97,0.292818,4,0.5,510,47
557,290.174,ga_tcheby_proxy,mesh9,1,3,0,"[1-4-3]",2,42,3.21103,0.97,0.292818,2,0.5,511,47
558,290.409,ga_tcheby_proxy,mesh9,7,0,0,"[7-4-1-0]",3,62,4.80756,0.97,0.292818,3,0.5,512,47
559,291.601,ga_tcheby_proxy,mesh9,1,4,0,"[1-4]",1,20,1.59654,0.975,0.247059,1,0.5,513,47
560,293.399,ga_tcheby_proxy,mesh9,0,8,0,"[0-3-6-7-8]",4,84,6.42205,0.97,0.255814,4,0.5,514,47
561,293.618,ga_tcheby_proxy,mesh9,1,7,0,"[1-4-7]",2,40,3.19307,0.975,0.276836,2,0.5,515,47
562,294.8,ga_tcheby_proxy,mesh9,0,8,0,"[0-3-6-7-8]",4,84,6.42205,0.97,0.260116,4,0.5,516,47
563,294.818,ga_tcheby_proxy,mesh9,5,6,1,"[]",0,0,0,0,0,0,0.5,516,48
564,295.374,ga_tcheby_proxy,mesh9,4,3,0,"[4-3]",1,22,1.61449,0.97,0.296703,1,0.5,517,48
565,296.049,ga_tcheby_proxy,mesh9,2,0,0,"[2-1-0]",2,44,3.22898,0.97,0.296703,2,0.5,518,48
566,297.759,ga_tcheby_proxy,mesh9,6,5,0,"[6-7-8-5]",3,64,4.82552,0.97,0.264368,3,0.5,519,48
567,298.48,ga_tcheby_proxy,mesh9,6,0,0,"[6-3-0]",2,40,3.19307,0.975,0.264368,2,0.5,520,48
568,298.868,ga_tcheby_proxy,mesh9,1,4,0,"[1-4]",1,20,1.59654,0.975,0.255814,1,0.5,521,48
569,298.933,ga_tcheby_proxy,mesh9,5,2,1,"[]",0,0,0,0,0,0,0.5,521,49
570,299.296,ga_tcheby_proxy,mesh9,6,4,0,"[6-7-4]",2,42,3.21103,0.97,0.264368,2,0.5,522,49
571,299.379,ga_tcheby_proxy,mesh9,1,4,0,"[1-4]",1,20,1.59654,0.975,0.260116,1,0.5,523,49
572,299.873,ga_tcheby_proxy,mesh9,7,6,0,"[7-6]",1,22,1.61449,0.97,0.296703,1,0.5,524,49
573,299.897,ga_tcheby_proxy,mesh9,5,8,1,"[]",0,0,0,0,0,0,0.5,524,50
574,299.981,ga_tcheby_proxy,mesh9,7,8,0,"[7-8]",1,22,1.61449,0.97,0.268571,1,0.5,525,50
575,300.407,ga_tcheby_proxy,mesh9,7,1,0,"[7-4-1]",2,40,3.19307,0.975,0.268571,2,0.5,526,50
576,300.597,ga_tcheby_proxy,mesh9,7,4,0,"[7-4]",1,20,1.59654,0.975,0.272727,1,0.5,527,50
577,302.011,ga_tcheby_proxy,mesh9,8,7,0,"[8-7]",1,22,1.61449,0.97,0.260116,1,0.5,528,50
578,303.075,ga_tcheby_proxy,mesh9,8,2,0,"[8-5-2]",2,40,3.19307,0.975,0.219512,2,0.5,529,50
579,303.403,ga_tcheby_proxy,mesh9,1,8,0,"[1-2-5-8]",3,62,4.80756,0.97,0.260116,3,0.5,530,50
580,304.106,ga_tcheby_proxy,mesh9,4,8,0,"[4-5-8]",2,42,3.21103,0.97,0.268571,2,0.5,531,50
581,305.737,ga_tcheby_proxy,mesh9,5,0,0,"[5-4-3-0]",3,64,4.82552,0.97,0.300546,3,0.5,532,50
582,306.857,ga_tcheby_proxy,mesh9,1,4,0,"[1-4]",1,20,1.59654,0.975,0.264368,1,0.5,533,50
583,307.066,ga_tcheby_proxy,mesh9,1,2,0,"[1-2]",1,22,1.61449,0.97,0.214724,1,0.5,534,50
584,307.468,ga_tcheby_proxy,mesh9,0,6,0,"[0-3-6]",2,40,3.19307,0.975,0.255814,2,0.5,535,50
585,307.711,ga_tcheby_proxy,mesh9,2,1,0,"[2-1]",1,22,1.61449,0.97,0.255814,1,0.5,536,50
586,307.849,ga_tcheby_proxy,mesh9,2,7,0,"[2-5-8-7]",3,62,4.80756,0.97,0.264368,3,0.5,537,50
587,308.189,ga_tcheby_proxy,mesh9,6,3,0,"[6-3]",1,20,1.59654,0.975,0.268571,1,0.5,538,50
588,309.186,ga_tcheby_proxy,mesh9,6,0,0,"[6-3-0]",2,40,3.19307,0.975,0.272727,2,0.5,539,50
589,310.154,ga_tcheby_proxy,mesh9,6,2,0,"[6-7-8-5-2]",4,84,6.42205,0.97,0.272727,4,0.5,540,50
590,310.321,ga_tcheby_proxy,mesh9,3,2,0,"[3-4-1-2]",3,64,4.82552,0.97,0.272727,3,0.5,541,50
591,311.201,ga_tcheby_proxy,mesh9,3,8,0,"[3-4-5-8]",3,64,4.82552,0.97,0.272727,3,0.5,542,50
592,311.831,ga_tcheby_proxy,mesh9,0,2,0,"[0-1-2]",2,44,3.22898,0.97,0.242604,2,0.5,543,50
593,312.205,ga_tcheby_proxy,mesh9,6,7,0,"[6-7]",1,22,1.61449,0.97,0.233533,1,0.5,544,50
594,312.764,ga_tcheby_proxy,mesh9,2,7,0,"[2-5-8-7]",3,62,4.80756,0.97,0.268571,3,0.5,545,50
595,312.803,ga_tcheby_proxy,mesh9,8,4,1,"[]",0,0,0,0,0,0,0.5,545,51
596,313.33,ga_tcheby_proxy,mesh9,6,5,0,"[6-7-4-5]",3,64,4.82552,0.97,0.276836,3,0.5,546,51
597,313.942,ga_tcheby_proxy,mesh9,3,7,0,"[3-6-7]",2,42,3.21103,0.97,0.242604,2,0.5,547,51
598,314.424,ga_tcheby_proxy,mesh9,8,7,0,"[8-7]",1,22,1.61449,0.97,0.272727,1,0.5,548,51
599,316.041,ga_tcheby_proxy,mesh9,7,4,0,"[7-4]",1,20,1.59654,0.975,0.280899,1,0.5,549,51
600,316.36,ga_tcheby_proxy,mesh9,0,5,0,"[0-1-2-5]",3,64,4.82552,0.97,0.272727,3,0.5,550,51
601,316.601,ga_tcheby_proxy,mesh9,1,8,0,"[1-2-5-8]",3,62,4.80756,0.97,0.276836,3,0.5,551,51
602,317.582,ga_tcheby_proxy,mesh9,6,8,0,"[6-7-8]",2,44,3.22898,0.97,0.276836,2,0.5,552,51
603,317.812,ga_tcheby_proxy,mesh9,4,3,0,"[4-3]",1,22,1.61449,0.97,0.304348,1,0.5,553,51
604,317.965,ga_tcheby_proxy,mesh9,2,0,0,"[2-1-0]",2,44,3.22898,0.97,0.300546,2,0.5,554,51
605,318.177,ga_tcheby_proxy,mesh9,3,6,0,"[3-6]",1,20,1.59654,0.975,0.247059,1,0.5,555,51
606,318.662,ga_tcheby_proxy,mesh9,1,5,0,"[1-4-5]",2,42,3.21103,0.97,0.280899,2,0.5,556,51
607,318.664,ga_tcheby_proxy,mesh9,3,6,0,"[3-6]",1,20,1.66898,0.931189,0.252941,1,0.5,557,51
608,319.072,ga_tcheby_proxy,mesh9,7,3,0,"[7-6-3]",2,42,3.21103,0.97,0.300546,2,0.5,558,51
609,319.177,ga_tcheby_proxy,mesh9,8,6,0,"[8-7-6]",2,44,3.22898,0.97,0.304348,2,0.5,559,51
610,319.272,ga_tcheby_proxy,mesh9,6,0,0,"[6-3-0]",2,40,3.19307,0.975,0.280899,2,0.5,560,51
611,319.522,ga_tcheby_proxy,mesh9,7,2,0,"[7-8-5-2]",3,62,4.80756,0.97,0.280899,3,0.5,561,51
612,319.732,ga_tcheby_proxy,mesh9,6,1,0,"[6-7-4-1]",3,62,4.80756,0.97,0.284916,3,0.5,562,51
613,320.159,ga_tcheby_proxy,mesh9,5,0,0,"[5-2-1-0]",3,64,4.82552,0.97,0.304348,3,0.5,563,51
614,320.658,ga_tcheby_proxy,mesh9,6,1,0,"[6-3-0-1]",3,62,4.80756,0.97,0.284916,3,0.5,564,51
615,321.146,ga_tcheby_proxy,mesh9,0,6,0,"[0-3-6]",2,40,3.19307,0.975,0.260116,2,0.5,565,51
616,321.845,ga_tcheby_proxy,mesh9,3,8,0,"[3-6-7-8]",3,64,4.82552,0.97,0.284916,3,0.5,566,51
617,321.867,ga_tcheby_proxy,mesh9,7,2,1,"[]",0,0,0,0,0,0,0.5,566,52
618,321.933,ga_tcheby_proxy,mesh9,1,2,0,"[1-4-5-2]",3,62,4.96336,0.910916,0.284916,3,0.5,567,52
619,321.947,ga_tcheby_proxy,mesh9,1,4,1,"[]",0,0,0,0,0,0,0.5,567,53
620,321.948,ga_tcheby_proxy,mesh9,7,1,1,"[]",0,0,0,0,0,0,0.5,567,54
621,322.157,ga_tcheby_proxy,mesh9,2,4,0,"[2-1-4]",2,42,3.21103,0.97,0.276836,2,0.5,568,54
622,323.124,ga_tcheby_proxy,mesh9,2,5,0,"[2-5]",1,20,1.59654,0.975,0.280899,1,0.5,569,54
623,323.256,ga_tcheby_proxy,mesh9,3,2,0,"[3-4-1-2]",3,64,4.82552,0.97,0.280899,3,0.5,570,54
624,323.576,ga_tcheby_proxy,mesh9,3,8,0,"[3-6-7-8]",3,64,4.82552,0.97,0.288889,3,0.5,571,54
625,323.609,ga_tcheby_proxy,mesh9,5,1,1,"[]",0,0,0,0,0,0,0.5,571,55
626,324.254,ga_tcheby_proxy,mesh9,6,4,0,"[6-3-4]",2,42,3.21103,0.97,0.288889,2,0.5,572,55
627,324.725,ga_tcheby_proxy,mesh9,5,8,0,"[5-8]",1,20,1.59654,0.975,0.276836,1,0.5,573,55
628,325.151,ga_tcheby_proxy,mesh9,2,8,0,"[2-5-8]",2,40,3.19307,0.975,0.284916,2,0.5,574,55
629,325.155,ga_tcheby_proxy,mesh9,5,8,0,"[5-8]",1,20,1.70403,0.911535,0.294798,1,0.5,575,55
630,325.453,ga_tcheby_proxy,mesh9,5,1,0,"[5-2-1]",2,42,3.21103,0.97,0.272727,2,0.5,576,55
631,326.324,ga_tcheby_proxy,mesh9,3,5,0,"[3-4-5]",2,44,3.22898,0.97,0.288889,2,0.5,577,55
632,327.253,ga_tcheby_proxy,mesh9,3,1,0,"[3-4-1]",2,42,3.21103,0.97,0.284916,2,0.5,578,55
633,327.367,ga_tcheby_proxy,mesh9,7,1,0,"[7-4-1]",2,40,3.19307,0.975,0.288889,2,0.5,579,55
634,328.299,ga_tcheby_proxy,mesh9,6,2,0,"[6-7-4-1-2]",4,84,6.42205,0.97,0.292818,4,0.5,580,55
635,328.796,ga_tcheby_proxy,mesh9,0,1,0,"[0-1]",1,22,1.61449,0.97,0.255814,1,0.5,581,55
636,328.796,ga_tcheby_proxy,mesh9,5,8,0,"[5-8]",1,20,1.60916,0.967105,0.290503,1,0.5,582,55
637,328.96,ga_tcheby_proxy,mesh9,8,7,0,"[8-7]",1,22,1.61449,0.97,0.280899,1,0.5,583,55
638,329.044,ga_tcheby_proxy,mesh9,4,7,0,"[4-7]",1,20,1.59654,0.975,0.280899,1,0.5,584,55
639,329.773,ga_tcheby_proxy,mesh9,4,3,0,"[4-3]",1,22,1.61449,0.97,0.308108,1,0.5,585,55
640,330.362,ga_tcheby_proxy,mesh9,1,0,0,"[1-0]",1,22,1.61449,0.97,0.308108,1,0.5,586,55
641,330.455,ga_tcheby_proxy,mesh9,0,5,0,"[0-1-2-5]",3,64,4.82552,0.97,0.288889,3,0.5,587,55
642,330.866,ga_tcheby_proxy,mesh9,7,0,0,"[7-6-3-0]",3,62,4.80756,0.97,0.308108,3,0.5,588,55
643,331.256,ga_tcheby_proxy,mesh9,7,2,0,"[7-8-5-2]",3,62,4.80756,0.97,0.292818,3,0.5,589,55
644,331.964,ga_tcheby_proxy,mesh9,1,3,0,"[1-4-3]",2,42,3.21103,0.97,0.311828,2,0.5,590,55
645,332.02,ga_tcheby_proxy,mesh9,6,3,0,"[6-3]",1,20,1.60427,0.970121,0.296703,1,0.5,591,55
646,332.038,ga_tcheby_proxy,mesh9,2,8,1,"[]",0,0,0,0,0,0,0.5,591,56
647,332.337,ga_tcheby_proxy,mesh9,6,8,0,"[6-7-8]",2,44,3.22898,0.97,0.296703,2,0.5,592,56
648,333.261,ga_tcheby_proxy,mesh9,5,4,0,"[5-4]",1,22,1.61449,0.97,0.255814,1,0.5,593,56
649,334.432,ga_tcheby_proxy,mesh9,2,8,0,"[2-5-8]",2,40,3.19307,0.975,0.292818,2,0.5,594,56
650,334.679,ga_tcheby_proxy,mesh9,7,5,0,"[7-4-5]",2,42,3.21103,0.97,0.296703,2,0.5,595,56
651,334.785,ga_tcheby_proxy,mesh9,6,3,0,"[6-3]",1,20,1.59654,0.975,0.300546,1,0.5,596,56
652,335.467,ga_tcheby_proxy,mesh9,3,6,0,"[3-6]",1,20,1.59654,0.975,0.268571,1,0.5,597,56
653,336.095,ga_tcheby_proxy,mesh9,4,2,0,"[4-1-2]",2,42,3.21103,0.97,0.296703,2,0.5,598,56
654,337.673,ga_tcheby_proxy,mesh9,7,8,0,"[7-8]",1,22,1.61449,0.97,0.300546,1,0.5,599,56
655,338.098,ga_tcheby_proxy,mesh9,5,4,0,"[5-4]",1,22,1.61449,0.97,0.260116,1,0.5,600,56
656,338.533,ga_tcheby_proxy,mesh9,2,7,0,"[2-1-4-7]",3,62,4.80756,0.97,0.284916,3,0.5,601,56
657,338.647,ga_tcheby_proxy,mesh9,0,3,0,"[0-3]",1,20,1.59654,0.975,0.264368,1,0.5,602,56
658,338.723,ga_tcheby_proxy,mesh9,4,8,0,"[4-7-8]",2,42,3.22007,0.969304,0.304348,2,0.5,603,56
659,339.852,ga_tcheby_proxy,mesh9,5,1,0,"[5-2-1]",2,42,3.21103,0.97,0.280899,2,0.5,604,56
660,340.377,ga_tcheby_proxy,mesh9,6,1,0,"[6-7-4-1]",3,62,4.80756,0.97,0.300546,3,0.5,605,56
661,341.955,ga_tcheby_proxy,mesh9,1,3,0,"[1-0-3]",2,42,3.21103,0.97,0.311828,2,0.5,606,56
662,342.871,ga_tcheby_proxy,mesh9,8,2,0,"[8-5-2]",2,40,3.19307,0.975,0.242604,2,0.5,607,56
663,343.186,ga_tcheby_proxy,mesh9,5,4,0,"[5-4]",1,22,1.61449,0.97,0.264368,1,0.5,608,56
664,344.309,ga_tcheby_proxy,mesh9,7,1,0,"[7-4-1]",2,40,3.19307,0.975,0.304348,2,0.5,609,56
665,344.521,ga_tcheby_proxy,mesh9,7,4,0,"[7-4]",1,20,1.59654,0.975,0.308108,1,0.5,610,56
666,344.946,ga_tcheby_proxy,mesh9,6,7,0,"[6-7]",1,22,1.61449,0.97,0.276836,1,0.5,611,56
667,345.631,ga_tcheby_proxy,mesh9,7,2,0,"[7-8-5-2]",3,62,4.80756,0.97,0.308108,3,0.5,612,56
668,345.679,ga_tcheby_proxy,mesh9,6,2,1,"[]",0,0,0,0,0,0,0.5,612,57
669,345.78,ga_tcheby_proxy,mesh9,6,4,0,"[6-3-4]",2,42,3.21103,0.97,0.304348,2,0.5,613,57
670,345.811,ga_tcheby_proxy,mesh9,5,3,1,"[]",0,0,0,0,0,0,0.5,613,58
671,345.892,ga_tcheby_proxy,mesh9,2,5,0,"[2-5]",1,20,1.59654,0.975,0.296703,1,0.5,614,58
672,345.924,ga_tcheby_proxy,mesh9,8,2,1,"[]",0,0,0,0,0,0,0.5,614,59
673,346.011,ga_tcheby_proxy,mesh9,6,4,0,"[6-3-4]",2,42,3.21103,0.97,0.308108,2,0.5,615,59
674,346.167,ga_tcheby_proxy,mesh9,6,2,0,"[6-3-4-1-2]",4,84,6.42205,0.97,0.311828,4,0.5,616,59
675,346.328,ga_tcheby_proxy,mesh9,0,3,0,"[0-3]",1,20,1.59654,0.975,0.272727,1,0.5,617,59
676,348.744,ga_tcheby_proxy,mesh9,3,1,0,"[3-0-1]",2,42,3.21103,0.97,0.288889,2,0.5,618,59
677,351.01,ga_tcheby_proxy,mesh9,6,7,0,"[6-7]",1,22,1.61449,0.97,0.280899,1,0.5,619,59
678,351.112,ga_tcheby_proxy,mesh9,8,7,0,"[8-7]",1,22,1.61449,0.97,0.284916,1,0.5,620,59
679,351.415,ga_tcheby_proxy,mesh9,3,7,0,"[3-6-7]",2,42,3.21103,0.97,0.284916,2,0.5,621,59
680,351.834,ga_tcheby_proxy,mesh9,7,2,0,"[7-4-1-2]",3,62,4.80756,0.97,0.311828,3,0.5,622,59
681,352.034,ga_tcheby_proxy,mesh9,5,6,0,"[5-4-7-6]",3,64,4.82552,0.97,0.311828,3,0.5,623,59
682,352.195,ga_tcheby_proxy,mesh9,7,5,0,"[7-8-5]",2,42,3.21103,0.97,0.311828,2,0.5,624,59
683,352.231,ga_tcheby_proxy,mesh9,6,1,1,"[]",0,0,0,0,0,0,0.5,624,60
684,352.332,ga_tcheby_proxy,mesh9,8,3,0,"[8-7-4-3]",3,64,4.82552,0.97,0.315508,3,0.5,625,60
685,353.439,ga_tcheby_proxy,mesh9,2,3,0,"[2-1-0-3]",3,64,4.82552,0.97,0.315508,3,0.5,626,60
686,353.978,ga_tcheby_proxy,mesh9,4,8,0,"[4-5-8]",2,42,3.21103,0.97,0.296703,2,0.5,627,60
687,354.163,ga_tcheby_proxy,mesh9,2,7,0,"[2-1-4-7]",3,62,4.80756,0.97,0.296703,3,0.5,628,60
688,355.048,ga_tcheby_proxy,mesh9,6,7,0,"[6-7]",1,22,1.61449,0.97,0.288889,1,0.5,629,60
689,355.638,ga_tcheby_proxy,mesh9,2,5,0,"[2-5]",1,20,1.59654,0.975,0.300546,1,0.5,630,60
690,356.917,ga_tcheby_proxy,mesh9,4,6,0,"[4-7-6]",2,42,3.21103,0.97,0.315508,2,0.5,631,60
691,357.008,ga_tcheby_proxy,mesh9,2,5,0,"[2-5]",1,20,1.59654,0.975,0.304348,1,0.5,632,60
692,357.423,ga_tcheby_proxy,mesh9,8,0,0,"[8-5-4-1-0]",4,84,6.42205,0.97,0.319149,4,0.5,633,60
693,357.92,ga_tcheby_proxy,mesh9,0,2,0,"[0-1-2]",2,44,3.22898,0.97,0.268571,2,0.5,634,60
694,358.287,ga_tcheby_proxy,mesh9,7,5,0,"[7-8-5]",2,42,3.21103,0.97,0.315508,2,0.5,635,60
695,358.994,ga_tcheby_proxy,mesh9,3,8,0,"[3-4-5-8]",3,64,4.82552,0.97,0.300546,3,0.5,636,60
696,359.431,ga_tcheby_proxy,mesh9,8,4,0,"[8-5-4]",2,42,3.21103,0.97,0.276836,2,0.5,637,60
697,359.506,ga_tcheby_proxy,mesh9,8,1,0,"[8-7-4-1]",3,62,4.80756,0.97,0.319149,3,0.5,638,60
698,359.695,ga_tcheby_proxy,mesh9,7,5,0,"[7-8-5]",2,42,3.21103,0.97,0.319149,2,0.5,639,60
699,359.735,ga_tcheby_proxy,mesh9,7,6,1,"[]",0,0,0,0,0,0,0.5,639,61
700,360.455,ga_tcheby_proxy,mesh9,3,2,0,"[3-0-1-2]",3,64,4.82552,0.97,0.292818,3,0.5,640,61
701,361.784,ga_tcheby_proxy,mesh9,4,3,0,"[4-3]",1,22,1.61449,0.97,0.319149,1,0.5,641,61
702,362.639,ga_tcheby_proxy,mesh9,0,5,0,"[0-3-4-5]",3,64,4.82552,0.97,0.304348,3,0.5,642,61
703,363.131,ga_tcheby_proxy,mesh9,2,0,0,"[2-1-0]",2,44,3.22898,0.97,0.322751,2,0.5,643,61
704,364.48,ga_tcheby_proxy,mesh9,7,1,0,"[7-4-1]",2,40,3.19307,0.975,0.322751,2,0.5,644,61
705,364.778,ga_tcheby_proxy,mesh9,5,4,0,"[5-4]",1,22,1.61449,0.97,0.280899,1,0.5,645,61
706,364.961,ga_tcheby_proxy,mesh9,2,1,0,"[2-1]",1,22,1.61449,0.97,0.296703,1,0.5,646,61
707,366.284,ga_tcheby_proxy,mesh9,1,5,0,"[1-2-5]",2,42,3.21103,0.97,0.308108,2,0.5,647,61
708,367.58,ga_tcheby_proxy,mesh9,1,3,0,"[1-4-3]",2,42,3.21103,0.97,0.322751,2,0.5,648,61
709,367.781,ga_tcheby_proxy,mesh9,7,1,0,"[7-4-1]",2,40,3.19307,0.975,0.326316,2,0.5,649,61
710,368.707,ga_tcheby_proxy,mesh9,6,5,0,"[6-3-4-5]",3,64,4.82552,0.97,0.315508,3,0.5,650,61
711,369.759,ga_tcheby_proxy,mesh9,3,1,0,"[3-0-1]",2,42,3.21103,0.97,0.296703,2,0.5,651,61
712,370.25,ga_tcheby_proxy,mesh9,6,0,0,"[6-3-0]",2,40,3.19307,0.975,0.319149,2,0.5,652,61
713,370.369,ga_tcheby_proxy,mesh9,7,6,0,"[7-6]",1,22,1.61449,0.97,0.319149,1,0.5,653,61
714,371.047,ga_tcheby_proxy,mesh9,0,5,0,"[0-1-2-5]",3,64,4.82552,0.97,0.311828,3,0.5,654,61
715,371.193,ga_tcheby_proxy,mesh9,1,3,0,"[1-0-3]",2,42,3.21103,0.97,0.326316,2,0.5,655,61
716,371.224,ga_tcheby_proxy,mesh9,7,0,1,"[]",0,0,0,0,0,0,0.5,655,62
717,371.377,ga_tcheby_proxy,mesh9,6,4,0,"[6-3-4]",2,42,3.21103,0.97,0.322751,2,0.5,656,62
718,371.379,ga_tcheby_proxy,mesh9,7,3,0,"[7-6-3]",2,42,3.28173,0.948148,0.328042,2,0.5,657,62
719,371.553,ga_tcheby_proxy,mesh9,8,2,0,"[8-5-2]",2,40,3.19307,0.975,0.268571,2,0.5,658,62
720,371.994,ga_tcheby_proxy,mesh9,3,5,0,"[3-4-5]",2,44,3.22898,0.97,0.311828,2,0.5,659,62
721,372.341,ga_tcheby_proxy,mesh9,5,1,0,"[5-2-1]",2,42,3.21103,0.97,0.300546,2,0.5,660,62
722,372.745,ga_tcheby_proxy,mesh9,8,7,0,"[8-7]",1,22,1.61449,0.97,0.296703,1,0.5,661,62
723,372.797,ga_tcheby_proxy,mesh9,6,2,1,"[]",0,0,0,0,0,0,0.5,661,63
724,372.956,ga_tcheby_proxy,mesh9,6,7,0,"[6-7]",1,22,1.61449,0.97,0.292818,1,0.5,662,63
725,372.999,ga_tcheby_proxy,mesh9,0,6,1,"[]",0,0,0,0,0,0,0.5,662,64
726,373.073,ga_tcheby_proxy,mesh9,5,1,0,"[5-2-1]",2,42,3.25064,0.945771,0.304348,2,0.5,663,64
727,373.317,ga_tcheby_proxy,mesh9,0,6,0,"[0-3-6]",2,40,3.19307,0.975,0.288889,2,0.5,664,64
728,373.621,ga_tcheby_proxy,mesh9,8,1,0,"[8-5-2-1]",3,62,4.80756,0.97,0.308108,3,0.5,665,64
729,374.056,ga_tcheby_proxy,mesh9,5,0,0,"[5-4-3-0]",3,64,4.82552,0.97,0.326316,3,0.5,666,64
730,374.764,ga_tcheby_proxy,mesh9,5,8,0,"[5-8]",1,20,1.59654,0.975,0.304348,1,0.5,667,64
731,375.38,ga_tcheby_proxy,mesh9,6,5,0,"[6-7-8-5]",3,64,4.82552,0.97,0.322751,3,0.5,668,64
732,375.55,ga_tcheby_proxy,mesh9,8,0,0,"[8-5-4-1-0]",4,84,6.42205,0.97,0.329843,4,0.5,669,64
733,376.038,ga_tcheby_proxy,mesh9,3,7,0,"[3-6-7]",2,42,3.21103,0.97,0.300546,2,0.5,670,64
734,376.515,ga_tcheby_proxy,mesh9,6,4,0,"[6-3-4]",2,42,3.21103,0.97,0.329843,2,0.5,671,64
735,377.288,ga_tcheby_proxy,mesh9,4,2,0,"[4-5-2]",2,42,3.21103,0.97,0.315508,2,0.5,672,64
736,378.072,ga_tcheby_proxy,mesh9,4,6,0,"[4-7-6]",2,42,3.21103,0.97,0.326316,2,0.5,673,64
737,378.325,ga_tcheby_proxy,mesh9,5,0,0,"[5-4-3-0]",3,64,4.82552,0.97,0.329843,3,0.5,674,64
738,378.634,ga_tcheby_proxy,mesh9,8,6,0,"[8-7-6]",2,44,3.22898,0.97,0.329843,2,0.5,675,64
739,379.939,ga_tcheby_proxy,mesh9,5,2,0,"[5-2]",1,20,1.59654,0.975,0.272727,1,0.5,676,64
740,381.441,ga_tcheby_proxy,mesh9,6,5,0,"[6-7-8-5]",3,64,4.82552,0.97,0.326316,3,0.5,677,64
741,381.785,ga_tcheby_proxy,mesh9,5,4,0,"[5-4]",1,22,1.61449,0.97,0.296703,1,0.5,678,64
742,382.011,ga_tcheby_proxy,mesh9,2,6,0,"[2-1-4-7-6]",4,84,6.42205,0.97,0.333333,4,0.5,679,64
743,382.556,ga_tcheby_proxy,mesh9,6,8,0,"[6-7-8]",2,44,3.22898,0.97,0.329843,2,0.5,680,64
744,382.877,ga_tcheby_proxy,mesh9,8,5,0,"[8-5]",1,20,1.59654,0.975,0.288889,1,0.5,681,64
745,382.992,ga_tcheby_proxy,mesh9,5,1,0,"[5-2-1]",2,42,3.21103,0.97,0.315508,2,0.5,682,64
746,383.468,ga_tcheby_proxy,mesh9,4,7,0,"[4-7]",1,20,1.59654,0.975,0.311828,1,0.5,683,64
747,384.005,ga_tcheby_proxy,mesh9,5,3,0,"[5-4-3]",2,44,3.22898,0.97,0.333333,2,0.5,684,64
748,384.35,ga_tcheby_proxy,mesh9,8,1,0,"[8-5-2-1]",3,62,4.80756,0.97,0.319149,3,0.5,685,64
749,384.669,ga_tcheby_proxy,mesh9,7,4,0,"[7-4]",1,20,1.59654,0.975,0.329843,1,0.5,686,64
750,384.99,ga_tcheby_proxy,mesh9,6,8,0,"[6-7-8]",2,44,3.22898,0.97,0.333333,2,0.5,687,64
751,387.103,ga_tcheby_proxy,mesh9,8,5,0,"[8-5]",1,20,1.59654,0.975,0.296703,1,0.5,688,64
752,387.848,ga_tcheby_proxy,mesh9,2,1,0,"[2-1]",1,22,1.61449,0.97,0.322751,1,0.5,689,64
753,388.17,ga_tcheby_proxy,mesh9,0,7,0,"[0-3-6-7]",3,62,4.80756,0.97,0.315508,3,0.5,690,64
754,388.613,ga_tcheby_proxy,mesh9,2,0,0,"[2-1-0]",2,44,3.22898,0.97,0.333333,2,0.5,691,64
755,389.744,ga_tcheby_proxy,mesh9,1,8,0,"[1-2-5-8]",3,62,4.80756,0.97,0.315508,3,0.5,692,64
756,390.124,ga_tcheby_proxy,mesh9,7,0,0,"[7-6-3-0]",3,62,4.80756,0.97,0.336788,3,0.5,693,64
757,390.474,ga_tcheby_proxy,mesh9,4,7,0,"[4-7]",1,20,1.59654,0.975,0.315508,1,0.5,694,64
758,390.679,ga_tcheby_proxy,mesh9,1,7,0,"[1-4-7]",2,40,3.19307,0.975,0.319149,2,0.5,695,64
759,391.777,ga_tcheby_proxy,mesh9,4,1,0,"[4-1]",1,20,1.59654,0.975,0.333333,1,0.5,696,64
760,393.134,ga_tcheby_proxy,mesh9,6,0,0,"[6-3-0]",2,40,3.19307,0.975,0.336788,2,0.5,697,64
761,394.722,ga_tcheby_proxy,mesh9,8,6,0,"[8-7-6]",2,44,3.22898,0.97,0.340206,2,0.5,698,64
762,395.242,ga_tcheby_proxy,mesh9,8,4,0,"[8-5-4]",2,42,3.21103,0.97,0.304348,2,0.5,699,64
763,395.251,ga_tcheby_proxy,mesh9,5,2,1,"[]",0,0,0,0,0,0,0.5,699,65
764,395.763,ga_tcheby_proxy,mesh9,5,8,0,"[5-8]",1,20,1.59654,0.975,0.311828,1,0.5,700,65
765,396.344,ga_tcheby_proxy,mesh9,7,5,0,"[7-4-5]",2,42,3.21103,0.97,0.333333,2,0.5,701,65
766,396.477,ga_tcheby_proxy,mesh9,0,4,0,"[0-3-4]",2,42,3.21103,0.97,0.296703,2,0.5,702,65
767,397.471,ga_tcheby_proxy,mesh9,3,7,0,"[3-6-7]",2,42,3.21103,0.97,0.319149,2,0.5,703,65
768,398.311,ga_tcheby_proxy,mesh9,8,4,0,"[8-5-4]",2,42,3.21103,0.97,0.308108,2,0.5,704,65
769,398.384,ga_tcheby_proxy,mesh9,4,2,0,"[4-5-2]",2,42,3.21103,0.97,0.322751,2,0.5,705,65
770,398.927,ga_tcheby_proxy,mesh9,6,7,0,"[6-7]",1,22,1.61449,0.97,0.322751,1,0.5,706,65
771,399.328,ga_tcheby_proxy,mesh9,2,0,0,"[2-1-0]",2,44,3.22898,0.97,0.336788,2,0.5,707,65
772,400.213,ga_tcheby_proxy,mesh9,5,3,0,"[5-4-3]",2,44,3.22898,0.97,0.336788,2,0.5,708,65
773,400.971,ga_tcheby_proxy,mesh9,3,8,0,"[3-4-5-8]",3,64,4.82552,0.97,0.326316,3,0.5,709,65
774,401.033,ga_tcheby_proxy,mesh9,5,0,1,"[]",0,0,0,0,0,0,0.5,709,66
775,401.641,ga_tcheby_proxy,mesh9,0,8,0,"[0-1-2-5-8]",4,84,6.42205,0.97,0.319149,4,0.5,710,66
776,402.375,ga_tcheby_proxy,mesh9,8,7,0,"[8-7]",1,22,1.61449,0.97,0.308108,1,0.5,711,66
777,402.417,ga_tcheby_proxy,mesh9,0,8,1,"[]",0,0,0,0,0,0,0.5,711,67
778,402.443,ga_tcheby_proxy,mesh9,3,2,1,"[]",0,0,0,0,0,0,0.5,711,68
779,402.748,ga_tcheby_proxy,mesh9,1,4,0,"[1-4]",1,20,1.59654,0.975,0.304348,1,0.5,712,68
780,403.796,ga_tcheby_proxy,mesh9,6,7,0,"[6-7]",1,22,1.61449,0.97,0.326316,1,0.5,713,68
781,403.866,ga_tcheby_proxy,mesh9,7,1,0,"[7-4-1]",2,40,3.19307,0.975,0.336788,2,0.5,714,68
782,403.873,ga_tcheby_proxy,mesh9,8,6,1,"[]",0,0,0,0,0,0,0.5,714,69
783,404.101,ga_tcheby_proxy,mesh9,1,8,0,"[1-2-5-8]",3,62,4.80756,0.97,0.322751,3,0.5,715,69
784,405.005,ga_tcheby_proxy,mesh9,8,6,0,"[8-7-6]",2,44,3.22898,0.97,0.34359,2,0.5,716,69
785,405.92,ga_tcheby_proxy,mesh9,0,2,0,"[0-1-2]",2,44,3.22898,0.97,0.292818,2,0.5,717,69
786,406.076,ga_tcheby_proxy,mesh9,6,0,0,"[6-3-0]",2,40,3.19307,0.975,0.340206,2,0.5,718,69
787,406.182,ga_tcheby_proxy,mesh9,2,3,0,"[2-1-0-3]",3,64,4.82552,0.97,0.340206,3,0.5,719,69
788,406.488,ga_tcheby_proxy,mesh9,4,0,0,"[4-3-0]",2,42,3.21103,0.97,0.340206,2,0.5,720,69
789,406.507,ga_tcheby_proxy,mesh9,5,6,1,"[]",0,0,0,0,0,0,0.5,720,70
790,407.423,ga_tcheby_proxy,mesh9,4,0,0,"[4-1-0]",2,42,3.21103,0.97,0.34359,2,0.5,721,70
791,407.722,ga_tcheby_proxy,mesh9,0,6,0,"[0-3-6]",2,40,3.19307,0.975,0.304348,2,0.5,722,70
792,409.407,ga_tcheby_proxy,mesh9,5,8,0,"[5-8]",1,20,1.59654,0.975,0.326316,1,0.5,723,70
793,411.866,ga_tcheby_proxy,mesh9,5,0,0,"[5-4-3-0]",3,64,4.82552,0.97,0.34359,3,0.5,724,70
794,412.023,ga_tcheby_proxy,mesh9,3,4,0,"[3-4]",1,22,1.61449,0.97,0.304348,1,0.5,725,70
795,412.709,ga_tcheby_proxy,mesh9,1,4,0,"[1-4]",1,20,1.59654,0.975,0.308108,1,0.5,726,70
796,413.045,ga_tcheby_proxy,mesh9,6,3,0,"[6-3]",1,20,1.59654,0.975,0.34359,1,0.5,727,70
797,413.278,ga_tcheby_proxy,mesh9,0,6,0,"[0-3-6]",2,40,3.19307,0.975,0.308108,2,0.5,728,70
798,414.18,ga_tcheby_proxy,mesh9,5,3,0,"[5-4-3]",2,44,3.22898,0.97,0.346939,2,0.5,729,70
799,414.812,ga_tcheby_proxy,mesh9,4,3,0,"[4-3]",1,22,1.61449,0.97,0.350254,1,0.5,730,70
800,414.816,ga_tcheby_proxy,mesh9,0,6,0,"[0-3-6]",2,40,3.39111,0.914934,0.318681,2,0.5,731,70
801,415.445,ga_tcheby_proxy,mesh9,0,4,0,"[0-1-4]",2,42,3.21103,0.97,0.311828,2,0.5,732,70
802,416.356,ga_tcheby_proxy,mesh9,6,2,0,"[6-7-8-5-2]",4,84,6.42205,0.97,0.336788,4,0.5,733,70
803,416.821,ga_tcheby_proxy,mesh9,5,0,0,"[5-2-1-0]",3,64,4.82552,0.97,0.346939,3,0.5,734,70
804,417.01,ga_tcheby_proxy,mesh9,4,8,0,"[4-5-8]",2,42,3.21103,0.97,0.329843,2,0.5,735,70
805,417.124,ga_tcheby_proxy,mesh9,8,6,0,"[8-7-6]",2,44,3.22898,0.97,0.346939,2,0.5,736,70
806,417.401,ga_tcheby_proxy,mesh9,1,4,0,"[1-4]",1,20,1.59654,0.975,0.315508,1,0.5,737,70
807,417.56,ga_tcheby_proxy,mesh9,5,6,0,"[5-4-7-6]",3,64,4.82552,0.97,0.350254,3,0.5,738,70
808,417.652,ga_tcheby_proxy,mesh9,5,1,0,"[5-2-1]",2,42,3.21103,0.97,0.340206,2,0.5,739,70
809,418.414,ga_tcheby_proxy,mesh9,0,8,0,"[0-1-2-5-8]",4,84,6.42205,0.97,0.333333,4,0.5,740,70
810,418.491,ga_tcheby_proxy,mesh9,5,8,0,"[5-8]",1,20,1.59654,0.975,0.336788,1,0.5,741,70
811,418.519,ga_tcheby_proxy,mesh9,3,4,1,"[]",0,0,0,0,0,0,0.5,741,71
812,418.758,ga_tcheby_proxy,mesh9,4,8,0,"[4-7-8]",2,42,3.21103,0.97,0.340206,2,0.5,742,71
813,419.081,ga_tcheby_proxy,mesh9,1,4,0,"[1-4]",1,20,1.59654,0.975,0.319149,1,0.5,743,71
814,422.064,ga_tcheby_proxy,mesh9,0,1,0,"[0-1]",1,22,1.61449,0.97,0.300546,1,0.5,744,71
815,422.137,ga_tcheby_proxy,mesh9,1,6,0,"[1-4-3-6]",3,62,4.80756,0.97,0.353535,3,0.5,745,71
816,422.494,ga_tcheby_proxy,mesh9,5,1,0,"[5-4-1]",2,42,3.21103,0.97,0.34359,2,0.5,746,71
817,423.075,ga_tcheby_proxy,mesh9,6,7,0,"[6-7]",1,22,1.61449,0.97,0.333333,1,0.5,747,71
818,423.14,ga_tcheby_proxy,mesh9,5,8,1,"[]",0,0,0,0,0,0,0.5,747,72
819,423.329,ga_tcheby_proxy,mesh9,5,8,0,"[5-8]",1,20,1.59654,0.975,0.340206,1,0.5,748,72
820,423.808,ga_tcheby_proxy,mesh9,3,7,0,"[3-4-7]",2,42,3.21103,0.97,0.329843,2,0.5,749,72
821,423.964,ga_tcheby_proxy,mesh9,2,1,0,"[2-1]",1,22,1.61449,0.97,0.34359,1,0.5,750,72
822,424.674,ga_tcheby_proxy,mesh9,0,5,0,"[0-1-2-5]",3,64,4.82552,0.97,0.329843,3,0.5,751,72
823,425.394,ga_tcheby_proxy,mesh9,0,6,0,"[0-3-6]",2,40,3.19307,0.975,0.315508,2,0.5,752,72
824,425.649,ga_tcheby_proxy,mesh9,3,8,0,"[3-4-5-8]",3,64,4.82552,0.97,0.34359,3,0.5,753,72
825,425.995,ga_tcheby_proxy,mesh9,8,4,0,"[8-5-4]",2,42,3.21103,0.97,0.329843,2,0.5,754,72
826,426.108,ga_tcheby_proxy,mesh9,7,8,0,"[7-8]",1,22,1.61449,0.97,0.34359,1,0.5,755,72
827,426.192,ga_tcheby_proxy,mesh9,8,1,0,"[8-7-4-1]",3,62,4.80756,0.97,0.346939,3,0.5,756,72
828,426.74,ga_tcheby_proxy,mesh9,6,1,0,"[6-3-0-1]",3,62,4.80756,0.97,0.346939,3,0.5,757,72
829,427.295,ga_tcheby_proxy,mesh9,0,1,0,"[0-1]",1,22,1.61449,0.97,0.311828,1,0.5,758,72
830,427.651,ga_tcheby_proxy,mesh9,4,0,0,"[4-1-0]",2,42,3.21103,0.97,0.350254,2,0.5,759,72
831,427.68,ga_tcheby_proxy,mesh9,3,4,1,"[]",0,0,0,0,0,0,0.5,759,73
832,427.91,ga_tcheby_proxy,mesh9,3,6,0,"[3-6]",1,20,1.59654,0.975,0.311828,1,0.5,760,73
833,429.145,ga_tcheby_proxy,mesh9,5,3,0,"[5-4-3]",2,44,3.22898,0.97,0.356784,2,0.5,761,73
834,429.25,ga_tcheby_proxy,mesh9,4,7,0,"[4-7]",1,20,1.59654,0.975,0.333333,1,0.5,762,73
835,429.856,ga_tcheby_proxy,mesh9,2,5,0,"[2-5]",1,20,1.59654,0.975,0.333333,1,0.5,763,73
836,430.224,ga_tcheby_proxy,mesh9,5,2,0,"[5-2]",1,20,1.59654,0.975,0.300546,1,0.5,764,73
837,430.65,ga_tcheby_proxy,mesh9,2,6,0,"[2-1-4-7-6]",4,84,6.42205,0.97,0.353535,4,0.5,765,73
838,431.439,ga_tcheby_proxy,mesh9,8,2,0,"[8-5-2]",2,40,3.19307,0.975,0.315508,2,0.5,766,73
839,432.895,ga_tcheby_proxy,mesh9,3,6,0,"[3-6]",1,20,1.59654,0.975,0.315508,1,0.5,767,73
840,433.082,ga_tcheby_proxy,mesh9,8,4,0,"[8-5-4]",2,42,3.21103,0.97,0.336788,2,0.5,768,73
841,433.169,ga_tcheby_proxy,mesh9,4,2,0,"[4-5-2]",2,42,3.21103,0.97,0.336788,2,0.5,769,73
842,433.903,ga_tcheby_proxy,mesh9,0,2,0,"[0-1-2]",2,44,3.22898,0.97,0.315508,2,0.5,770,73
843,434.051,ga_tcheby_proxy,mesh9,0,1,0,"[0-1]",1,22,1.61449,0.97,0.319149,1,0.5,771,73
844,435.414,ga_tcheby_proxy,mesh9,1,2,0,"[1-2]",1,22,1.61449,0.97,0.308108,1,0.5,772,73
845,435.769,ga_tcheby_proxy,mesh9,3,0,0,"[3-0]",1,20,1.59654,0.975,0.333333,1,0.5,773,73
846,436.704,ga_tcheby_proxy,mesh9,7,5,0,"[7-4-5]",2,42,3.21103,0.97,0.34359,2,0.5,774,73
847,437.837,ga_tcheby_proxy,mesh9,2,6,0,"[2-1-0-3-6]",4,84,6.42205,0.97,0.353535,4,0.5,775,73
848,438.02,ga_tcheby_proxy,mesh9,2,8,0,"[2-5-8]",2,40,3.19307,0.975,0.346939,2,0.5,776,73
849,438.518,ga_tcheby_proxy,mesh9,7,3,0,"[7-6-3]",2,42,3.21103,0.97,0.356784,2,0.5,777,73
850,438.671,ga_tcheby_proxy,mesh9,4,0,0,"[4-1-0]",2,42,3.21103,0.97,0.356784,2,0.5,778,73
851,439.443,ga_tcheby_proxy,mesh9,0,1,0,"[0-1]",1,22,1.61449,0.97,0.322751,1,0.5,779,73
852,439.948,ga_tcheby_proxy,mesh9,8,3,0,"[8-7-4-3]",3,64,4.82552,0.97,0.36,3,0.5,780,73
853,440.862,ga_tcheby_proxy,mesh9,2,0,0,"[2-1-0]",2,44,3.22898,0.97,0.36,2,0.5,781,73
854,441.647,ga_tcheby_proxy,mesh9,0,4,0,"[0-3-4]",2,42,3.21103,0.97,0.322751,2,0.5,782,73
855,441.723,ga_tcheby_proxy,mesh9,5,3,0,"[5-4-3]",2,44,3.31396,0.924626,0.363184,2,0.5,783,73
856,443.145,ga_tcheby_proxy,mesh9,8,6,0,"[8-7-6]",2,44,3.22898,0.97,0.36,2,0.5,784,73
857,443.222,ga_tcheby_proxy,mesh9,3,1,0,"[3-0-1]",2,42,3.27759,0.929971,0.336788,2,0.5,785,73
858,443.344,ga_tcheby_proxy,mesh9,4,6,0,"[4-7-6]",2,42,3.21103,0.97,0.363184,2,0.5,786,73
859,443.427,ga_tcheby_proxy,mesh9,1,5,0,"[1-2-5]",2,42,3.21103,0.97,0.340206,2,0.5,787,73
860,443.663,ga_tcheby_proxy,mesh9,6,4,0,"[6-7-4]",2,42,3.21103,0.97,0.350254,2,0.5,788,73
861,443.78,ga_tcheby_proxy,mesh9,1,3,0,"[1-0-3]",2,42,3.21103,0.97,0.363184,2,0.5,789,73
862,444.083,ga_tcheby_proxy,mesh9,1,2,0,"[1-2]",1,22,1.61449,0.97,0.315508,1,0.5,790,73
863,444.115,ga_tcheby_proxy,mesh9,1,3,1,"[]",0,0,0,0,0,0,0.5,790,74
864,444.263,ga_tcheby_proxy,mesh9,2,4,0,"[2-5-4]",2,42,3.21103,0.97,0.34359,2,0.5,791,74
865,446.933,ga_tcheby_proxy,mesh9,6,1,0,"[6-3-0-1]",3,62,4.80756,0.97,0.353535,3,0.5,792,74
866,447.53,ga_tcheby_proxy,mesh9,2,8,0,"[2-5-8]",2,40,3.19307,0.975,0.350254,2,0.5,793,74
867,447.629,ga_tcheby_proxy,mesh9,2,5,0,"[2-5]",1,20,1.59654,0.975,0.350254,1,0.5,794,74
868,447.83,ga_tcheby_proxy,mesh9,1,6,0,"[1-0-3-6]",3,62,4.80756,0.97,0.366337,3,0.5,795,74
869,448.047,ga_tcheby_proxy,mesh9,2,8,0,"[2-5-8]",2,40,3.19307,0.975,0.353535,2,0.5,796,74
870,448.533,ga_tcheby_proxy,mesh9,1,5,0,"[1-4-5]",2,42,3.21103,0.97,0.34359,2,0.5,797,74
871,448.731,ga_tcheby_proxy,mesh9,5,1,0,"[5-2-1]",2,42,3.21103,0.97,0.356784,2,0.5,798,74
872,449.652,ga_tcheby_proxy,mesh9,0,6,0,"[0-3-6]",2,40,3.19307,0.975,0.333333,2,0.5,799,74
873,449.822,ga_tcheby_proxy,mesh9,0,4,0,"[0-1-4]",2,42,3.21103,0.97,0.333333,2,0.5,800,74
874,449.979,ga_tcheby_proxy,mesh9,6,3,0,"[6-3]",1,20,1.59654,0.975,0.356784,1,0.5,801,74
875,450.713,ga_tcheby_proxy,mesh9,7,6,0,"[7-6]",1,22,1.61449,0.97,0.366337,1,0.5,802,74
876,452.407,ga_tcheby_proxy,mesh9,0,3,0,"[0-3]",1,20,1.59654,0.975,0.336788,1,0.5,803,74
877,452.82,ga_tcheby_proxy,mesh9,3,0,0,"[3-0]",1,20,1.59654,0.975,0.34359,1,0.5,804,74
878,452.918,ga_tcheby_proxy,mesh9,7,2,0,"[7-8-5-2]",3,62,4.80756,0.97,0.346939,3,0.5,805,74
879,453.064,ga_tcheby_proxy,mesh9,5,1,0,"[5-4-1]",2,42,3.21103,0.97,0.356784,2,0.5,806,74
880,453.563,ga_tcheby_proxy,mesh9,5,8,0,"[5-8]",1,20,1.59654,0.975,0.356784,1,0.5,807,74
881,453.972,ga_tcheby_proxy,mesh9,1,4,0,"[1-4]",1,20,1.59654,0.975,0.336788,1,0.5,808,74
882,454.191,ga_tcheby_proxy,mesh9,8,0,0,"[8-7-4-3-0]",4,84,6.42205,0.97,0.366337,4,0.5,809,74
883,455.342,ga_tcheby_proxy,mesh9,5,1,0,"[5-2-1]",2,42,3.21103,0.97,0.36,2,0.5,810,74
884,457.074,ga_tcheby_proxy,mesh9,2,7,0,"[2-5-4-7]",3,62,4.80756,0.97,0.356784,3,0.5,811,74
885,457.3,ga_tcheby_proxy,mesh9,7,6,0,"[7-6]",1,22,1.61449,0.97,0.369458,1,0.5,812,74
886,457.495,ga_tcheby_proxy,mesh9,0,3,0,"[0-3]",1,20,1.59654,0.975,0.340206,1,0.5,813,74
887,457.559,ga_tcheby_proxy,mesh9,1,4,0,"[1-4]",1,20,1.61317,0.964573,0.340206,1,0.5,814,74
888,458.072,ga_tcheby_proxy,mesh9,1,4,0,"[1-4]",1,20,1.59654,0.975,0.34359,1,0.5,815,74
889,458.198,ga_tcheby_proxy,mesh9,0,8,0,"[0-3-6-7-8]",4,84,6.42205,0.97,0.350254,4,0.5,816,74
890,458.27,ga_tcheby_proxy,mesh9,4,5,0,"[4-5]",1,22,1.61449,0.97,0.346939,1,0.5,817,74
891,458.792,ga_tcheby_proxy,mesh9,1,2,0,"[1-2]",1,22,1.61449,0.97,0.319149,1,0.5,818,74
892,459.314,ga_tcheby_proxy,mesh9,4,7,0,"[4-7]",1,20,1.59654,0.975,0.346939,1,0.5,819,74
893,460.757,ga_tcheby_proxy,mesh9,7,8,0,"[7-8]",1,22,1.61449,0.97,0.353535,1,0.5,820,74
894,460.989,ga_tcheby_proxy,mesh9,1,4,0,"[1-4]",1,20,1.59654,0.975,0.346939,1,0.5,821,74
895,461.391,ga_tcheby_proxy,mesh9,3,1,0,"[3-0-1]",2,42,3.21103,0.97,0.350254,2,0.5,822,74
896,462.888,ga_tcheby_proxy,mesh9,2,8,0,"[2-5-8]",2,40,3.19307,0.975,0.36,2,0.5,823,74
897,463.012,ga_tcheby_proxy,mesh9,2,5,0,"[2-5]",1,20,1.59654,0.975,0.363184,1,0.5,824,74
898,463.117,ga_tcheby_proxy,mesh9,6,8,0,"[6-7-8]",2,44,3.22898,0.97,0.356784,2,0.5,825,74
899,463.352,ga_tcheby_proxy,mesh9,5,7,0,"[5-4-7]",2,42,3.21103,0.97,0.353535,2,0.5,826,74
900,463.98,ga_tcheby_proxy,mesh9,8,1,0,"[8-5-4-1]",3,62,4.80756,0.97,0.36,3,0.5,827,74
901,464.389,ga_tcheby_proxy,mesh9,3,7,0,"[3-6-7]",2,42,3.21103,0.97,0.346939,2,0.5,828,74
902,465.355,ga_tcheby_proxy,mesh9,7,1,0,"[7-4-1]",2,40,3.19307,0.975,0.363184,2,0.5,829,74
903,465.838,ga_tcheby_proxy,mesh9,6,0,0,"[6-3-0]",2,40,3.19307,0.975,0.36,2,0.5,830,74
904,465.878,ga_tcheby_proxy,mesh9,0,7,1,"[]",0,0,0,0,0,0,0.5,830,75
905,466.216,ga_tcheby_proxy,mesh9,7,3,0,"[7-4-3]",2,42,3.21103,0.97,0.369458,2,0.5,831,75
906,466.538,ga_tcheby_proxy,mesh9,8,5,0,"[8-5]",1,20,1.59654,0.975,0.329843,1,0.5,832,75
907,466.668,ga_tcheby_proxy,mesh9,7,0,0,"[7-4-1-0]",3,62,4.80756,0.97,0.369458,3,0.5,833,75
908,466.963,ga_tcheby_proxy,mesh9,8,1,0,"[8-5-2-1]",3,62,4.80756,0.97,0.363184,3,0.5,834,75
909,467.181,ga_tcheby_proxy,mesh9,8,0,0,"[8-7-4-1-0]",4,84,6.42205,0.97,0.372549,4,0.5,835,75
910,467.348,ga_tcheby_proxy,mesh9,8,5,0,"[8-5]",1,20,1.59654,0.975,0.336788,1,0.5,836,75
911,467.454,ga_tcheby_proxy,mesh9,3,2,0,"[3-4-5-2]",3,64,4.82552,0.97,0.350254,3,0.5,837,75
912,468.282,ga_tcheby_proxy,mesh9,2,3,0,"[2-5-4-3]",3,64,4.82552,0.97,0.372549,3,0.5,838,75
913,468.57,ga_tcheby_proxy,mesh9,3,8,0,"[3-4-7-8]",3,64,4.82552,0.97,0.36,3,0.5,839,75
914,469.496,ga_tcheby_proxy,mesh9,5,0,0,"[5-4-3-0]",3,64,4.82552,0.97,0.37561,3,0.5,840,75
915,470.882,ga_tcheby_proxy,mesh9,0,5,0,"[0-1-4-5]",3,64,4.82552,0.97,0.353535,3,0.5,841,75
916,472.342,ga_tcheby_proxy,mesh9,7,6,0,"[7-6]",1,22,1.61449,0.97,0.372549,1,0.5,842,75
917,473.044,ga_tcheby_proxy,mesh9,5,7,0,"[5-8-7]",2,42,3.21103,0.97,0.363184,2,0.5,843,75
918,473.064,ga_tcheby_proxy,mesh9,4,5,1,"[]",0,0,0,0,0,0,0.5,843,76
919,473.204,ga_tcheby_proxy,mesh9,6,4,0,"[6-3-4]",2,42,3.21103,0.97,0.363184,2,0.5,844,76
920,473.427,ga_tcheby_proxy,mesh9,6,4,0,"[6-3-4]",2,42,3.21103,0.97,0.366337,2,0.5,845,76
921,474.66,ga_tcheby_proxy,mesh9,0,7,0,"[0-3-6-7]",3,62,4.80756,0.97,0.350254,3,0.5,846,76
922,475.026,ga_tcheby_proxy,mesh9,0,6,0,"[0-3-6]",2,40,3.19307,0.975,0.350254,2,0.5,847,76
923,475.208,ga_tcheby_proxy,mesh9,0,1,0,"[0-1]",1,22,1.61449,0.97,0.34359,1,0.5,848,76
924,475.328,ga_tcheby_proxy,mesh9,7,4,0,"[7-4]",1,20,1.59654,0.975,0.369458,1,0.5,849,76
925,475.872,ga_tcheby_proxy,mesh9,5,2,0,"[5-2]",1,20,1.59654,0.975,0.329843,1,0.5,850,76
926,475.967,ga_tcheby_proxy,mesh9,8,7,0,"[8-7]",1,22,1.61449,0.97,0.340206,1,0.5,851,76
927,476.087,ga_tcheby_proxy,mesh9,3,8,0,"[3-6-7-8]",3,64,4.82552,0.97,0.363184,3,0.5,852,76
928,476.526,ga_tcheby_proxy,mesh9,2,8,0,"[2-5-8]",2,40,3.19307,0.975,0.369458,2,0.5,853,76
929,476.935,ga_tcheby_proxy,mesh9,4,7,0,"[4-7]",1,20,1.59654,0.975,0.356784,1,0.5,854,76
930,477.854,ga_tcheby_proxy,mesh9,6,2,0,"[6-7-8-5-2]",4,84,6.42205,0.97,0.366337,4,0.5,855,76
931,477.874,ga_tcheby_proxy,mesh9,0,3,1,"[]",0,0,0,0,0,0,0.5,855,77
932,478.142,ga_tcheby_proxy,mesh9,2,4,0,"[2-1-4]",2,42,3.21103,0.97,0.366337,2,0.5,856,77
933,479.1,ga_tcheby_proxy,mesh9,7,4,0,"[7-4]",1,20,1.59654,0.975,0.372549,1,0.5,857,77
934,480.187,ga_tcheby_proxy,mesh9,8,7,0,"[8-7]",1,22,1.61449,0.97,0.34359,1,0.5,858,77
935,480.957,ga_tcheby_proxy,mesh9,0,2,0,"[0-1-2]",2,44,3.22898,0.97,0.346939,2,0.5,859,77
936,481.31,ga_tcheby_proxy,mesh9,1,5,0,"[1-4-5]",2,42,3.21103,0.97,0.356784,2,0.5,860,77
937,481.946,ga_tcheby_proxy,mesh9,8,1,0,"[8-5-2-1]",3,62,4.80756,0.97,0.369458,3,0.5,861,77
938,482.929,ga_tcheby_proxy,mesh9,1,0,0,"[1-0]",1,22,1.61449,0.97,0.37561,1,0.5,862,77
939,483.036,ga_tcheby_proxy,mesh9,6,1,0,"[6-3-0-1]",3,62,4.80756,0.97,0.369458,3,0.5,863,77
940,483.214,ga_tcheby_proxy,mesh9,8,2,0,"[8-5-2]",2,40,3.19307,0.975,0.346939,2,0.5,864,77
941,483.436,ga_tcheby_proxy,mesh9,7,0,0,"[7-6-3-0]",3,62,4.80756,0.97,0.37561,3,0.5,865,77
942,484.331,ga_tcheby_proxy,mesh9,3,5,0,"[3-4-5]",2,44,3.22898,0.97,0.36,2,0.5,866,77
943,484.392,ga_tcheby_proxy,mesh9,4,6,1,"[]",0,0,0,0,0,0,0.5,866,78
944,484.479,ga_tcheby_proxy,mesh9,8,1,0,"[8-5-4-1]",3,62,4.80756,0.97,0.372549,3,0.5,867,78
945,484.936,ga_tcheby_proxy,mesh9,1,2,0,"[1-2]",1,22,1.61449,0.97,0.326316,1,0.5,868,78
946,485.473,ga_tcheby_proxy,mesh9,5,4,0,"[5-4]",1,22,1.61449,0.97,0.369458,1,0.5,869,78
947,485.552,ga_tcheby_proxy,mesh9,2,5,0,"[2-5]",1,20,1.59654,0.975,0.372549,1,0.5,870,78
948,485.939,ga_tcheby_proxy,mesh9,0,4,0,"[0-3-4]",2,42,3.21103,0.97,0.353535,2,0.5,871,78
949,485.975,ga_tcheby_proxy,mesh9,8,2,1,"[]",0,0,0,0,0,0,0.5,871,79
950,487.559,ga_tcheby_proxy,mesh9,7,1,0,"[7-4-1]",2,40,3.19307,0.975,0.37561,2,0.5,872,79
951,488.385,ga_tcheby_proxy,mesh9,2,3,0,"[2-5-4-3]",3,64,4.82552,0.97,0.378641,3,0.5,873,79
952,488.446,ga_tcheby_proxy,mesh9,2,3,1,"[]",0,0,0,0,0,0,0.5,873,80
953,489.224,ga_tcheby_proxy,mesh9,1,8,0,"[1-4-7-8]",3,62,4.80756,0.97,0.369458,3,0.5,874,80
954,489.587,ga_tcheby_proxy,mesh9,2,1,0,"[2-1]",1,22,1.61449,0.97,0.372549,1,0.5,875,80
955,489.81,ga_tcheby_proxy,mesh9,2,1,0,"[2-1]",1,22,1.61449,0.97,0.37561,1,0.5,876,80
956,490.593,ga_tcheby_proxy,mesh9,8,4,0,"[8-5-4]",2,42,3.21103,0.97,0.37561,2,0.5,877,80
957,491.349,ga_tcheby_proxy,mesh9,7,2,0,"[7-8-5-2]",3,62,4.80756,0.97,0.372549,3,0.5,878,80
958,491.809,ga_tcheby_proxy,mesh9,0,1,0,"[0-1]",1,22,1.61449,0.97,0.353535,1,0.5,879,80
959,492.199,ga_tcheby_proxy,mesh9,0,8,0,"[0-3-4-5-8]",4,84,6.42205,0.97,0.369458,4,0.5,880,80
960,492.444,ga_tcheby_proxy,mesh9,5,1,0,"[5-2-1]",2,42,3.21103,0.97,0.378641,2,0.5,881,80
961,492.752,ga_tcheby_proxy,mesh9,2,7,0,"[2-5-8-7]",3,62,4.80756,0.97,0.378641,3,0.5,882,80
962,493.255,ga_tcheby_proxy,mesh9,0,1,0,"[0-1]",1,22,1.61449,0.97,0.356784,1,0.5,883,80
963,493.913,ga_tcheby_proxy,mesh9,5,4,0,"[5-4]",1,22,1.61449,0.97,0.378641,1,0.5,884,80
964,494.104,ga_tcheby_proxy,mesh9,5,3,0,"[5-4-3]",2,44,3.22898,0.97,0.381643,2,0.5,885,80
965,494.699,ga_tcheby_proxy,mesh9,1,2,0,"[1-2]",1,22,1.61449,0.97,0.329843,1,0.5,886,80
966,494.896,ga_tcheby_proxy,mesh9,2,4,0,"[2-1-4]",2,42,3.21103,0.97,0.381643,2,0.5,887,80
967,495.921,ga_tcheby_proxy,mesh9,4,3,0,"[4-3]",1,22,1.61449,0.97,0.384615,1,0.5,888,80
968,496.48,ga_tcheby_proxy,mesh9,3,2,0,"[3-0-1-2]",3,64,4.82552,0.97,0.366337,3,0.5,889,80
969,496.923,ga_tcheby_proxy,mesh9,5,1,0,"[5-2-1]",2,42,3.21103,0.97,0.384615,2,0.5,890,80
970,497.395,ga_tcheby_proxy,mesh9,1,8,0,"[1-4-7-8]",3,62,4.80756,0.97,0.37561,3,0.5,891,80
971,497.446,ga_tcheby_proxy,mesh9,0,6,1,"[]",0,0,0,0,0,0,0.5,891,81
972,497.532,ga_tcheby_proxy,mesh9,4,8,0,"[4-5-8]",2,42,3.21103,0.97,0.37561,2,0.5,892,81
973,499.546,ga_tcheby_proxy,mesh9,2,3,0,"[2-1-0-3]",3,64,4.82552,0.97,0.38756,3,0.5,893,81
974,500.076,ga_tcheby_proxy,mesh9,5,7,0,"[5-8-7]",2,42,3.21103,0.97,0.378641,2,0.5,894,81
975,500.317,ga_tcheby_proxy,mesh9,0,8,0,"[0-3-6-7-8]",4,84,6.42205,0.97,0.378641,4,0.5,895,81
976,500.888,ga_tcheby_proxy,mesh9,0,3,0,"[0-3]",1,20,1.59654,0.975,0.366337,1,0.5,896,81
977,502.528,ga_tcheby_proxy,mesh9,2,7,0,"[2-5-8-7]",3,62,4.80756,0.97,0.381643,3,0.5,897,81
978,504.178,ga_tcheby_proxy,mesh9,4,8,0,"[4-7-8]",2,42,3.21103,0.97,0.381643,2,0.5,898,81
979,504.208,ga_tcheby_proxy,mesh9,1,3,1,"[]",0,0,0,0,0,0,0.5,898,82
980,504.99,ga_tcheby_proxy,mesh9,7,3,0,"[7-6-3]",2,42,3.21103,0.97,0.378641,2,0.5,899,82
981,505.169,ga_tcheby_proxy,mesh9,3,1,0,"[3-0-1]",2,42,3.21103,0.97,0.369458,2,0.5,900,82
982,505.952,ga_tcheby_proxy,mesh9,6,1,0,"[6-7-4-1]",3,62,4.80756,0.97,0.378641,3,0.5,901,82
983,506.425,ga_tcheby_proxy,mesh9,8,7,0,"[8-7]",1,22,1.61449,0.97,0.356784,1,0.5,902,82
984,507.129,ga_tcheby_proxy,mesh9,3,2,0,"[3-4-5-2]",3,64,4.82552,0.97,0.369458,3,0.5,903,82
985,508.206,ga_tcheby_proxy,mesh9,0,1,0,"[0-1]",1,22,1.61449,0.97,0.366337,1,0.5,904,82
986,508.252,ga_tcheby_proxy,mesh9,2,1,1,"[]",0,0,0,0,0,0,0.5,904,83
987,509.032,ga_tcheby_proxy,mesh9,4,8,0,"[4-7-8]",2,42,3.21103,0.97,0.384615,2,0.5,905,83
988,509.331,ga_tcheby_proxy,mesh9,0,2,0,"[0-1-2]",2,44,3.22898,0.97,0.369458,2,0.5,906,83
989,509.635,ga_tcheby_proxy,mesh9,2,6,0,"[2-5-8-7-6]",4,84,6.42205,0.97,0.384615,4,0.5,907,83
990,510.041,ga_tcheby_proxy,mesh9,1,8,0,"[1-2-5-8]",3,62,4.80756,0.97,0.38756,3,0.5,908,83
991,510.653,ga_tcheby_proxy,mesh9,2,7,0,"[2-1-4-7]",3,62,4.80756,0.97,0.390476,3,0.5,909,83
992,511.477,ga_tcheby_proxy,mesh9,5,7,0,"[5-4-7]",2,42,3.21103,0.97,0.384615,2,0.5,910,83
993,511.607,ga_tcheby_proxy,mesh9,6,7,0,"[6-7]",1,22,1.61449,0.97,0.366337,1,0.5,911,83
994,512.242,ga_tcheby_proxy,mesh9,3,4,0,"[3-4]",1,22,1.61449,0.97,0.346939,1,0.5,912,83
995,513.948,ga_tcheby_proxy,mesh9,4,2,0,"[4-5-2]",2,42,3.21103,0.97,0.372549,2,0.5,913,83
996,515.23,ga_tcheby_proxy,mesh9,2,8,0,"[2-5-8]",2,40,3.19307,0.975,0.390476,2,0.5,914,83
997,515.76,ga_tcheby_proxy,mesh9,6,0,0,"[6-3-0]",2,40,3.19307,0.975,0.378641,2,0.5,915,83
998,515.835,ga_tcheby_proxy,mesh9,4,8,0,"[4-5-8]",2,42,3.21103,0.97,0.393365,2,0.5,916,83
999,515.835,ga_tcheby_proxy,mesh9,0,8,0,"[0-1-4-5-8]",4,84,6.46018,0.964036,0.396226,4,0.5,917,83
1000,516.569,ga_tcheby_proxy,mesh9,8,0,0,"[8-7-4-1-0]",4,84,6.42205,0.97,0.381643,4,0.5,918,83
1001,518.42,ga_tcheby_proxy,mesh9,6,4,0,"[6-3-4]",2,42,3.21103,0.97,0.381643,2,0.5,919,83
1002,518.475,ga_tcheby_proxy,mesh9,3,0,1,"[]",0,0,0,0,0,0,0.5,919,84
1003,518.557,ga_tcheby_proxy,mesh9,5,4,0,"[5-2-1-4]",3,62,4.80756,0.97,0.393365,3,0.5,920,84
1004,519.129,ga_tcheby_proxy,mesh9,2,5,0,"[2-5]",1,20,1.59654,0.975,0.393365,1,0.5,921,84
1005,519.309,ga_tcheby_proxy,mesh9,0,8,0,"[0-3-6-7-8]",4,84,6.42205,0.97,0.38756,4,0.5,922,84
1006,519.474,ga_tcheby_proxy,mesh9,7,8,0,"[7-8]",1,22,1.61449,0.97,0.390476,1,0.5,923,84
1007,520.054,ga_tcheby_proxy,mesh9,8,2,0,"[8-5-2]",2,40,3.19307,0.975,0.363184,2,0.5,924,84
1008,520.131,ga_tcheby_proxy,mesh9,1,7,0,"[1-4-7]",2,40,3.19307,0.975,0.378641,2,0.5,925,84
1009,520.176,ga_tcheby_proxy,mesh9,2,8,1,"[]",0,0,0,0,0,0,0.5,925,85
1010,520.339,ga_tcheby_proxy,mesh9,1,2,0,"[1-2]",1,22,1.61449,0.97,0.34359,1,0.5,926,85
1011,520.42,ga_tcheby_proxy,mesh9,8,7,0,"[8-7]",1,22,1.61449,0.97,0.366337,1,0.5,927,85
1012,521.128,ga_tcheby_proxy,mesh9,2,4,0,"[2-5-4]",2,42,3.21103,0.97,0.396226,2,0.5,928,85
1013,521.24,ga_tcheby_proxy,mesh9,4,0,0,"[4-1-0]",2,42,3.21103,0.97,0.384615,2,0.5,929,85
1014,521.54,ga_tcheby_proxy,mesh9,4,8,0,"[4-7-8]",2,42,3.21103,0.97,0.393365,2,0.5,930,85
1015,521.971,ga_tcheby_proxy,mesh9,8,2,0,"[8-5-2]",2,40,3.19307,0.975,0.366337,2,0.5,931,85
1016,522.359,ga_tcheby_proxy,mesh9,2,5,0,"[2-5]",1,20,1.59654,0.975,0.399061,1,0.5,932,85
1017,522.455,ga_tcheby_proxy,mesh9,3,4,0,"[3-4]",1,22,1.61449,0.97,0.353535,1,0.5,933,85
1018,523.725,ga_tcheby_proxy,mesh9,3,0,0,"[3-0]",1,20,1.59654,0.975,0.37561,1,0.5,934,85
1019,524.124,ga_tcheby_proxy,mesh9,6,1,0,"[6-3-0-1]",3,62,4.80756,0.97,0.384615,3,0.5,935,85
1020,524.379,ga_tcheby_proxy,mesh9,1,3,0,"[1-4-3]",2,42,3.21103,0.97,0.38756,2,0.5,936,85
1021,524.732,ga_tcheby_proxy,mesh9,5,6,0,"[5-4-3-6]",3,64,4.82552,0.97,0.390476,3,0.5,937,85
1022,525.392,ga_tcheby_proxy,mesh9,1,6,0,"[1-4-7-6]",3,62,4.80756,0.97,0.384615,3,0.5,938,85
1023,525.668,ga_tcheby_proxy,mesh9,0,1,0,"[0-1]",1,22,1.61449,0.97,0.378641,1,0.5,939,85
1024,525.689,ga_tcheby_proxy,mesh9,6,5,1,"[]",0,0,0,0,0,0,0.5,939,86
1025,525.931,ga_tcheby_proxy,mesh9,3,0,0,"[3-0]",1,20,1.59654,0.975,0.381643,1,0.5,940,86
1026,526.195,ga_tcheby_proxy,mesh9,6,5,0,"[6-7-4-5]",3,64,4.82552,0.97,0.384615,3,0.5,941,86
1027,526.389,ga_tcheby_proxy,mesh9,1,6,0,"[1-4-7-6]",3,62,4.80756,0.97,0.38756,3,0.5,942,86
1028,527.038,ga_tcheby_proxy,mesh9,4,6,0,"[4-7-6]",2,42,3.21103,0.97,0.390476,2,0.5,943,86
1029,527.448,ga_tcheby_proxy,mesh9,0,1,0,"[0-1]",1,22,1.61449,0.97,0.381643,1,0.5,944,86
1030,527.558,ga_tcheby_proxy,mesh9,1,4,0,"[1-4]",1,20,1.59654,0.975,0.390476,1,0.5,945,86
1031,528.371,ga_tcheby_proxy,mesh9,6,0,0,"[6-3-0]",2,40,3.19307,0.975,0.38756,2,0.5,946,86
1032,528.716,ga_tcheby_proxy,mesh9,2,7,0,"[2-1-4-7]",3,62,4.80756,0.97,0.396226,3,0.5,947,86
1033,528.778,ga_tcheby_proxy,mesh9,4,0,1,"[]",0,0,0,0,0,0,0.5,947,87
1034,529.159,ga_tcheby_proxy,mesh9,2,5,0,"[2-5]",1,20,1.59654,0.975,0.401869,1,0.5,948,87
1035,529.561,ga_tcheby_proxy,mesh9,3,4,0,"[3-4]",1,22,1.61449,0.97,0.356784,1,0.5,949,87
1036,529.737,ga_tcheby_proxy,mesh9,2,0,0,"[2-1-0]",2,44,3.22898,0.97,0.399061,2,0.5,950,87
1037,530.162,ga_tcheby_proxy,mesh9,7,4,0,"[7-4]",1,20,1.59654,0.975,0.38756,1,0.5,951,87
1038,530.613,ga_tcheby_proxy,mesh9,1,7,0,"[1-4-7]",2,40,3.19307,0.975,0.396226,2,0.5,952,87
1039,530.643,ga_tcheby_proxy,mesh9,2,5,1,"[]",0,0,0,0,0,0,0.5,952,88
1040,530.737,ga_tcheby_proxy,mesh9,8,7,0,"[8-7]",1,22,1.61449,0.97,0.369458,1,0.5,953,88
1041,530.77,ga_tcheby_proxy,mesh9,1,0,1,"[]",0,0,0,0,0,0,0.5,953,89
1042,531.134,ga_tcheby_proxy,mesh9,3,4,0,"[3-4]",1,22,1.61449,0.97,0.36,1,0.5,954,89
1043,532.342,ga_tcheby_proxy,mesh9,3,1,0,"[3-4-1]",2,42,3.21103,0.97,0.38756,2,0.5,955,89
1044,532.461,ga_tcheby_proxy,mesh9,0,6,0,"[0-3-6]",2,40,3.19307,0.975,0.372549,2,0.5,956,89
1045,533.807,ga_tcheby_proxy,mesh9,5,4,0,"[5-4]",1,22,1.61449,0.97,0.393365,1,0.5,957,89
1046,534.236,ga_tcheby_proxy,mesh9,1,0,0,"[1-0]",1,22,1.61449,0.97,0.390476,1,0.5,958,89
1047,534.639,ga_tcheby_proxy,mesh9,7,4,0,"[7-4]",1,20,1.59654,0.975,0.390476,1,0.5,959,89
1048,535.075,ga_tcheby_proxy,mesh9,3,4,0,"[3-4]",1,22,1.61449,0.97,0.366337,1,0.5,960,89
1049,535.442,ga_tcheby_proxy,mesh9,8,3,0,"[8-7-4-3]",3,64,4.82552,0.97,0.393365,3,0.5,961,89
1050,535.511,ga_tcheby_proxy,mesh9,8,5,0,"[8-5]",1,20,1.59654,0.975,0.366337,1,0.5,962,89
1051,535.627,ga_tcheby_proxy,mesh9,1,0,0,"[1-0]",1,22,1.61449,0.97,0.393365,1,0.5,963,89
1052,536.086,ga_tcheby_proxy,mesh9,3,5,0,"[3-4-5]",2,44,3.22898,0.97,0.384615,2,0.5,964,89
1053,537.142,ga_tcheby_proxy,mesh9,6,5,0,"[6-3-4-5]",3,64,4.82552,0.97,0.390476,3,0.5,965,89
1054,537.16,ga_tcheby_proxy,mesh9,2,8,1,"[]",0,0,0,0,0,0,0.5,965,90
1055,537.836,ga_tcheby_proxy,mesh9,8,7,0,"[8-7]",1,22,1.61449,0.97,0.37561,1,0.5,966,90
1056,538.07,ga_tcheby_proxy,mesh9,6,7,0,"[6-7]",1,22,1.61449,0.97,0.37561,1,0.5,967,90
1057,539.198,ga_tcheby_proxy,mesh9,5,4,0,"[5-4]",1,22,1.61449,0.97,0.396226,1,0.5,968,90
1058,539.749,ga_tcheby_proxy,mesh9,2,4,0,"[2-1-4]",2,42,3.21103,0.97,0.401869,2,0.5,969,90
1059,540.263,ga_tcheby_proxy,mesh9,1,7,0,"[1-4-7]",2,40,3.19307,0.975,0.401869,2,0.5,970,90
1060,540.439,ga_tcheby_proxy,mesh9,6,0,0,"[6-3-0]",2,40,3.19307,0.975,0.393365,2,0.5,971,90
1061,540.47,ga_tcheby_proxy,mesh9,3,0,1,"[]",0,0,0,0,0,0,0.5,971,91
1062,540.518,ga_tcheby_proxy,mesh9,3,0,1,"[]",0,0,0,0,0,0,0.5,971,92
1063,541.675,ga_tcheby_proxy,mesh9,8,5,0,"[8-5]",1,20,1.59654,0.975,0.369458,1,0.5,972,92
1064,541.802,ga_tcheby_proxy,mesh9,7,4,0,"[7-4]",1,20,1.59654,0.975,0.396226,1,0.5,973,92
1065,541.975,ga_tcheby_proxy,mesh9,0,8,0,"[0-3-6-7-8]",4,84,6.42205,0.97,0.396226,4,0.5,974,92
1066,542.084,ga_tcheby_proxy,mesh9,1,7,0,"[1-4-7]",2,40,3.19307,0.975,0.404651,2,0.5,975,92
1067,542.12,ga_tcheby_proxy,mesh9,4,2,1,"[]",0,0,0,0,0,0,0.5,975,93
1068,542.311,ga_tcheby_proxy,mesh9,7,2,0,"[7-8-5-2]",3,62,4.80756,0.97,0.399061,3,0.5,976,93
1069,543.632,ga_tcheby_proxy,mesh9,6,7,0,"[6-7]",1,22,1.61449,0.97,0.381643,1,0.5,977,93
1070,543.784,ga_tcheby_proxy,mesh9,0,4,0,"[0-3-4]",2,42,3.21103,0.97,0.378641,2,0.5,978,93
1071,544.249,ga_tcheby_proxy,mesh9,6,7,0,"[6-7]",1,22,1.61449,0.97,0.384615,1,0.5,979,93
1072,545.356,ga_tcheby_proxy,mesh9,4,7,0,"[4-7]",1,20,1.59654,0.975,0.404651,1,0.5,980,93
1073,545.384,ga_tcheby_proxy,mesh9,0,7,1,"[]",0,0,0,0,0,0,0.5,980,94
1074,545.648,ga_tcheby_proxy,mesh9,6,7,0,"[6-7]",1,22,1.61449,0.97,0.38756,1,0.5,981,94
1075,545.786,ga_tcheby_proxy,mesh9,0,5,0,"[0-3-4-5]",3,64,4.82552,0.97,0.390476,3,0.5,982,94
1076,545.975,ga_tcheby_proxy,mesh9,4,7,0,"[4-7]",1,20,1.59654,0.975,0.407407,1,0.5,983,94
1077,547.012,ga_tcheby_proxy,mesh9,1,8,0,"[1-2-5-8]",3,62,4.80756,0.97,0.404651,3,0.5,984,94
1078,547.202,ga_tcheby_proxy,mesh9,0,4,0,"[0-3-4]",2,42,3.21103,0.97,0.384615,2,0.5,985,94
1079,548.079,ga_tcheby_proxy,mesh9,5,2,0,"[5-2]",1,20,1.59654,0.975,0.372549,1,0.5,986,94
1080,548.257,ga_tcheby_proxy,mesh9,7,6,0,"[7-6]",1,22,1.61449,0.97,0.393365,1,0.5,987,94
1081,548.341,ga_tcheby_proxy,mesh9,6,0,0,"[6-3-0]",2,40,3.19307,0.975,0.396226,2,0.5,988,94
1082,548.793,ga_tcheby_proxy,mesh9,5,2,0,"[5-2]",1,20,1.59654,0.975,0.37561,1,0.5,989,94
1083,549.215,ga_tcheby_proxy,mesh9,3,6,0,"[3-6]",1,20,1.59654,0.975,0.363184,1,0.5,990,94
1084,549.898,ga_tcheby_proxy,mesh9,0,7,0,"[0-3-6-7]",3,62,4.80756,0.97,0.390476,3,0.5,991,94
1085,550.514,ga_tcheby_proxy,mesh9,1,5,0,"[1-2-5]",2,42,3.21103,0.97,0.407407,2,0.5,992,94
1086,550.864,ga_tcheby_proxy,mesh9,1,0,0,"[1-0]",1,22,1.61449,0.97,0.396226,1,0.5,993,94
1087,551.096,ga_tcheby_proxy,mesh9,7,3,0,"[7-4-3]",2,42,3.21103,0.97,0.399061,2,0.5,994,94
1088,552.438,ga_tcheby_proxy,mesh9,2,0,0,"[2-1-0]",2,44,3.22898,0.97,0.404651,2,0.5,995,94
1089,552.47,ga_tcheby_proxy,mesh9,5,2,1,"[]",0,0,0,0,0,0,0.5,995,95
1090,553.047,ga_tcheby_proxy,mesh9,4,2,0,"[4-1-2]",2,42,3.21103,0.97,0.390476,2,0.5,996,95
1091,553.358,ga_tcheby_proxy,mesh9,4,7,0,"[4-7]",1,20,1.59654,0.975,0.410138,1,0.5,997,95
1092,553.474,ga_tcheby_proxy,mesh9,7,3,0,"[7-6-3]",2,42,3.21103,0.97,0.399061,2,0.5,998,95
1093,554.2,ga_tcheby_proxy,mesh9,7,4,0,"[7-4]",1,20,1.59654,0.975,0.401869,1,0.5,999,95
1094,554.88,ga_tcheby_proxy,mesh9,5,7,0,"[5-8-7]",2,42,3.21103,0.97,0.401869,2,0.5,1000,95
1095,555.801,ga_tcheby_proxy,mesh9,7,6,0,"[7-6]",1,22,1.61449,0.97,0.399061,1,0.5,1001,95
1096,556.681,ga_tcheby_proxy,mesh9,7,5,0,"[7-8-5]",2,42,3.21103,0.97,0.401869,2,0.5,1002,95
1097,556.961,ga_tcheby_proxy,mesh9,7,3,0,"[7-6-3]",2,42,3.21103,0.97,0.401869,2,0.5,1003,95
1098,558.389,ga_tcheby_proxy,mesh9,3,0,0,"[3-0]",1,20,1.59654,0.975,0.393365,1,0.5,1004,95
1099,558.559,ga_tcheby_proxy,mesh9,4,3,0,"[4-3]",1,22,1.61449,0.97,0.399061,1,0.5,1005,95
1100,558.656,ga_tcheby_proxy,mesh9,7,3,0,"[7-6-3]",2,42,3.21103,0.97,0.404651,2,0.5,1006,95
1101,559.623,ga_tcheby_proxy,mesh9,1,8,0,"[1-4-5-8]",3,62,4.80756,0.97,0.407407,3,0.5,1007,95
1102,560.563,ga_tcheby_proxy,mesh9,6,5,0,"[6-7-4-5]",3,64,4.82552,0.97,0.404651,3,0.5,1008,95
1103,560.589,ga_tcheby_proxy,mesh9,8,6,1,"[]",0,0,0,0,0,0,0.5,1008,96
1104,560.874,ga_tcheby_proxy,mesh9,1,0,0,"[1-0]",1,22,1.61449,0.97,0.401869,1,0.5,1009,96
1105,560.916,ga_tcheby_proxy,mesh9,6,7,1,"[]",0,0,0,0,0,0,0.5,1009,97
1106,562.175,ga_tcheby_proxy,mesh9,2,8,0,"[2-5-8]",2,40,3.19307,0.975,0.410138,2,0.5,1010,97
1107,562.514,ga_tcheby_proxy,mesh9,0,2,0,"[0-1-2]",2,44,3.22898,0.97,0.384615,2,0.5,1011,97
1108,562.933,ga_tcheby_proxy,mesh9,3,7,0,"[3-6-7]",2,42,3.21103,0.97,0.396226,2,0.5,1012,97
1109,565.204,ga_tcheby_proxy,mesh9,4,0,0,"[4-3-0]",2,42,3.21103,0.97,0.401869,2,0.5,1013,97
1110,566.151,ga_tcheby_proxy,mesh9,8,3,0,"[8-5-4-3]",3,64,4.82552,0.97,0.404651,3,0.5,1014,97
1111,566.437,ga_tcheby_proxy,mesh9,7,8,0,"[7-8]",1,22,1.61449,0.97,0.404651,1,0.5,1015,97
1112,566.955,ga_tcheby_proxy,mesh9,0,7,0,"[0-3-6-7]",3,62,4.80756,0.97,0.399061,3,0.5,1016,97
1113,567.084,ga_tcheby_proxy,mesh9,3,0,0,"[3-0]",1,20,1.59654,0.975,0.399061,1,0.5,1017,97
1114,567.229,ga_tcheby_proxy,mesh9,2,1,0,"[2-1]",1,22,1.61449,0.97,0.407407,1,0.5,1018,97
1115,567.422,ga_tcheby_proxy,mesh9,4,7,0,"[4-7]",1,20,1.59654,0.975,0.412844,1,0.5,1019,97
1116,569.633,ga_tcheby_proxy,mesh9,7,4,0,"[7-4]",1,20,1.59654,0.975,0.407407,1,0.5,1020,97
1117,569.935,ga_tcheby_proxy,mesh9,5,4,0,"[5-4]",1,22,1.61449,0.97,0.401869,1,0.5,1021,97
1118,570.474,ga_tcheby_proxy,mesh9,1,6,0,"[1-0-3-6]",3,62,4.80756,0.97,0.404651,3,0.5,1022,97
1119,570.59,ga_tcheby_proxy,mesh9,4,1,0,"[4-1]",1,20,1.59654,0.975,0.393365,1,0.5,1023,97
1120,570.874,ga_tcheby_proxy,mesh9,8,7,0,"[8-7]",1,22,1.61449,0.97,0.381643,1,0.5,1024,97
1121,571.036,ga_tcheby_proxy,mesh9,1,0,0,"[1-0]",1,22,1.61449,0.97,0.407407,1,0.5,1025,97
1122,571.104,ga_tcheby_proxy,mesh9,1,6,0,"[1-4-7-6]",3,62,4.92724,0.900323,0.415525,3,0.5,1026,97
1123,571.195,ga_tcheby_proxy,mesh9,3,4,0,"[3-4]",1,22,1.61449,0.97,0.384615,1,0.5,1027,97
1124,571.201,ga_tcheby_proxy,mesh9,1,5,1,"[]",0,0,0,0,0,0,0.5,1027,98
1125,571.591,ga_tcheby_proxy,mesh9,2,3,0,"[2-1-0-3]",3,64,4.82552,0.97,0.410138,3,0.5,1028,98
1126,572.342,ga_tcheby_proxy,mesh9,1,0,0,"[1-0]",1,22,1.61449,0.97,0.412844,1,0.5,1029,98
1127,572.711,ga_tcheby_proxy,mesh9,2,3,0,"[2-5-4-3]",3,64,4.82552,0.97,0.412844,3,0.5,1030,98
1128,574.558,ga_tcheby_proxy,mesh9,5,0,0,"[5-4-3-0]",3,64,4.82552,0.97,0.410138,3,0.5,1031,98
1129,574.795,ga_tcheby_proxy,mesh9,5,3,0,"[5-4-3]",2,44,3.22898,0.97,0.412844,2,0.5,1032,98
1130,575.197,ga_tcheby_proxy,mesh9,1,5,0,"[1-4-5]",2,42,3.21103,0.97,0.412844,2,0.5,1033,98
1131,575.666,ga_tcheby_proxy,mesh9,3,4,0,"[3-4]",1,22,1.61449,0.97,0.38756,1,0.5,1034,98
1132,575.872,ga_tcheby_proxy,mesh9,0,8,0,"[0-3-6-7-8]",4,84,6.42205,0.97,0.407407,4,0.5,1035,98
1133,575.978,ga_tcheby_proxy,mesh9,5,6,0,"[5-8-7-6]",3,64,4.82552,0.97,0.410138,3,0.5,1036,98
1134,577.671,ga_tcheby_proxy,mesh9,4,3,0,"[4-3]",1,22,1.61449,0.97,0.415525,1,0.5,1037,98
1135,578.26,ga_tcheby_proxy,mesh9,1,3,0,"[1-0-3]",2,42,3.21103,0.97,0.415525,2,0.5,1038,98
1136,578.637,ga_tcheby_proxy,mesh9,4,7,0,"[4-7]",1,20,1.59654,0.975,0.418182,1,0.5,1039,98
1137,578.895,ga_tcheby_proxy,mesh9,3,5,0,"[3-4-5]",2,44,3.22898,0.97,0.401869,2,0.5,1040,98
1138,579.161,ga_tcheby_proxy,mesh9,1,3,0,"[1-4-3]",2,42,3.21103,0.97,0.418182,2,0.5,1041,98
1139,580.527,ga_tcheby_proxy,mesh9,8,2,0,"[8-5-2]",2,40,3.19307,0.975,0.381643,2,0.5,1042,98
1140,580.899,ga_tcheby_proxy,mesh9,6,3,0,"[6-3]",1,20,1.59654,0.975,0.407407,1,0.5,1043,98
1141,581.97,ga_tcheby_proxy,mesh9,2,3,0,"[2-1-0-3]",3,64,4.82552,0.97,0.418182,3,0.5,1044,98
1142,582.336,ga_tcheby_proxy,mesh9,1,7,0,"[1-4-7]",2,40,3.19307,0.975,0.420814,2,0.5,1045,98
1143,582.82,ga_tcheby_proxy,mesh9,0,2,0,"[0-1-2]",2,44,3.22898,0.97,0.38756,2,0.5,1046,98
1144,582.865,ga_tcheby_proxy,mesh9,8,6,1,"[]",0,0,0,0,0,0,0.5,1046,99
1145,583.282,ga_tcheby_proxy,mesh9,2,4,0,"[2-5-4]",2,42,3.21103,0.97,0.415525,2,0.5,1047,99
1146,583.377,ga_tcheby_proxy,mesh9,2,4,0,"[2-5-4]",2,42,3.21103,0.97,0.418182,2,0.5,1048,99
1147,584.106,ga_tcheby_proxy,mesh9,6,7,0,"[6-7]",1,22,1.61449,0.97,0.404651,1,0.5,1049,99
1148,584.342,ga_tcheby_proxy,mesh9,5,8,0,"[5-8]",1,20,1.59654,0.975,0.412844,1,0.5,1050,99
1149,585.69,ga_tcheby_proxy,mesh9,6,8,0,"[6-7-8]",2,44,3.22898,0.97,0.410138,2,0.5,1051,99
1150,586.515,ga_tcheby_proxy,mesh9,1,7,0,"[1-4-7]",2,40,3.19307,0.975,0.423423,2,0.5,1052,99
1151,587.304,ga_tcheby_proxy,mesh9,7,0,0,"[7-6-3-0]",3,62,4.80756,0.97,0.412844,3,0.5,1053,99
1152,587.773,ga_tcheby_proxy,mesh9,7,0,0,"[7-6-3-0]",3,62,4.80756,0.97,0.415525,3,0.5,1054,99
1153,588.191,ga_tcheby_proxy,mesh9,5,0,0,"[5-2-1-0]",3,64,4.82552,0.97,0.420814,3,0.5,1055,99
1154,588.316,ga_tcheby_proxy,mesh9,0,6,0,"[0-3-6]",2,40,3.19307,0.975,0.407407,2,0.5,1056,99
1155,588.666,ga_tcheby_proxy,mesh9,8,7,0,"[8-7]",1,22,1.61449,0.97,0.38756,1,0.5,1057,99
1156,589.255,ga_tcheby_proxy,mesh9,1,0,0,"[1-0]",1,22,1.61449,0.97,0.423423,1,0.5,1058,99
1157,593.829,ga_tcheby_proxy,mesh9,8,6,0,"[8-7-6]",2,44,3.22898,0.97,0.418182,2,0.5,1059,99
1158,594.394,ga_tcheby_proxy,mesh9,6,1,0,"[6-7-4-1]",3,62,4.80756,0.97,0.410138,3,0.5,1060,99
1159,594.87,ga_tcheby_proxy,mesh9,0,7,0,"[0-3-6-7]",3,62,4.80756,0.97,0.412844,3,0.5,1061,99
1160,596.275,ga_tcheby_proxy,mesh9,4,6,0,"[4-3-6]",2,42,3.21103,0.97,0.420814,2,0.5,1062,99
1161,597.298,ga_tcheby_proxy,mesh9,2,0,0,"[2-1-0]",2,44,3.22898,0.97,0.426009,2,0.5,1063,99
1162,597.44,ga_tcheby_proxy,mesh9,4,1,0,"[4-1]",1,20,1.59654,0.975,0.399061,1,0.5,1064,99
1163,597.859,ga_tcheby_proxy,mesh9,5,3,0,"[5-4-3]",2,44,3.22898,0.97,0.423423,2,0.5,1065,99
1164,597.925,ga_tcheby_proxy,mesh9,0,7,0,"[0-1-4-7]",3,62,5.02474,0.900933,0.426009,3,0.5,1066,99
1165,599.348,ga_tcheby_proxy,mesh9,4,1,0,"[4-1]",1,20,1.59654,0.975,0.401869,1,0.5,1067,99
1166,599.754,ga_tcheby_proxy,mesh9,4,0,0,"[4-3-0]",2,42,3.21103,0.97,0.426009,2,0.5,1068,99
1167,599.891,ga_tcheby_proxy,mesh9,4,7,0,"[4-7]",1,20,1.59654,0.975,0.428571,1,0.5,1069,99
1168,600.615,ga_tcheby_proxy,mesh9,0,3,0,"[0-3]",1,20,1.59654,0.975,0.412844,1,0.5,1070,99
1169,600.782,ga_tcheby_proxy,mesh9,2,8,0,"[2-5-8]",2,40,3.19307,0.975,0.420814,2,0.5,1071,99
1170,601.969,ga_tcheby_proxy,mesh9,5,8,0,"[5-8]",1,20,1.59654,0.975,0.418182,1,0.5,1072,99
1171,603.256,ga_tcheby_proxy,mesh9,2,4,0,"[2-5-4]",2,42,3.21103,0.97,0.423423,2,0.5,1073,99
1172,603.407,ga_tcheby_proxy,mesh9,5,7,0,"[5-8-7]",2,42,3.21103,0.97,0.420814,2,0.5,1074,99
1173,603.532,ga_tcheby_proxy,mesh9,6,4,0,"[6-3-4]",2,42,3.21103,0.97,0.415525,2,0.5,1075,99
1174,604.075,ga_tcheby_proxy,mesh9,4,3,0,"[4-3]",1,22,1.61449,0.97,0.428571,1,0.5,1076,99
1175,604.646,ga_tcheby_proxy,mesh9,8,1,0,"[8-7-4-1]",3,62,4.80756,0.97,0.412844,3,0.5,1077,99
1176,604.901,ga_tcheby_proxy,mesh9,5,6,0,"[5-8-7-6]",3,64,4.82552,0.97,0.423423,3,0.5,1078,99
1177,604.981,ga_tcheby_proxy,mesh9,2,5,0,"[2-5]",1,20,1.59654,0.975,0.426009,1,0.5,1079,99
1178,605.361,ga_tcheby_proxy,mesh9,7,5,0,"[7-8-5]",2,42,3.21103,0.97,0.412844,2,0.5,1080,99
1179,605.878,ga_tcheby_proxy,mesh9,5,3,0,"[5-4-3]",2,44,3.22898,0.97,0.431111,2,0.5,1081,99
1180,606.647,ga_tcheby_proxy,mesh9,0,8,0,"[0-3-6-7-8]",4,84,6.42205,0.97,0.415525,4,0.5,1082,99
1181,606.989,ga_tcheby_proxy,mesh9,7,6,0,"[7-6]",1,22,1.61449,0.97,0.423423,1,0.5,1083,99
1182,607.33,ga_tcheby_proxy,mesh9,4,5,0,"[4-5]",1,22,1.61449,0.97,0.404651,1,0.5,1084,99
1183,607.343,ga_tcheby_proxy,mesh9,5,2,1,"[]",0,0,0,0,0,0,0.5,1084,100
1184,607.77,ga_tcheby_proxy,mesh9,3,6,0,"[3-6]",1,20,1.59654,0.975,0.393365,1,0.5,1085,100
1185,608.037,ga_tcheby_proxy,mesh9,8,5,0,"[8-5]",1,20,1.59654,0.975,0.38756,1,0.5,1086,100
1186,608.458,ga_tcheby_proxy,mesh9,6,3,0,"[6-3]",1,20,1.59654,0.975,0.418182,1,0.5,1087,100
1187,608.487,ga_tcheby_proxy,mesh9,7,3,1,"[]",0,0,0,0,0,0,0.5,1087,101
1188,608.981,ga_tcheby_proxy,mesh9,3,2,0,"[3-4-1-2]",3,64,4.82552,0.97,0.407407,3,0.5,1088,101
1189,610.462,ga_tcheby_proxy,mesh9,8,4,0,"[8-7-4]",2,42,3.21103,0.97,0.415525,2,0.5,1089,101
1190,610.696,ga_tcheby_proxy,mesh9,7,2,0,"[7-8-5-2]",3,62,4.80756,0.97,0.418182,3,0.5,1090,101
1191,611.858,ga_tcheby_proxy,mesh9,4,5,0,"[4-5]",1,22,1.61449,0.97,0.407407,1,0.5,1091,101
1192,611.871,ga_tcheby_proxy,mesh9,5,7,1,"[]",0,0,0,0,0,0,0.5,1091,102
1193,612.121,ga_tcheby_proxy,mesh9,3,5,0,"[3-4-5]",2,44,3.22898,0.97,0.410138,2,0.5,1092,102
1194,612.253,ga_tcheby_proxy,mesh9,7,8,0,"[7-8]",1,22,1.61449,0.97,0.420814,1,0.5,1093,102
1195,613.041,ga_tcheby_proxy,mesh9,4,3,0,"[4-3]",1,22,1.61449,0.97,0.433628,1,0.5,1094,102
1196,615.077,ga_tcheby_proxy,mesh9,0,2,0,"[0-1-2]",2,44,3.22898,0.97,0.393365,2,0.5,1095,102
1197,616.68,ga_tcheby_proxy,mesh9,2,7,0,"[2-5-8-7]",3,62,4.80756,0.97,0.428571,3,0.5,1096,102
1198,617.7,ga_tcheby_proxy,mesh9,2,8,0,"[2-5-8]",2,40,3.19307,0.975,0.431111,2,0.5,1097,102
1199,617.742,ga_tcheby_proxy,mesh9,0,4,1,"[]",0,0,0,0,0,0,0.5,1097,103
1200,617.902,ga_tcheby_proxy,mesh9,1,2,0,"[1-2]",1,22,1.61449,0.97,0.369458,1,0.5,1098,103
1201,618,ga_tcheby_proxy,mesh9,1,5,0,"[1-4-5]",2,42,3.21103,0.97,0.426009,2,0.5,1099,103
1202,618.398,ga_tcheby_proxy,mesh9,1,4,0,"[1-4]",1,20,1.59654,0.975,0.428571,1,0.5,1100,103
1203,618.426,ga_tcheby_proxy,mesh9,0,5,1,"[]",0,0,0,0,0,0,0.5,1100,104
1204,618.863,ga_tcheby_proxy,mesh9,8,6,0,"[8-7-6]",2,44,3.22898,0.97,0.426009,2,0.5,1101,104
1205,619.163,ga_tcheby_proxy,mesh9,4,0,0,"[4-1-0]",2,42,3.21103,0.97,0.428571,2,0.5,1102,104
1206,619.65,ga_tcheby_proxy,mesh9,1,8,0,"[1-4-7-8]",3,62,4.80756,0.97,0.431111,3,0.5,1103,104
1207,620.38,ga_tcheby_proxy,mesh9,1,2,0,"[1-2]",1,22,1.61449,0.97,0.372549,1,0.5,1104,104
1208,620.767,ga_tcheby_proxy,mesh9,1,7,0,"[1-4-7]",2,40,3.19307,0.975,0.433628,2,0.5,1105,104
1209,622.757,ga_tcheby_proxy,mesh9,6,1,0,"[6-7-4-1]",3,62,4.80756,0.97,0.418182,3,0.5,1106,104
1210,622.975,ga_tcheby_proxy,mesh9,7,4,0,"[7-4]",1,20,1.59654,0.975,0.420814,1,0.5,1107,104
1211,623.432,ga_tcheby_proxy,mesh9,3,8,0,"[3-6-7-8]",3,64,4.82552,0.97,0.426009,3,0.5,1108,104
1212,623.703,ga_tcheby_proxy,mesh9,2,4,0,"[2-5-4]",2,42,3.21103,0.97,0.433628,2,0.5,1109,104
1213,623.769,ga_tcheby_proxy,mesh9,5,8,0,"[5-8]",1,20,1.59654,0.975,0.431111,1,0.5,1110,104
1214,624.489,ga_tcheby_proxy,mesh9,4,6,0,"[4-7-6]",2,42,3.21103,0.97,0.436123,2,0.5,1111,104
1215,624.715,ga_tcheby_proxy,mesh9,5,3,0,"[5-4-3]",2,44,3.22898,0.97,0.436123,2,0.5,1112,104
1216,625.009,ga_tcheby_proxy,mesh9,6,3,0,"[6-3]",1,20,1.59654,0.975,0.420814,1,0.5,1113,104
1217,625.558,ga_tcheby_proxy,mesh9,2,6,0,"[2-1-0-3-6]",4,84,6.42205,0.97,0.431111,4,0.5,1114,104
1218,625.685,ga_tcheby_proxy,mesh9,4,1,0,"[4-1]",1,20,1.59654,0.975,0.415525,1,0.5,1115,104
1219,625.915,ga_tcheby_proxy,mesh9,3,0,0,"[3-0]",1,20,1.59654,0.975,0.412844,1,0.5,1116,104
1220,626.074,ga_tcheby_proxy,mesh9,6,1,0,"[6-7-4-1]",3,62,4.80756,0.97,0.423423,3,0.5,1117,104
1221,627.736,ga_tcheby_proxy,mesh9,8,0,0,"[8-7-6-3-0]",4,84,6.42205,0.97,0.431111,4,0.5,1118,104
1222,627.892,ga_tcheby_proxy,mesh9,3,1,0,"[3-0-1]",2,42,3.21103,0.97,0.418182,2,0.5,1119,104
1223,628.343,ga_tcheby_proxy,mesh9,2,4,0,"[2-5-4]",2,42,3.21103,0.97,0.436123,2,0.5,1120,104
1224,628.726,ga_tcheby_proxy,mesh9,5,8,0,"[5-8]",1,20,1.59654,0.975,0.433628,1,0.5,1121,104
1225,628.928,ga_tcheby_proxy,mesh9,1,0,0,"[1-0]",1,22,1.61449,0.97,0.433628,1,0.5,1122,104
1226,630.199,ga_tcheby_proxy,mesh9,8,6,0,"[8-7-6]",2,44,3.22898,0.97,0.433628,2,0.5,1123,104
1227,632.174,ga_tcheby_proxy,mesh9,7,5,0,"[7-4-5]",2,42,3.21103,0.97,0.426009,2,0.5,1124,104
1228,632.25,ga_tcheby_proxy,mesh9,1,5,0,"[1-2-5]",2,42,3.21103,0.97,0.438596,2,0.5,1125,104
1229,632.296,ga_tcheby_proxy,mesh9,6,4,1,"[]",0,0,0,0,0,0,0.5,1125,105
1230,632.976,ga_tcheby_proxy,mesh9,2,4,0,"[2-1-4]",2,42,3.21103,0.97,0.436123,2,0.5,1126,105
1231,633.063,ga_tcheby_proxy,mesh9,3,5,0,"[3-4-5]",2,44,3.22898,0.97,0.418182,2,0.5,1127,105
1232,633.779,ga_tcheby_proxy,mesh9,3,6,0,"[3-6]",1,20,1.59654,0.975,0.401869,1,0.5,1128,105
1233,634.814,ga_tcheby_proxy,mesh9,1,7,0,"[1-4-7]",2,40,3.19307,0.975,0.438596,2,0.5,1129,105
1234,636.122,ga_tcheby_proxy,mesh9,4,0,0,"[4-1-0]",2,42,3.21103,0.97,0.436123,2,0.5,1130,105
1235,636.583,ga_tcheby_proxy,mesh9,2,0,0,"[2-1-0]",2,44,3.22898,0.97,0.438596,2,0.5,1131,105
1236,636.638,ga_tcheby_proxy,mesh9,7,2,1,"[]",0,0,0,0,0,0,0.5,1131,106
1237,636.782,ga_tcheby_proxy,mesh9,1,6,0,"[1-0-3-6]",3,62,4.80756,0.97,0.441048,3,0.5,1132,106
1238,636.819,ga_tcheby_proxy,mesh9,3,1,1,"[]",0,0,0,0,0,0,0.5,1132,107
1239,636.866,ga_tcheby_proxy,mesh9,4,3,1,"[]",0,0,0,0,0,0,0.5,1132,108
1240,636.955,ga_tcheby_proxy,mesh9,6,1,0,"[6-3-4-1]",3,62,4.80756,0.97,0.426009,3,0.5,1133,108
1241,637.614,ga_tcheby_proxy,mesh9,7,6,0,"[7-6]",1,22,1.61449,0.97,0.436123,1,0.5,1134,108
1242,637.64,ga_tcheby_proxy,mesh9,4,8,1,"[]",0,0,0,0,0,0,0.5,1134,109
1243,637.847,ga_tcheby_proxy,mesh9,7,0,0,"[7-6-3-0]",3,62,4.80756,0.97,0.438596,3,0.5,1135,109
1244,638.269,ga_tcheby_proxy,mesh9,4,8,0,"[4-5-8]",2,42,3.21103,0.97,0.436123,2,0.5,1136,109
1245,638.44,ga_tcheby_proxy,mesh9,2,4,0,"[2-1-4]",2,42,3.21103,0.97,0.441048,2,0.5,1137,109
1246,639.16,ga_tcheby_proxy,mesh9,7,6,0,"[7-6]",1,22,1.61449,0.97,0.441048,1,0.5,1138,109
1247,639.244,ga_tcheby_proxy,mesh9,1,5,0,"[1-2-5]",2,42,3.21103,0.97,0.441048,2,0.5,1139,109
1248,639.877,ga_tcheby_proxy,mesh9,6,3,0,"[6-3]",1,20,1.59654,0.975,0.431111,1,0.5,1140,109
1249,640.055,ga_tcheby_proxy,mesh9,2,1,0,"[2-1]",1,22,1.61449,0.97,0.431111,1,0.5,1141,109
1250,640.064,ga_tcheby_proxy,mesh9,7,8,1,"[]",0,0,0,0,0,0,0.5,1141,110
1251,640.415,ga_tcheby_proxy,mesh9,0,4,0,"[0-3-4]",2,42,3.21103,0.97,0.423423,2,0.5,1142,110
1252,641.038,ga_tcheby_proxy,mesh9,1,3,0,"[1-4-3]",2,42,3.21103,0.97,0.443478,2,0.5,1143,110
1253,641.407,ga_tcheby_proxy,mesh9,2,4,0,"[2-5-4]",2,42,3.21103,0.97,0.443478,2,0.5,1144,110
1254,641.615,ga_tcheby_proxy,mesh9,7,1,0,"[7-4-1]",2,40,3.19307,0.975,0.428571,2,0.5,1145,110
1255,641.956,ga_tcheby_proxy,mesh9,6,0,0,"[6-3-0]",2,40,3.19307,0.975,0.433628,2,0.5,1146,110
1256,642.18,ga_tcheby_proxy,mesh9,8,3,0,"[8-5-4-3]",3,64,4.82552,0.97,0.441048,3,0.5,1147,110
1257,642.424,ga_tcheby_proxy,mesh9,5,0,0,"[5-2-1-0]",3,64,4.82552,0.97,0.443478,3,0.5,1148,110
1258,642.998,ga_tcheby_proxy,mesh9,2,4,0,"[2-1-4]",2,42,3.21103,0.97,0.445887,2,0.5,1149,110
1259,643.339,ga_tcheby_proxy,mesh9,0,2,0,"[0-1-2]",2,44,3.22898,0.97,0.399061,2,0.5,1150,110
1260,643.446,ga_tcheby_proxy,mesh9,6,8,0,"[6-7-8]",2,44,3.22898,0.97,0.428571,2,0.5,1151,110
1261,643.681,ga_tcheby_proxy,mesh9,8,7,0,"[8-7]",1,22,1.61449,0.97,0.415525,1,0.5,1152,110
1262,643.815,ga_tcheby_proxy,mesh9,7,2,0,"[7-4-5-2]",3,62,4.80756,0.97,0.431111,3,0.5,1153,110
1263,644.46,ga_tcheby_proxy,mesh9,6,2,0,"[6-7-8-5-2]",4,84,6.42205,0.97,0.431111,4,0.5,1154,110
1264,645.019,ga_tcheby_proxy,mesh9,6,1,0,"[6-7-4-1]",3,62,4.80756,0.97,0.433628,3,0.5,1155,110
1265,645.243,ga_tcheby_proxy,mesh9,7,2,0,"[7-8-5-2]",3,62,4.80756,0.97,0.433628,3,0.5,1156,110
1266,645.244,ga_tcheby_proxy,mesh9,4,2,0,"[4-1-2]",2,42,3.24955,0.958009,0.431111,2,0.5,1157,110
1267,645.414,ga_tcheby_proxy,mesh9,3,2,0,"[3-4-5-2]",3,64,4.82552,0.97,0.426009,3,0.5,1158,110
1268,645.719,ga_tcheby_proxy,mesh9,3,7,0,"[3-6-7]",2,42,3.21103,0.97,0.433628,2,0.5,1159,110
1269,646.363,ga_tcheby_proxy,mesh9,1,6,0,"[1-0-3-6]",3,62,4.80756,0.97,0.445887,3,0.5,1160,110
1270,647.387,ga_tcheby_proxy,mesh9,0,3,0,"[0-3]",1,20,1.59654,0.975,0.428571,1,0.5,1161,110
1271,647.74,ga_tcheby_proxy,mesh9,5,3,0,"[5-4-3]",2,44,3.22898,0.97,0.443478,2,0.5,1162,110
1272,648.2,ga_tcheby_proxy,mesh9,0,6,0,"[0-3-6]",2,40,3.19307,0.975,0.431111,2,0.5,1163,110
1273,649.42,ga_tcheby_proxy,mesh9,0,8,0,"[0-3-6-7-8]",4,84,6.42205,0.97,0.436123,4,0.5,1164,110
1274,650.166,ga_tcheby_proxy,mesh9,8,2,0,"[8-5-2]",2,40,3.19307,0.975,0.401869,2,0.5,1165,110
1275,650.816,ga_tcheby_proxy,mesh9,2,3,0,"[2-5-4-3]",3,64,4.82552,0.97,0.445887,3,0.5,1166,110
1276,651.333,ga_tcheby_proxy,mesh9,5,2,0,"[5-2]",1,20,1.59654,0.975,0.404651,1,0.5,1167,110
1277,651.551,ga_tcheby_proxy,mesh9,5,4,0,"[5-4]",1,22,1.61449,0.97,0.443478,1,0.5,1168,110
1278,652.446,ga_tcheby_proxy,mesh9,5,3,0,"[5-4-3]",2,44,3.22898,0.97,0.448276,2,0.5,1169,110
1279,652.456,ga_tcheby_proxy,mesh9,7,1,1,"[]",0,0,0,0,0,0,0.5,1169,111
1280,653.045,ga_tcheby_proxy,mesh9,4,8,0,"[4-5-8]",2,42,3.21103,0.97,0.438596,2,0.5,1170,111
1281,653.367,ga_tcheby_proxy,mesh9,1,8,0,"[1-4-7-8]",3,62,4.80756,0.97,0.448276,3,0.5,1171,111
1282,653.384,ga_tcheby_proxy,mesh9,3,5,1,"[]",0,0,0,0,0,0,0.5,1171,112
1283,653.42,ga_tcheby_proxy,mesh9,5,8,1,"[]",0,0,0,0,0,0,0.5,1171,113
1284,655.651,ga_tcheby_proxy,mesh9,4,2,0,"[4-5-2]",2,42,3.21103,0.97,0.431111,2,0.5,1172,113
1285,655.718,ga_tcheby_proxy,mesh9,7,1,0,"[7-4-1]",2,40,3.2102,0.964264,0.436123,2,0.5,1173,113
1286,656.681,ga_tcheby_proxy,mesh9,7,1,0,"[7-4-1]",2,40,3.19307,0.975,0.438596,2,0.5,1174,113
1287,657.169,ga_tcheby_proxy,mesh9,7,4,0,"[7-4]",1,20,1.59654,0.975,0.441048,1,0.5,1175,113
1288,658.331,ga_tcheby_proxy,mesh9,6,1,0,"[6-3-0-1]",3,62,4.80756,0.97,0.436123,3,0.5,1176,113
1289,659.269,ga_tcheby_proxy,mesh9,3,8,0,"[3-6-7-8]",3,64,4.82552,0.97,0.441048,3,0.5,1177,113
1290,659.349,ga_tcheby_proxy,mesh9,0,6,0,"[0-3-6]",2,40,3.19307,0.975,0.436123,2,0.5,1178,113
1291,659.549,ga_tcheby_proxy,mesh9,0,1,0,"[0-1]",1,22,1.61449,0.97,0.404651,1,0.5,1179,113
1292,661.49,ga_tcheby_proxy,mesh9,4,5,0,"[4-5]",1,22,1.61449,0.97,0.433628,1,0.5,1180,113
1293,661.755,ga_tcheby_proxy,mesh9,5,4,0,"[5-4]",1,22,1.61449,0.97,0.448276,1,0.5,1181,113
1294,662.02,ga_tcheby_proxy,mesh9,7,6,0,"[7-6]",1,22,1.61449,0.97,0.443478,1,0.5,1182,113
1295,662.594,ga_tcheby_proxy,mesh9,1,4,0,"[1-4]",1,20,1.59654,0.975,0.450644,1,0.5,1183,113
1296,662.692,ga_tcheby_proxy,mesh9,1,7,0,"[1-4-7]",2,40,3.19307,0.975,0.452991,2,0.5,1184,113
1297,664.092,ga_tcheby_proxy,mesh9,5,6,0,"[5-8-7-6]",3,64,4.82552,0.97,0.445887,3,0.5,1185,113
1298,664.826,ga_tcheby_proxy,mesh9,7,0,0,"[7-6-3-0]",3,62,4.80756,0.97,0.448276,3,0.5,1186,113
1299,665.418,ga_tcheby_proxy,mesh9,0,8,0,"[0-3-6-7-8]",4,84,6.42205,0.97,0.443478,4,0.5,1187,113
1300,667.347,ga_tcheby_proxy,mesh9,3,4,0,"[3-4]",1,22,1.61449,0.97,0.412844,1,0.5,1188,113
1301,667.417,ga_tcheby_proxy,mesh9,3,6,0,"[3-6]",1,20,1.62295,0.958544,0.426009,1,0.5,1189,113
1302,667.714,ga_tcheby_proxy,mesh9,2,5,0,"[2-5]",1,20,1.59654,0.975,0.448276,1,0.5,1190,113
1303,667.811,ga_tcheby_proxy,mesh9,5,0,0,"[5-2-1-0]",3,64,4.82552,0.97,0.448276,3,0.5,1191,113
1304,668.287,ga_tcheby_proxy,mesh9,8,3,0,"[8-7-6-3]",3,64,4.82552,0.97,0.450644,3,0.5,1192,113
1305,668.802,ga_tcheby_proxy,mesh9,8,1,0,"[8-5-2-1]",3,62,4.80756,0.97,0.441048,3,0.5,1193,113
1306,668.826,ga_tcheby_proxy,mesh9,0,2,1,"[]",0,0,0,0,0,0,0.5,1193,114
1307,668.876,ga_tcheby_proxy,mesh9,1,7,1,"[]",0,0,0,0,0,0,0.5,1193,115
1308,669.118,ga_tcheby_proxy,mesh9,6,1,0,"[6-7-4-1]",3,62,4.80756,0.97,0.443478,3,0.5,1194,115
1309,669.922,ga_tcheby_proxy,mesh9,7,8,0,"[7-8]",1,22,1.61449,0.97,0.445887,1,0.5,1195,115
1310,670.766,ga_tcheby_proxy,mesh9,1,3,0,"[1-0-3]",2,42,3.21103,0.97,0.450644,2,0.5,1196,115
1311,671.514,ga_tcheby_proxy,mesh9,4,2,0,"[4-5-2]",2,42,3.21103,0.97,0.436123,2,0.5,1197,115
1312,671.7,ga_tcheby_proxy,mesh9,0,4,0,"[0-3-4]",2,42,3.21103,0.97,0.443478,2,0.5,1198,115
1313,671.963,ga_tcheby_proxy,mesh9,5,4,0,"[5-4]",1,22,1.61449,0.97,0.450644,1,0.5,1199,115
1314,672.549,ga_tcheby_proxy,mesh9,0,1,0,"[0-1]",1,22,1.61449,0.97,0.407407,1,0.5,1200,115
1315,672.591,ga_tcheby_proxy,mesh9,1,7,1,"[]",0,0,0,0,0,0,0.5,1200,116
1316,673.019,ga_tcheby_proxy,mesh9,0,6,0,"[0-3-6]",2,40,3.19307,0.975,0.445887,2,0.5,1201,116
1317,673.165,ga_tcheby_proxy,mesh9,1,6,0,"[1-0-3-6]",3,62,4.80756,0.97,0.452991,3,0.5,1202,116
1318,674.493,ga_tcheby_proxy,mesh9,4,1,0,"[4-1]",1,20,1.59654,0.975,0.441048,1,0.5,1203,116
1319,675.239,ga_tcheby_proxy,mesh9,2,6,0,"[2-5-8-7-6]",4,84,6.42205,0.97,0.452991,4,0.5,1204,116
1320,676.13,ga_tcheby_proxy,mesh9,0,1,0,"[0-1]",1,22,1.61449,0.97,0.410138,1,0.5,1205,116
1321,676.297,ga_tcheby_proxy,mesh9,3,5,0,"[3-4-5]",2,44,3.22898,0.97,0.438596,2,0.5,1206,116
1322,676.581,ga_tcheby_proxy,mesh9,5,1,0,"[5-2-1]",2,42,3.21103,0.97,0.443478,2,0.5,1207,116
1323,678.726,ga_tcheby_proxy,mesh9,3,8,0,"[3-4-5-8]",3,64,4.82552,0.97,0.445887,3,0.5,1208,116
1324,678.769,ga_tcheby_proxy,mesh9,0,5,1,"[]",0,0,0,0,0,0,0.5,1208,117
1325,680.278,ga_tcheby_proxy,mesh9,8,3,0,"[8-7-4-3]",3,64,4.82552,0.97,0.450644,3,0.5,1209,117
1326,681.137,ga_tcheby_proxy,mesh9,4,0,0,"[4-3-0]",2,42,3.21103,0.97,0.452991,2,0.5,1210,117
1327,681.381,ga_tcheby_proxy,mesh9,3,1,0,"[3-0-1]",2,42,3.21103,0.97,0.433628,2,0.5,1211,117
1328,681.764,ga_tcheby_proxy,mesh9,3,8,0,"[3-4-5-8]",3,64,4.82552,0.97,0.448276,3,0.5,1212,117
1329,683.17,ga_tcheby_proxy,mesh9,2,4,0,"[2-5-4]",2,42,3.21103,0.97,0.452991,2,0.5,1213,117
1330,683.688,ga_tcheby_proxy,mesh9,8,3,0,"[8-5-4-3]",3,64,4.82552,0.97,0.455319,3,0.5,1214,117
1331,683.833,ga_tcheby_proxy,mesh9,4,5,0,"[4-5]",1,22,1.61449,0.97,0.445887,1,0.5,1215,117
1332,684.024,ga_tcheby_proxy,mesh9,1,7,0,"[1-4-7]",2,40,3.19307,0.975,0.455319,2,0.5,1216,117
1333,684.118,ga_tcheby_proxy,mesh9,1,4,0,"[1-4]",1,20,1.59654,0.975,0.457627,1,0.5,1217,117
1334,685.856,ga_tcheby_proxy,mesh9,8,4,0,"[8-7-4]",2,42,3.21103,0.97,0.448276,2,0.5,1218,117
1335,686.537,ga_tcheby_proxy,mesh9,8,3,0,"[8-7-6-3]",3,64,4.82552,0.97,0.455319,3,0.5,1219,117
1336,686.865,ga_tcheby_proxy,mesh9,5,1,0,"[5-2-1]",2,42,3.21103,0.97,0.445887,2,0.5,1220,117
1337,686.931,ga_tcheby_proxy,mesh9,7,8,1,"[]",0,0,0,0,0,0,0.5,1220,118
1338,688.298,ga_tcheby_proxy,mesh9,1,2,0,"[1-2]",1,22,1.61449,0.97,0.38756,1,0.5,1221,118
1339,688.538,ga_tcheby_proxy,mesh9,5,2,0,"[5-2]",1,20,1.59654,0.975,0.423423,1,0.5,1222,118
1340,688.618,ga_tcheby_proxy,mesh9,6,7,0,"[6-7]",1,22,1.61449,0.97,0.445887,1,0.5,1223,118
1341,688.829,ga_tcheby_proxy,mesh9,3,7,0,"[3-6-7]",2,42,3.21103,0.97,0.448276,2,0.5,1224,118
1342,689.226,ga_tcheby_proxy,mesh9,1,6,0,"[1-0-3-6]",3,62,4.80756,0.97,0.455319,3,0.5,1225,118
1343,689.598,ga_tcheby_proxy,mesh9,6,0,0,"[6-3-0]",2,40,3.19307,0.975,0.445887,2,0.5,1226,118
1344,690.884,ga_tcheby_proxy,mesh9,4,0,0,"[4-3-0]",2,42,3.21103,0.97,0.457627,2,0.5,1227,118
1345,691.068,ga_tcheby_proxy,mesh9,0,4,0,"[0-3-4]",2,42,3.21103,0.97,0.452991,2,0.5,1228,118
1346,691.275,ga_tcheby_proxy,mesh9,1,5,0,"[1-2-5]",2,42,3.21103,0.97,0.455319,2,0.5,1229,118
1347,691.427,ga_tcheby_proxy,mesh9,8,3,0,"[8-7-6-3]",3,64,4.82552,0.97,0.457627,3,0.5,1230,118
1348,691.903,ga_tcheby_proxy,mesh9,1,0,0,"[1-0]",1,22,1.61449,0.97,0.457627,1,0.5,1231,118
1349,692.417,ga_tcheby_proxy,mesh9,1,5,0,"[1-2-5]",2,42,3.21103,0.97,0.457627,2,0.5,1232,118
1350,692.923,ga_tcheby_proxy,mesh9,4,3,0,"[4-3]",1,22,1.61449,0.97,0.459916,1,0.5,1233,118
1351,693.093,ga_tcheby_proxy,mesh9,0,4,0,"[0-3-4]",2,42,3.21103,0.97,0.455319,2,0.5,1234,118
1352,693.362,ga_tcheby_proxy,mesh9,5,8,0,"[5-8]",1,20,1.59654,0.975,0.450644,1,0.5,1235,118
1353,693.381,ga_tcheby_proxy,mesh9,2,6,1,"[]",0,0,0,0,0,0,0.5,1235,119
1354,694.011,ga_tcheby_proxy,mesh9,0,7,0,"[0-3-6-7]",3,62,4.80756,0.97,0.457627,3,0.5,1236,119
1355,695.012,ga_tcheby_proxy,mesh9,3,6,0,"[3-6]",1,20,1.59654,0.975,0.441048,1,0.5,1237,119
1356,696.844,ga_tcheby_proxy,mesh9,3,5,0,"[3-4-5]",2,44,3.22898,0.97,0.448276,2,0.5,1238,119
1357,696.874,ga_tcheby_proxy,mesh9,0,6,1,"[]",0,0,0,0,0,0,0.5,1238,120
1358,696.943,ga_tcheby_proxy,mesh9,8,2,0,"[8-5-2]",2,40,3.19307,0.975,0.426009,2,0.5,1239,120
1359,696.966,ga_tcheby_proxy,mesh9,5,1,1,"[]",0,0,0,0,0,0,0.5,1239,121
1360,697.086,ga_tcheby_proxy,mesh9,8,5,0,"[8-5]",1,20,1.59654,0.975,0.412844,1,0.5,1240,121
1361,697.923,ga_tcheby_proxy,mesh9,4,6,0,"[4-7-6]",2,42,3.21103,0.97,0.459916,2,0.5,1241,121
1362,698.296,ga_tcheby_proxy,mesh9,3,7,0,"[3-4-7]",2,42,3.21103,0.97,0.450644,2,0.5,1242,121
1363,698.914,ga_tcheby_proxy,mesh9,1,8,0,"[1-4-5-8]",3,62,4.80756,0.97,0.459916,3,0.5,1243,121
1364,699.626,ga_tcheby_proxy,mesh9,5,6,0,"[5-8-7-6]",3,64,4.82552,0.97,0.462185,3,0.5,1244,121
1365,699.715,ga_tcheby_proxy,mesh9,3,7,0,"[3-4-7]",2,42,3.21103,0.97,0.452991,2,0.5,1245,121
1366,700.228,ga_tcheby_proxy,mesh9,4,2,0,"[4-1-2]",2,42,3.21103,0.97,0.443478,2,0.5,1246,121
1367,700.73,ga_tcheby_proxy,mesh9,0,7,0,"[0-3-6-7]",3,62,4.80756,0.97,0.459916,3,0.5,1247,121
1368,700.777,ga_tcheby_proxy,mesh9,1,3,1,"[]",0,0,0,0,0,0,0.5,1247,122
1369,701.043,ga_tcheby_proxy,mesh9,0,8,0,"[0-1-2-5-8]",4,84,6.42205,0.97,0.459916,4,0.5,1248,122
1370,701.243,ga_tcheby_proxy,mesh9,1,7,0,"[1-4-7]",2,40,3.19307,0.975,0.462185,2,0.5,1249,122
1371,702.265,ga_tcheby_proxy,mesh9,0,6,0,"[0-3-6]",2,40,3.19307,0.975,0.462185,2,0.5,1250,122
1372,702.333,ga_tcheby_proxy,mesh9,6,5,1,"[]",0,0,0,0,0,0,0.5,1250,123
1373,702.468,ga_tcheby_proxy,mesh9,7,2,0,"[7-8-5-2]",3,62,4.80756,0.97,0.448276,3,0.5,1251,123
1374,703.054,ga_tcheby_proxy,mesh9,2,8,0,"[2-5-8]",2,40,3.19307,0.975,0.462185,2,0.5,1252,123
1375,703.084,ga_tcheby_proxy,mesh9,4,6,1,"[]",0,0,0,0,0,0,0.5,1252,124
1376,704.724,ga_tcheby_proxy,mesh9,6,2,0,"[6-3-4-1-2]",4,84,6.42205,0.97,0.450644,4,0.5,1253,124
1377,706.712,ga_tcheby_proxy,mesh9,7,6,0,"[7-6]",1,22,1.61449,0.97,0.464435,1,0.5,1254,124
1378,707.232,ga_tcheby_proxy,mesh9,7,4,0,"[7-4]",1,20,1.59654,0.975,0.450644,1,0.5,1255,124
1379,707.604,ga_tcheby_proxy,mesh9,7,3,0,"[7-4-3]",2,42,3.21103,0.97,0.462185,2,0.5,1256,124
1380,708.331,ga_tcheby_proxy,mesh9,0,3,0,"[0-3]",1,20,1.59654,0.975,0.464435,1,0.5,1257,124
1381,708.374,ga_tcheby_proxy,mesh9,5,3,1,"[]",0,0,0,0,0,0,0.5,1257,125
1382,711.755,ga_tcheby_proxy,mesh9,6,7,0,"[6-7]",1,22,1.61449,0.97,0.455319,1,0.5,1258,125
1383,711.779,ga_tcheby_proxy,mesh9,4,2,1,"[]",0,0,0,0,0,0,0.5,1258,126
1384,712.449,ga_tcheby_proxy,mesh9,6,4,0,"[6-3-4]",2,42,3.21103,0.97,0.452991,2,0.5,1259,126
1385,712.486,ga_tcheby_proxy,mesh9,2,3,1,"[]",0,0,0,0,0,0,0.5,1259,127
1386,712.598,ga_tcheby_proxy,mesh9,5,8,0,"[5-8]",1,20,1.59654,0.975,0.462185,1,0.5,1260,127
1387,712.615,ga_tcheby_proxy,mesh9,6,0,1,"[]",0,0,0,0,0,0,0.5,1260,128
1388,712.742,ga_tcheby_proxy,mesh9,3,7,0,"[3-6-7]",2,42,3.21103,0.97,0.457627,2,0.5,1261,128
1389,713.896,ga_tcheby_proxy,mesh9,1,7,0,"[1-4-7]",2,40,3.19307,0.975,0.464435,2,0.5,1262,128
1390,714.135,ga_tcheby_proxy,mesh9,6,5,0,"[6-3-4-5]",3,64,4.82552,0.97,0.455319,3,0.5,1263,128
1391,714.667,ga_tcheby_proxy,mesh9,1,0,0,"[1-0]",1,22,1.61449,0.97,0.459916,1,0.5,1264,128
1392,716.9,ga_tcheby_proxy,mesh9,7,3,0,"[7-4-3]",2,42,3.21103,0.97,0.464435,2,0.5,1265,128
1393,716.918,ga_tcheby_proxy,mesh9,8,2,1,"[]",0,0,0,0,0,0,0.5,1265,129
1394,717.52,ga_tcheby_proxy,mesh9,3,2,0,"[3-0-1-2]",3,64,4.82552,0.97,0.441048,3,0.5,1266,129
1395,718.264,ga_tcheby_proxy,mesh9,4,2,0,"[4-1-2]",2,42,3.21103,0.97,0.448276,2,0.5,1267,129
1396,718.279,ga_tcheby_proxy,mesh9,7,1,1,"[]",0,0,0,0,0,0,0.5,1267,130
1397,718.549,ga_tcheby_proxy,mesh9,8,0,0,"[8-5-2-1-0]",4,84,6.42205,0.97,0.462185,4,0.5,1268,130
1398,718.663,ga_tcheby_proxy,mesh9,7,4,0,"[7-4]",1,20,1.59654,0.975,0.457627,1,0.5,1269,130
1399,719.503,ga_tcheby_proxy,mesh9,8,3,0,"[8-5-4-3]",3,64,4.82552,0.97,0.466667,3,0.5,1270,130
1400,719.8,ga_tcheby_proxy,mesh9,7,1,0,"[7-4-1]",2,40,3.19307,0.975,0.459916,2,0.5,1271,130
1401,720.051,ga_tcheby_proxy,mesh9,0,2,0,"[0-1-2]",2,44,3.22898,0.97,0.420814,2,0.5,1272,130
1402,721.21,ga_tcheby_proxy,mesh9,3,8,0,"[3-6-7-8]",3,64,4.82552,0.97,0.459916,3,0.5,1273,130
1403,721.223,ga_tcheby_proxy,mesh9,6,4,1,"[]",0,0,0,0,0,0,0.5,1273,131
1404,721.578,ga_tcheby_proxy,mesh9,7,3,0,"[7-6-3]",2,42,3.21103,0.97,0.466667,2,0.5,1274,131
1405,722.319,ga_tcheby_proxy,mesh9,3,1,0,"[3-0-1]",2,42,3.21103,0.97,0.443478,2,0.5,1275,131
1406,723.494,ga_tcheby_proxy,mesh9,7,0,0,"[7-4-1-0]",3,62,4.80756,0.97,0.464435,3,0.5,1276,131
1407,723.556,ga_tcheby_proxy,mesh9,7,6,1,"[]",0,0,0,0,0,0,0.5,1276,132
1408,724.034,ga_tcheby_proxy,mesh9,7,3,0,"[7-6-3]",2,42,3.21103,0.97,0.46888,2,0.5,1277,132
1409,724.136,ga_tcheby_proxy,mesh9,5,3,0,"[5-4-3]",2,44,3.22898,0.97,0.46888,2,0.5,1278,132
1410,724.203,ga_tcheby_proxy,mesh9,3,1,0,"[3-4-1]",2,42,3.32001,0.906138,0.455319,2,0.5,1279,132
1411,724.898,ga_tcheby_proxy,mesh9,7,1,0,"[7-4-1]",2,40,3.19307,0.975,0.464435,2,0.5,1280,132
1412,725.025,ga_tcheby_proxy,mesh9,4,8,0,"[4-7-8]",2,42,3.21103,0.97,0.459916,2,0.5,1281,132
1413,726.278,ga_tcheby_proxy,mesh9,1,0,0,"[1-0]",1,22,1.61449,0.97,0.466667,1,0.5,1282,132
1414,727.284,ga_tcheby_proxy,mesh9,1,6,0,"[1-0-3-6]",3,62,4.80756,0.97,0.46888,3,0.5,1283,132
1415,727.677,ga_tcheby_proxy,mesh9,0,6,0,"[0-3-6]",2,40,3.19307,0.975,0.46888,2,0.5,1284,132
1416,727.879,ga_tcheby_proxy,mesh9,2,4,0,"[2-5-4]",2,42,3.21103,0.97,0.464435,2,0.5,1285,132
1417,728.136,ga_tcheby_proxy,mesh9,5,4,0,"[5-4]",1,22,1.61449,0.97,0.464435,1,0.5,1286,132
1418,728.749,ga_tcheby_proxy,mesh9,6,1,0,"[6-3-4-1]",3,62,4.80756,0.97,0.462185,3,0.5,1287,132
1419,728.996,ga_tcheby_proxy,mesh9,1,5,0,"[1-2-5]",2,42,3.21103,0.97,0.466667,2,0.5,1288,132
1420,729.249,ga_tcheby_proxy,mesh9,3,5,0,"[3-4-5]",2,44,3.22898,0.97,0.455319,2,0.5,1289,132
1421,730.003,ga_tcheby_proxy,mesh9,3,8,0,"[3-4-7-8]",3,64,4.82552,0.97,0.462185,3,0.5,1290,132
1422,730.065,ga_tcheby_proxy,mesh9,2,4,1,"[]",0,0,0,0,0,0,0.5,1290,133
1423,730.76,ga_tcheby_proxy,mesh9,0,5,0,"[0-1-4-5]",3,64,4.82552,0.97,0.466667,3,0.5,1291,133
1424,730.841,ga_tcheby_proxy,mesh9,7,5,0,"[7-8-5]",2,42,3.21103,0.97,0.457627,2,0.5,1292,133
1425,730.961,ga_tcheby_proxy,mesh9,0,6,0,"[0-3-6]",2,40,3.19307,0.975,0.471074,2,0.5,1293,133
1426,731.129,ga_tcheby_proxy,mesh9,5,4,0,"[5-4]",1,22,1.61449,0.97,0.466667,1,0.5,1294,133
1427,732.251,ga_tcheby_proxy,mesh9,7,2,0,"[7-8-5-2]",3,62,4.80756,0.97,0.459916,3,0.5,1295,133
1428,732.411,ga_tcheby_proxy,mesh9,3,6,0,"[3-6]",1,20,1.59654,0.975,0.459916,1,0.5,1296,133
1429,732.573,ga_tcheby_proxy,mesh9,3,4,0,"[3-4]",1,22,1.61449,0.97,0.455319,1,0.5,1297,133
1430,733.025,ga_tcheby_proxy,mesh9,7,5,0,"[7-8-5]",2,42,3.21103,0.97,0.462185,2,0.5,1298,133
1431,733.565,ga_tcheby_proxy,mesh9,8,5,0,"[8-5]",1,20,1.59654,0.975,0.431111,1,0.5,1299,133
1432,733.959,ga_tcheby_proxy,mesh9,0,4,0,"[0-1-4]",2,42,3.21103,0.97,0.46888,2,0.5,1300,133
1433,733.973,ga_tcheby_proxy,mesh9,3,7,1,"[]",0,0,0,0,0,0,0.5,1300,134
1434,734.003,ga_tcheby_proxy,mesh9,7,5,1,"[]",0,0,0,0,0,0,0.5,1300,135
1435,734.052,ga_tcheby_proxy,mesh9,1,6,1,"[]",0,0,0,0,0,0,0.5,1300,136
1436,734.319,ga_tcheby_proxy,mesh9,4,6,0,"[4-7-6]",2,42,3.21103,0.97,0.471074,2,0.5,1301,136
1437,734.604,ga_tcheby_proxy,mesh9,2,1,0,"[2-1]",1,22,1.61449,0.97,0.450644,1,0.5,1302,136
1438,734.688,ga_tcheby_proxy,mesh9,6,5,0,"[6-3-4-5]",3,64,4.82552,0.97,0.464435,3,0.5,1303,136
1439,735.162,ga_tcheby_proxy,mesh9,2,8,0,"[2-5-8]",2,40,3.19307,0.975,0.46888,2,0.5,1304,136
1440,735.925,ga_tcheby_proxy,mesh9,2,7,0,"[2-5-4-7]",3,62,4.80756,0.97,0.471074,3,0.5,1305,136
1441,735.931,ga_tcheby_proxy,mesh9,0,6,1,"[]",0,0,0,0,0,0,0.5,1305,137
1442,736.344,ga_tcheby_proxy,mesh9,3,6,0,"[3-6]",1,20,1.59654,0.975,0.462185,1,0.5,1306,137
1443,736.468,ga_tcheby_proxy,mesh9,3,1,0,"[3-0-1]",2,42,3.21103,0.97,0.445887,2,0.5,1307,137
1444,737.357,ga_tcheby_proxy,mesh9,4,5,0,"[4-5]",1,22,1.61449,0.97,0.462185,1,0.5,1308,137
1445,738.376,ga_tcheby_proxy,mesh9,4,5,0,"[4-5]",1,22,1.61449,0.97,0.464435,1,0.5,1309,137
1446,738.464,ga_tcheby_proxy,mesh9,2,1,0,"[2-1]",1,22,1.61449,0.97,0.452991,1,0.5,1310,137
1447,738.722,ga_tcheby_proxy,mesh9,5,2,0,"[5-2]",1,20,1.59654,0.975,0.436123,1,0.5,1311,137
1448,738.884,ga_tcheby_proxy,mesh9,3,2,0,"[3-0-1-2]",3,64,4.82552,0.97,0.448276,3,0.5,1312,137
1449,738.975,ga_tcheby_proxy,mesh9,1,4,0,"[1-4]",1,20,1.59654,0.975,0.471074,1,0.5,1313,137
1450,739.098,ga_tcheby_proxy,mesh9,1,4,0,"[1-4]",1,20,1.59654,0.975,0.473251,1,0.5,1314,137
1451,739.872,ga_tcheby_proxy,mesh9,6,3,0,"[6-3]",1,20,1.59654,0.975,0.466667,1,0.5,1315,137
1452,739.945,ga_tcheby_proxy,mesh9,6,8,0,"[6-7-8]",2,44,3.22898,0.97,0.464435,2,0.5,1316,137
1453,740.116,ga_tcheby_proxy,mesh9,4,1,0,"[4-1]",1,20,1.59654,0.975,0.462185,1,0.5,1317,137
1454,740.329,ga_tcheby_proxy,mesh9,4,0,0,"[4-3-0]",2,42,3.21103,0.97,0.471074,2,0.5,1318,137
1455,740.695,ga_tcheby_proxy,mesh9,0,2,0,"[0-1-2]",2,44,3.22898,0.97,0.436123,2,0.5,1319,137
1456,741.235,ga_tcheby_proxy,mesh9,2,6,0,"[2-5-4-7-6]",4,84,6.42205,0.97,0.473251,4,0.5,1320,137
1457,741.381,ga_tcheby_proxy,mesh9,2,1,0,"[2-1]",1,22,1.61449,0.97,0.455319,1,0.5,1321,137
1458,742.977,ga_tcheby_proxy,mesh9,4,2,0,"[4-1-2]",2,42,3.21103,0.97,0.464435,2,0.5,1322,137
1459,743.001,ga_tcheby_proxy,mesh9,4,1,1,"[]",0,0,0,0,0,0,0.5,1322,138
1460,743.028,ga_tcheby_proxy,mesh9,6,5,1,"[]",0,0,0,0,0,0,0.5,1322,139
1461,743.133,ga_tcheby_proxy,mesh9,2,3,0,"[2-1-0-3]",3,64,4.82552,0.97,0.473251,3,0.5,1323,139
1462,743.159,ga_tcheby_proxy,mesh9,8,6,1,"[]",0,0,0,0,0,0,0.5,1323,140
1463,743.54,ga_tcheby_proxy,mesh9,6,8,0,"[6-7-8]",2,44,3.22898,0.97,0.466667,2,0.5,1324,140
1464,743.993,ga_tcheby_proxy,mesh9,2,1,0,"[2-1]",1,22,1.61449,0.97,0.459916,1,0.5,1325,140
1465,744.59,ga_tcheby_proxy,mesh9,5,6,0,"[5-4-3-6]",3,64,4.82552,0.97,0.473251,3,0.5,1326,140
1466,744.931,ga_tcheby_proxy,mesh9,5,1,0,"[5-2-1]",2,42,3.21103,0.97,0.462185,2,0.5,1327,140
1467,746.303,ga_tcheby_proxy,mesh9,6,2,0,"[6-7-4-1-2]",4,84,6.42205,0.97,0.466667,4,0.5,1328,140
1468,746.455,ga_tcheby_proxy,mesh9,4,3,0,"[4-3]",1,22,1.61449,0.97,0.47541,1,0.5,1329,140
1469,746.885,ga_tcheby_proxy,mesh9,6,5,0,"[6-7-8-5]",3,64,4.82552,0.97,0.46888,3,0.5,1330,140
1470,747.012,ga_tcheby_proxy,mesh9,7,1,0,"[7-4-1]",2,40,3.19307,0.975,0.46888,2,0.5,1331,140
1471,747.193,ga_tcheby_proxy,mesh9,3,6,0,"[3-6]",1,20,1.59654,0.975,0.466667,1,0.5,1332,140
1472,748.233,ga_tcheby_proxy,mesh9,5,0,0,"[5-2-1-0]",3,64,4.82552,0.97,0.473251,3,0.5,1333,140
1473,748.259,ga_tcheby_proxy,mesh9,7,4,1,"[]",0,0,0,0,0,0,0.5,1333,141
1474,748.274,ga_tcheby_proxy,mesh9,0,3,1,"[]",0,0,0,0,0,0,0.5,1333,142
1475,748.915,ga_tcheby_proxy,mesh9,1,8,0,"[1-2-5-8]",3,62,4.80756,0.97,0.47541,3,0.5,1334,142
1476,749.7,ga_tcheby_proxy,mesh9,8,5,0,"[8-5]",1,20,1.59654,0.975,0.436123,1,0.5,1335,142
1477,750.766,ga_tcheby_proxy,mesh9,6,7,0,"[6-7]",1,22,1.61449,0.97,0.471074,1,0.5,1336,142
1478,751.245,ga_tcheby_proxy,mesh9,4,8,0,"[4-5-8]",2,42,3.21103,0.97,0.46888,2,0.5,1337,142
1479,751.353,ga_tcheby_proxy,mesh9,1,5,0,"[1-4-5]",2,42,3.21103,0.97,0.47541,2,0.5,1338,142
1480,752.055,ga_tcheby_proxy,mesh9,7,4,0,"[7-4]",1,20,1.59654,0.975,0.471074,1,0.5,1339,142
1481,753.771,ga_tcheby_proxy,mesh9,5,6,0,"[5-4-7-6]",3,64,4.82552,0.97,0.47541,3,0.5,1340,142
1482,754.846,ga_tcheby_proxy,mesh9,2,8,0,"[2-5-8]",2,40,3.19307,0.975,0.477551,2,0.5,1341,142
1483,755.147,ga_tcheby_proxy,mesh9,3,1,0,"[3-0-1]",2,42,3.21103,0.97,0.452991,2,0.5,1342,142
1484,755.507,ga_tcheby_proxy,mesh9,6,1,0,"[6-3-0-1]",3,62,4.80756,0.97,0.46888,3,0.5,1343,142
1485,756.51,ga_tcheby_proxy,mesh9,6,2,0,"[6-3-0-1-2]",4,84,6.42205,0.97,0.471074,4,0.5,1344,142
1486,756.66,ga_tcheby_proxy,mesh9,2,4,0,"[2-1-4]",2,42,3.21103,0.97,0.477551,2,0.5,1345,142
1487,759.032,ga_tcheby_proxy,mesh9,1,0,0,"[1-0]",1,22,1.61449,0.97,0.47541,1,0.5,1346,142
1488,760.19,ga_tcheby_proxy,mesh9,7,0,0,"[7-6-3-0]",3,62,4.80756,0.97,0.477551,3,0.5,1347,142
1489,760.519,ga_tcheby_proxy,mesh9,4,0,0,"[4-3-0]",2,42,3.21103,0.97,0.477551,2,0.5,1348,142
1490,761.245,ga_tcheby_proxy,mesh9,1,6,0,"[1-0-3-6]",3,62,4.80756,0.97,0.477551,3,0.5,1349,142
1491,762.93,ga_tcheby_proxy,mesh9,6,0,0,"[6-3-0]",2,40,3.19307,0.975,0.47541,2,0.5,1350,142
1492,763.04,ga_tcheby_proxy,mesh9,7,2,0,"[7-8-5-2]",3,62,4.80756,0.97,0.471074,3,0.5,1351,142
1493,763.283,ga_tcheby_proxy,mesh9,6,3,0,"[6-3]",1,20,1.59654,0.975,0.477551,1,0.5,1352,142
1494,764.429,ga_tcheby_proxy,mesh9,6,7,0,"[6-7]",1,22,1.61449,0.97,0.473251,1,0.5,1353,142
1495,765.521,ga_tcheby_proxy,mesh9,1,5,0,"[1-4-5]",2,42,3.21103,0.97,0.479675,2,0.5,1354,142
1496,765.573,ga_tcheby_proxy,mesh9,8,0,1,"[]",0,0,0,0,0,0,0.5,1354,143
1497,765.907,ga_tcheby_proxy,mesh9,5,7,0,"[5-8-7]",2,42,3.21103,0.97,0.473251,2,0.5,1355,143
1498,766.108,ga_tcheby_proxy,mesh9,2,8,0,"[2-5-8]",2,40,3.19307,0.975,0.479675,2,0.5,1356,143
1499,766.837,ga_tcheby_proxy,mesh9,2,3,0,"[2-1-0-3]",3,64,4.82552,0.97,0.479675,3,0.5,1357,143
1500,767.355,ga_tcheby_proxy,mesh9,6,8,0,"[6-7-8]",2,44,3.22898,0.97,0.47541,2,0.5,1358,143
1501,767.422,ga_tcheby_proxy,mesh9,4,6,0,"[4-7-6]",2,42,3.29195,0.921767,0.479675,2,0.5,1359,143
1502,768.009,ga_tcheby_proxy,mesh9,4,0,0,"[4-3-0]",2,42,3.21103,0.97,0.479675,2,0.5,1360,143
1503,768.032,ga_tcheby_proxy,mesh9,7,8,1,"[]",0,0,0,0,0,0,0.5,1360,144
1504,768.393,ga_tcheby_proxy,mesh9,5,7,0,"[5-4-7]",2,42,3.21103,0.97,0.477551,2,0.5,1361,144
1505,768.465,ga_tcheby_proxy,mesh9,0,4,0,"[0-3-4]",2,42,3.21103,0.97,0.479675,2,0.5,1362,144
1506,769.705,ga_tcheby_proxy,mesh9,2,3,0,"[2-5-4-3]",3,64,4.82552,0.97,0.481781,3,0.5,1363,144
1507,769.735,ga_tcheby_proxy,mesh9,5,2,1,"[]",0,0,0,0,0,0,0.5,1363,145
1508,770.22,ga_tcheby_proxy,mesh9,8,3,0,"[8-7-6-3]",3,64,4.82552,0.97,0.481781,3,0.5,1364,145
1509,770.417,ga_tcheby_proxy,mesh9,1,4,0,"[1-4]",1,20,1.59654,0.975,0.481781,1,0.5,1365,145
1510,771.79,ga_tcheby_proxy,mesh9,2,4,0,"[2-5-4]",2,42,3.21103,0.97,0.483871,2,0.5,1366,145
1511,773.984,ga_tcheby_proxy,mesh9,1,2,0,"[1-2]",1,22,1.61449,0.97,0.431111,1,0.5,1367,145
1512,774.018,ga_tcheby_proxy,mesh9,3,5,1,"[]",0,0,0,0,0,0,0.5,1367,146
1513,774.089,ga_tcheby_proxy,mesh9,3,8,0,"[3-0-1-2-5-8]",5,104,8.26289,0.909298,0.485944,5,0.5,1368,146
1514,774.243,ga_tcheby_proxy,mesh9,0,2,0,"[0-1-2]",2,44,3.22898,0.97,0.448276,2,0.5,1369,146
1515,774.702,ga_tcheby_proxy,mesh9,6,4,0,"[6-7-4]",2,42,3.21103,0.97,0.477551,2,0.5,1370,146
1516,775.3,ga_tcheby_proxy,mesh9,4,6,0,"[4-7-6]",2,42,3.21103,0.97,0.483871,2,0.5,1371,146
1517,776.04,ga_tcheby_proxy,mesh9,0,8,0,"[0-3-4-7-8]",4,84,6.42205,0.97,0.481781,4,0.5,1372,146
1518,776.635,ga_tcheby_proxy,mesh9,3,4,0,"[3-4]",1,22,1.61449,0.97,0.464435,1,0.5,1373,146
1519,776.658,ga_tcheby_proxy,mesh9,5,4,1,"[]",0,0,0,0,0,0,0.5,1373,147
1520,776.756,ga_tcheby_proxy,mesh9,7,8,0,"[7-8]",1,22,1.61449,0.97,0.477551,1,0.5,1374,147
1521,778.131,ga_tcheby_proxy,mesh9,6,8,0,"[6-7-8]",2,44,3.22898,0.97,0.479675,2,0.5,1375,147
1522,778.356,ga_tcheby_proxy,mesh9,7,5,0,"[7-4-5]",2,42,3.21103,0.97,0.47541,2,0.5,1376,147
1523,778.55,ga_tcheby_proxy,mesh9,0,8,0,"[0-1-4-7-8]",4,84,6.42205,0.97,0.483871,4,0.5,1377,147
1524,779.766,ga_tcheby_proxy,mesh9,0,4,0,"[0-3-4]",2,42,3.21103,0.97,0.483871,2,0.5,1378,147
1525,780.339,ga_tcheby_proxy,mesh9,4,3,0,"[4-3]",1,22,1.61449,0.97,0.483871,1,0.5,1379,147
1526,780.645,ga_tcheby_proxy,mesh9,5,7,0,"[5-8-7]",2,42,3.21103,0.97,0.479675,2,0.5,1380,147
1527,781.818,ga_tcheby_proxy,mesh9,6,7,0,"[6-7]",1,22,1.61449,0.97,0.481781,1,0.5,1381,147
1528,782.689,ga_tcheby_proxy,mesh9,0,5,0,"[0-1-4-5]",3,64,4.82552,0.97,0.485944,3,0.5,1382,147
1529,782.709,ga_tcheby_proxy,mesh9,5,4,1,"[]",0,0,0,0,0,0,0.5,1382,148
1530,783.387,ga_tcheby_proxy,mesh9,0,8,0,"[0-3-6-7-8]",4,84,6.42205,0.97,0.485944,4,0.5,1383,148
1531,784.06,ga_tcheby_proxy,mesh9,2,0,0,"[2-1-0]",2,44,3.22898,0.97,0.481781,2,0.5,1384,148
1532,784.393,ga_tcheby_proxy,mesh9,1,8,0,"[1-2-5-8]",3,62,4.80756,0.97,0.488,3,0.5,1385,148
1533,785.731,ga_tcheby_proxy,mesh9,6,7,0,"[6-7]",1,22,1.61449,0.97,0.485944,1,0.5,1386,148
1534,785.808,ga_tcheby_proxy,mesh9,7,0,0,"[7-4-1-0]",3,62,4.80756,0.97,0.483871,3,0.5,1387,148
1535,785.901,ga_tcheby_proxy,mesh9,0,1,0,"[0-1]",1,22,1.61449,0.97,0.455319,1,0.5,1388,148
1536,786.176,ga_tcheby_proxy,mesh9,3,5,0,"[3-4-5]",2,44,3.22898,0.97,0.477551,2,0.5,1389,148
1537,786.402,ga_tcheby_proxy,mesh9,2,0,0,"[2-1-0]",2,44,3.22898,0.97,0.485944,2,0.5,1390,148
1538,786.72,ga_tcheby_proxy,mesh9,3,7,0,"[3-4-7]",2,42,3.21103,0.97,0.483871,2,0.5,1391,148
1539,786.877,ga_tcheby_proxy,mesh9,4,8,0,"[4-5-8]",2,42,3.21103,0.97,0.483871,2,0.5,1392,148
1540,787.907,ga_tcheby_proxy,mesh9,6,8,0,"[6-7-8]",2,44,3.22898,0.97,0.488,2,0.5,1393,148
1541,789.518,ga_tcheby_proxy,mesh9,2,3,0,"[2-1-0-3]",3,64,4.82552,0.97,0.488,3,0.5,1394,148
1542,789.784,ga_tcheby_proxy,mesh9,0,1,0,"[0-1]",1,22,1.61449,0.97,0.457627,1,0.5,1395,148
1543,789.835,ga_tcheby_proxy,mesh9,0,6,1,"[]",0,0,0,0,0,0,0.5,1395,149
1544,789.932,ga_tcheby_proxy,mesh9,2,4,0,"[2-1-4]",2,42,3.21103,0.97,0.488,2,0.5,1396,149
1545,790.378,ga_tcheby_proxy,mesh9,8,5,0,"[8-5]",1,20,1.59654,0.975,0.441048,1,0.5,1397,149
1546,790.415,ga_tcheby_proxy,mesh9,8,7,1,"[]",0,0,0,0,0,0,0.5,1397,150
1547,791.285,ga_tcheby_proxy,mesh9,0,1,0,"[0-1]",1,22,1.61449,0.97,0.459916,1,0.5,1398,150
1548,791.306,ga_tcheby_proxy,mesh9,6,8,1,"[]",0,0,0,0,0,0,0.5,1398,151
1549,791.434,ga_tcheby_proxy,mesh9,8,0,0,"[8-5-4-3-0]",4,84,6.42205,0.97,0.485944,4,0.5,1399,151
1550,791.909,ga_tcheby_proxy,mesh9,3,2,0,"[3-4-1-2]",3,64,4.82552,0.97,0.473251,3,0.5,1400,151
1551,793.156,ga_tcheby_proxy,mesh9,1,8,0,"[1-4-7-8]",3,62,4.80756,0.97,0.49004,3,0.5,1401,151
1552,793.308,ga_tcheby_proxy,mesh9,2,7,0,"[2-5-8-7]",3,62,4.80756,0.97,0.49004,3,0.5,1402,151
1553,793.415,ga_tcheby_proxy,mesh9,5,8,0,"[5-8]",1,20,1.59654,0.975,0.488,1,0.5,1403,151
1554,793.518,ga_tcheby_proxy,mesh9,2,0,0,"[2-1-0]",2,44,3.22898,0.97,0.49004,2,0.5,1404,151
1555,795.24,ga_tcheby_proxy,mesh9,6,3,0,"[6-3]",1,20,1.59654,0.975,0.481781,1,0.5,1405,151
1556,795.797,ga_tcheby_proxy,mesh9,8,6,0,"[8-7-6]",2,44,3.22898,0.97,0.485944,2,0.5,1406,151
1557,795.856,ga_tcheby_proxy,mesh9,0,4,0,"[0-3-4]",2,42,3.35313,0.910221,0.49004,2,0.5,1407,151
1558,796.478,ga_tcheby_proxy,mesh9,0,5,0,"[0-1-2-5]",3,64,4.82552,0.97,0.492063,3,0.5,1408,151
1559,797.098,ga_tcheby_proxy,mesh9,7,2,0,"[7-4-1-2]",3,62,4.80756,0.97,0.479675,3,0.5,1409,151
1560,799.039,ga_tcheby_proxy,mesh9,1,2,0,"[1-2]",1,22,1.61449,0.97,0.448276,1,0.5,1410,151
1561,799.113,ga_tcheby_proxy,mesh9,8,0,0,"[8-5-4-3-0]",4,84,6.4401,0.963697,0.488,4,0.5,1411,151
1562,799.124,ga_tcheby_proxy,mesh9,1,2,1,"[]",0,0,0,0,0,0,0.5,1411,152
1563,799.433,ga_tcheby_proxy,mesh9,0,6,0,"[0-3-6]",2,40,3.19307,0.975,0.492063,2,0.5,1412,152
1564,799.488,ga_tcheby_proxy,mesh9,5,4,1,"[]",0,0,0,0,0,0,0.5,1412,153
1565,799.574,ga_tcheby_proxy,mesh9,1,8,0,"[1-4-7-8]",3,62,4.80756,0.97,0.492063,3,0.5,1413,153
1566,799.673,ga_tcheby_proxy,mesh9,2,1,0,"[2-1]",1,22,1.61449,0.97,0.481781,1,0.5,1414,153
1567,799.929,ga_tcheby_proxy,mesh9,5,2,0,"[5-2]",1,20,1.59654,0.975,0.445887,1,0.5,1415,153
1568,800.576,ga_tcheby_proxy,mesh9,2,4,0,"[2-1-4]",2,42,3.21103,0.97,0.494071,2,0.5,1416,153
1569,800.899,ga_tcheby_proxy,mesh9,4,2,0,"[4-1-2]",2,42,3.21103,0.97,0.477551,2,0.5,1417,153
1570,801.072,ga_tcheby_proxy,mesh9,8,3,0,"[8-7-6-3]",3,64,4.82552,0.97,0.488,3,0.5,1418,153
1571,801.287,ga_tcheby_proxy,mesh9,0,1,0,"[0-1]",1,22,1.61449,0.97,0.464435,1,0.5,1419,153
1572,801.636,ga_tcheby_proxy,mesh9,7,1,0,"[7-4-1]",2,40,3.19307,0.975,0.481781,2,0.5,1420,153
1573,802.086,ga_tcheby_proxy,mesh9,4,8,0,"[4-5-8]",2,42,3.21103,0.97,0.49004,2,0.5,1421,153
1574,802.252,ga_tcheby_proxy,mesh9,1,0,0,"[1-0]",1,22,1.61449,0.97,0.492063,1,0.5,1422,153
1575,803.023,ga_tcheby_proxy,mesh9,1,7,0,"[1-4-7]",2,40,3.19307,0.975,0.496063,2,0.5,1423,153
1576,803.246,ga_tcheby_proxy,mesh9,6,5,0,"[6-3-4-5]",3,64,4.82552,0.97,0.485944,3,0.5,1424,153
1577,803.313,ga_tcheby_proxy,mesh9,2,8,0,"[2-5-8]",2,40,3.21024,0.964237,0.494071,2,0.5,1425,153
1578,803.435,ga_tcheby_proxy,mesh9,0,6,0,"[0-3-6]",2,40,3.19307,0.975,0.494071,2,0.5,1426,153
1579,804.314,ga_tcheby_proxy,mesh9,2,8,0,"[2-5-8]",2,40,3.19307,0.975,0.496063,2,0.5,1427,153
1580,805.449,ga_tcheby_proxy,mesh9,8,2,0,"[8-5-2]",2,40,3.19307,0.975,0.448276,2,0.5,1428,153
1581,805.575,ga_tcheby_proxy,mesh9,8,2,0,"[8-5-2]",2,40,3.19307,0.975,0.450644,2,0.5,1429,153
1582,805.768,ga_tcheby_proxy,mesh9,8,2,0,"[8-5-2]",2,40,3.19307,0.975,0.452991,2,0.5,1430,153
1583,806.697,ga_tcheby_proxy,mesh9,3,2,0,"[3-0-1-2]",3,64,4.82552,0.97,0.47541,3,0.5,1431,153
1584,807.964,ga_tcheby_proxy,mesh9,8,5,0,"[8-5]",1,20,1.59654,0.975,0.455319,1,0.5,1432,153
1585,808.052,ga_tcheby_proxy,mesh9,5,8,0,"[5-8]",1,20,1.59654,0.975,0.496063,1,0.5,1433,153
1586,808.523,ga_tcheby_proxy,mesh9,2,7,0,"[2-5-4-7]",3,62,4.80756,0.97,0.498039,3,0.5,1434,153
1587,808.773,ga_tcheby_proxy,mesh9,1,6,0,"[1-0-3-6]",3,62,4.80756,0.97,0.496063,3,0.5,1435,153
1588,808.898,ga_tcheby_proxy,mesh9,0,4,0,"[0-3-4]",2,42,3.21103,0.97,0.498039,2,0.5,1436,153
1589,809.698,ga_tcheby_proxy,mesh9,0,7,0,"[0-1-4-7]",3,62,4.80756,0.97,0.498039,3,0.5,1437,153
1590,809.83,ga_tcheby_proxy,mesh9,7,3,0,"[7-6-3]",2,42,3.21103,0.97,0.49004,2,0.5,1438,153
1591,809.836,ga_tcheby_proxy,mesh9,6,7,1,"[]",0,0,0,0,0,0,0.5,1438,154
1592,810.362,ga_tcheby_proxy,mesh9,6,8,0,"[6-7-8]",2,44,3.22898,0.97,0.492063,2,0.5,1439,154
1593,810.68,ga_tcheby_proxy,mesh9,6,5,0,"[6-3-4-5]",3,64,4.82552,0.97,0.49004,3,0.5,1440,154
1594,810.683,ga_tcheby_proxy,mesh9,7,1,0,"[7-4-1]",2,40,3.36856,0.921824,0.489796,2,0.5,1441,154
1595,810.726,ga_tcheby_proxy,mesh9,3,1,1,"[]",0,0,0,0,0,0,0.5,1441,155
1596,811.258,ga_tcheby_proxy,mesh9,6,5,0,"[6-3-4-5]",3,64,4.82552,0.97,0.492063,3,0.5,1442,155
1597,811.743,ga_tcheby_proxy,mesh9,6,4,0,"[6-7-4]",2,42,3.21103,0.97,0.492063,2,0.5,1443,155
1598,812.045,ga_tcheby_proxy,mesh9,1,0,0,"[1-0]",1,22,1.61449,0.97,0.496063,1,0.5,1444,155
1599,812.632,ga_tcheby_proxy,mesh9,7,2,0,"[7-4-1-2]",3,62,4.80756,0.97,0.488,3,0.5,1445,155
1600,812.799,ga_tcheby_proxy,mesh9,6,2,0,"[6-3-0-1-2]",4,84,6.42205,0.97,0.494071,4,0.5,1446,155
1601,813.277,ga_tcheby_proxy,mesh9,6,4,0,"[6-7-4]",2,42,3.21103,0.97,0.494071,2,0.5,1447,155
1602,813.311,ga_tcheby_proxy,mesh9,4,1,1,"[]",0,0,0,0,0,0,0.5,1447,156
1603,813.839,ga_tcheby_proxy,mesh9,2,7,0,"[2-1-4-7]",3,62,4.80756,0.97,0.5,3,0.5,1448,156
1604,814.065,ga_tcheby_proxy,mesh9,1,4,0,"[1-4]",1,20,1.59654,0.975,0.501946,1,0.5,1449,156
1605,814.066,ga_tcheby_proxy,mesh9,1,5,0,"[1-2-5]",2,42,3.26515,0.953274,0.5,2,0.5,1450,156
1606,814.408,ga_tcheby_proxy,mesh9,4,6,0,"[4-3-6]",2,42,3.21103,0.97,0.49004,2,0.5,1451,156
1607,815.264,ga_tcheby_proxy,mesh9,4,8,0,"[4-7-8]",2,42,3.21103,0.97,0.498039,2,0.5,1452,156
1608,815.493,ga_tcheby_proxy,mesh9,5,4,0,"[5-4]",1,22,1.61449,0.97,0.49004,1,0.5,1453,156
1609,815.871,ga_tcheby_proxy,mesh9,3,5,0,"[3-4-5]",2,44,3.22898,0.97,0.49004,2,0.5,1454,156
1610,816.098,ga_tcheby_proxy,mesh9,6,0,0,"[6-3-0]",2,40,3.19307,0.975,0.496063,2,0.5,1455,156
1611,817.389,ga_tcheby_proxy,mesh9,1,5,0,"[1-2-5]",2,42,3.21103,0.97,0.501946,2,0.5,1456,156
1612,818.534,ga_tcheby_proxy,mesh9,2,3,0,"[2-1-0-3]",3,64,4.82552,0.97,0.5,3,0.5,1457,156
1613,819.014,ga_tcheby_proxy,mesh9,5,0,0,"[5-4-3-0]",3,64,4.82552,0.97,0.492063,3,0.5,1458,156
1614,819.101,ga_tcheby_proxy,mesh9,6,7,0,"[6-7]",1,22,1.61449,0.97,0.496063,1,0.5,1459,156
1615,819.269,ga_tcheby_proxy,mesh9,1,5,0,"[1-4-5]",2,42,3.21103,0.97,0.503876,2,0.5,1460,156
1616,820.057,ga_tcheby_proxy,mesh9,0,7,0,"[0-3-4-7]",3,62,4.80756,0.97,0.501946,3,0.5,1461,156
1617,820.355,ga_tcheby_proxy,mesh9,1,2,0,"[1-2]",1,22,1.61449,0.97,0.464435,1,0.5,1462,156
1618,820.421,ga_tcheby_proxy,mesh9,3,1,1,"[]",0,0,0,0,0,0,0.5,1462,157
1619,820.649,ga_tcheby_proxy,mesh9,0,1,0,"[0-1]",1,22,1.61449,0.97,0.473251,1,0.5,1463,157
1620,820.924,ga_tcheby_proxy,mesh9,6,1,0,"[6-3-0-1]",3,62,4.80756,0.97,0.498039,3,0.5,1464,157
1621,821.205,ga_tcheby_proxy,mesh9,8,0,0,"[8-7-4-3-0]",4,84,6.42205,0.97,0.494071,4,0.5,1465,157
1622,821.396,ga_tcheby_proxy,mesh9,8,1,0,"[8-5-2-1]",3,62,4.80756,0.97,0.49004,3,0.5,1466,157
1623,821.704,ga_tcheby_proxy,mesh9,6,0,0,"[6-3-0]",2,40,3.19307,0.975,0.5,2,0.5,1467,157
1624,822.951,ga_tcheby_proxy,mesh9,6,4,0,"[6-7-4]",2,42,3.21103,0.97,0.498039,2,0.5,1468,157
1625,824.237,ga_tcheby_proxy,mesh9,0,1,0,"[0-1]",1,22,1.61449,0.97,0.477551,1,0.5,1469,157
1626,824.728,ga_tcheby_proxy,mesh9,6,8,0,"[6-7-8]",2,44,3.22898,0.97,0.5,2,0.5,1470,157
1627,824.81,ga_tcheby_proxy,mesh9,4,1,0,"[4-1]",1,20,1.59654,0.975,0.485944,1,0.5,1471,157
1628,825.64,ga_tcheby_proxy,mesh9,0,4,0,"[0-3-4]",2,42,3.21103,0.97,0.503876,2,0.5,1472,157
1629,825.945,ga_tcheby_proxy,mesh9,6,5,0,"[6-7-4-5]",3,64,4.82552,0.97,0.501946,3,0.5,1473,157
1630,826.031,ga_tcheby_proxy,mesh9,3,5,0,"[3-4-5]",2,44,3.22898,0.97,0.496063,2,0.5,1474,157
1631,826.326,ga_tcheby_proxy,mesh9,5,8,0,"[5-8]",1,20,1.59654,0.975,0.498039,1,0.5,1475,157
1632,826.848,ga_tcheby_proxy,mesh9,3,5,0,"[3-4-5]",2,44,3.22898,0.97,0.498039,2,0.5,1476,157
1633,827.462,ga_tcheby_proxy,mesh9,8,2,0,"[8-5-2]",2,40,3.19307,0.975,0.459916,2,0.5,1477,157
1634,828.272,ga_tcheby_proxy,mesh9,4,3,0,"[4-3]",1,22,1.61449,0.97,0.496063,1,0.5,1478,157
1635,829.941,ga_tcheby_proxy,mesh9,6,0,0,"[6-3-0]",2,40,3.19307,0.975,0.501946,2,0.5,1479,157
1636,830.443,ga_tcheby_proxy,mesh9,8,1,0,"[8-5-2-1]",3,62,4.80756,0.97,0.492063,3,0.5,1480,157
1637,831.078,ga_tcheby_proxy,mesh9,5,2,0,"[5-2]",1,20,1.59654,0.975,0.462185,1,0.5,1481,157
1638,832.061,ga_tcheby_proxy,mesh9,0,8,0,"[0-1-2-5-8]",4,84,6.42205,0.97,0.503876,4,0.5,1482,157
1639,833.058,ga_tcheby_proxy,mesh9,6,7,0,"[6-7]",1,22,1.61449,0.97,0.503876,1,0.5,1483,157
1640,833.16,ga_tcheby_proxy,mesh9,4,3,0,"[4-3]",1,22,1.61449,0.97,0.498039,1,0.5,1484,157
1641,833.225,ga_tcheby_proxy,mesh9,8,3,1,"[]",0,0,0,0,0,0,0.5,1484,158
1642,833.251,ga_tcheby_proxy,mesh9,7,4,1,"[]",0,0,0,0,0,0,0.5,1484,159
1643,833.63,ga_tcheby_proxy,mesh9,8,5,0,"[8-5]",1,20,1.59654,0.975,0.464435,1,0.5,1485,159
1644,833.684,ga_tcheby_proxy,mesh9,3,4,1,"[]",0,0,0,0,0,0,0.5,1485,160
1645,834.002,ga_tcheby_proxy,mesh9,2,7,0,"[2-5-4-7]",3,62,4.80756,0.97,0.505792,3,0.5,1486,160
1646,835.049,ga_tcheby_proxy,mesh9,1,4,0,"[1-4]",1,20,1.59654,0.975,0.505792,1,0.5,1487,160
1647,835.779,ga_tcheby_proxy,mesh9,2,7,0,"[2-1-4-7]",3,62,4.80756,0.97,0.507692,3,0.5,1488,160
1648,835.836,ga_tcheby_proxy,mesh9,5,8,0,"[5-8]",1,20,1.66949,0.930859,0.501946,1,0.5,1489,160
1649,836.175,ga_tcheby_proxy,mesh9,3,6,0,"[3-6]",1,20,1.59654,0.975,0.481781,1,0.5,1490,160
1650,836.369,ga_tcheby_proxy,mesh9,1,7,0,"[1-4-7]",2,40,3.19307,0.975,0.509579,2,0.5,1491,160
1651,837.724,ga_tcheby_proxy,mesh9,2,7,0,"[2-5-4-7]",3,62,4.80756,0.97,0.507692,3,0.5,1492,160
1652,838.612,ga_tcheby_proxy,mesh9,3,7,0,"[3-6-7]",2,42,3.21103,0.97,0.505792,2,0.5,1493,160
1653,839.075,ga_tcheby_proxy,mesh9,2,3,0,"[2-1-0-3]",3,64,4.82552,0.97,0.505792,3,0.5,1494,160
1654,839.183,ga_tcheby_proxy,mesh9,1,2,0,"[1-2]",1,22,1.61449,0.97,0.46888,1,0.5,1495,160
1655,839.733,ga_tcheby_proxy,mesh9,6,3,0,"[6-3]",1,20,1.59654,0.975,0.503876,1,0.5,1496,160
1656,839.956,ga_tcheby_proxy,mesh9,0,6,0,"[0-3-6]",2,40,3.19307,0.975,0.507692,2,0.5,1497,160
1657,840.439,ga_tcheby_proxy,mesh9,4,6,0,"[4-3-6]",2,42,3.21103,0.97,0.5,2,0.5,1498,160
1658,840.621,ga_tcheby_proxy,mesh9,8,3,0,"[8-7-4-3]",3,64,4.82552,0.97,0.501946,3,0.5,1499,160
1659,841.382,ga_tcheby_proxy,mesh9,3,5,0,"[3-4-5]",2,44,3.22898,0.97,0.5,2,0.5,1500,160
1660,841.585,ga_tcheby_proxy,mesh9,4,6,0,"[4-3-6]",2,42,3.21103,0.97,0.503876,2,0.5,1501,160
1661,841.8,ga_tcheby_proxy,mesh9,7,2,0,"[7-8-5-2]",3,62,4.80756,0.97,0.498039,3,0.5,1502,160
1662,843.284,ga_tcheby_proxy,mesh9,0,2,0,"[0-1-2]",2,44,3.22898,0.97,0.481781,2,0.5,1503,160
1663,843.637,ga_tcheby_proxy,mesh9,1,5,0,"[1-2-5]",2,42,3.21103,0.97,0.509579,2,0.5,1504,160
1664,843.756,ga_tcheby_proxy,mesh9,5,8,0,"[5-8]",1,20,1.59654,0.975,0.503876,1,0.5,1505,160
1665,844.072,ga_tcheby_proxy,mesh9,6,1,0,"[6-3-0-1]",3,62,4.80756,0.97,0.505792,3,0.5,1506,160
1666,844.089,ga_tcheby_proxy,mesh9,8,7,1,"[]",0,0,0,0,0,0,0.5,1506,161
1667,844.773,ga_tcheby_proxy,mesh9,1,0,0,"[1-0]",1,22,1.61449,0.97,0.501946,1,0.5,1507,161
1668,845.542,ga_tcheby_proxy,mesh9,8,5,0,"[8-5]",1,20,1.59654,0.975,0.46888,1,0.5,1508,161
1669,845.611,ga_tcheby_proxy,mesh9,6,3,0,"[6-3]",1,20,1.61386,0.964142,0.507692,1,0.5,1509,161
1670,846.429,ga_tcheby_proxy,mesh9,2,0,0,"[2-1-0]",2,44,3.22898,0.97,0.503876,2,0.5,1510,161
1671,846.714,ga_tcheby_proxy,mesh9,1,0,0,"[1-0]",1,22,1.61449,0.97,0.505792,1,0.5,1511,161
1672,846.802,ga_tcheby_proxy,mesh9,5,0,0,"[5-4-3-0]",3,64,4.82552,0.97,0.505792,3,0.5,1512,161
1673,847.239,ga_tcheby_proxy,mesh9,3,0,0,"[3-0]",1,20,1.59654,0.975,0.496063,1,0.5,1513,161
1674,847.638,ga_tcheby_proxy,mesh9,4,1,0,"[4-1]",1,20,1.59654,0.975,0.488,1,0.5,1514,161
1675,848.177,ga_tcheby_proxy,mesh9,4,6,0,"[4-3-6]",2,42,3.21103,0.97,0.507692,2,0.5,1515,161
1676,848.44,ga_tcheby_proxy,mesh9,2,5,0,"[2-5]",1,20,1.59654,0.975,0.51145,1,0.5,1516,161
1677,849.082,ga_tcheby_proxy,mesh9,3,1,0,"[3-4-1]",2,42,3.21103,0.97,0.498039,2,0.5,1517,161
1678,849.302,ga_tcheby_proxy,mesh9,8,2,0,"[8-5-2]",2,40,3.19307,0.975,0.471074,2,0.5,1518,161
1679,850.412,ga_tcheby_proxy,mesh9,5,6,0,"[5-8-7-6]",3,64,4.82552,0.97,0.505792,3,0.5,1519,161
1680,851.476,ga_tcheby_proxy,mesh9,5,6,0,"[5-8-7-6]",3,64,4.82552,0.97,0.507692,3,0.5,1520,161
1681,851.519,ga_tcheby_proxy,mesh9,0,4,1,"[]",0,0,0,0,0,0,0.5,1520,162
1682,851.707,ga_tcheby_proxy,mesh9,8,2,0,"[8-5-2]",2,40,3.19307,0.975,0.473251,2,0.5,1521,162
1683,852.573,ga_tcheby_proxy,mesh9,6,8,0,"[6-7-8]",2,44,3.22898,0.97,0.507692,2,0.5,1522,162
1684,852.658,ga_tcheby_proxy,mesh9,1,2,0,"[1-2]",1,22,1.61449,0.97,0.47541,1,0.5,1523,162
1685,853.262,ga_tcheby_proxy,mesh9,1,4,0,"[1-4]",1,20,1.59654,0.975,0.51145,1,0.5,1524,162
1686,853.611,ga_tcheby_proxy,mesh9,7,6,0,"[7-6]",1,22,1.61449,0.97,0.496063,1,0.5,1525,162
1687,853.726,ga_tcheby_proxy,mesh9,8,6,0,"[8-7-6]",2,44,3.22898,0.97,0.498039,2,0.5,1526,162
1688,854.017,ga_tcheby_proxy,mesh9,0,3,0,"[0-3]",1,20,1.59654,0.975,0.509579,1,0.5,1527,162
1689,854.274,ga_tcheby_proxy,mesh9,0,4,0,"[0-3-4]",2,42,3.21103,0.97,0.51145,2,0.5,1528,162
1690,854.623,ga_tcheby_proxy,mesh9,3,7,0,"[3-4-7]",2,42,3.21103,0.97,0.509579,2,0.5,1529,162
1691,855.37,ga_tcheby_proxy,mesh9,1,7,0,"[1-4-7]",2,40,3.19307,0.975,0.513308,2,0.5,1530,162
1692,855.531,ga_tcheby_proxy,mesh9,0,1,0,"[0-1]",1,22,1.61449,0.97,0.485944,1,0.5,1531,162
1693,855.636,ga_tcheby_proxy,mesh9,7,0,0,"[7-4-1-0]",3,62,4.80756,0.97,0.507692,3,0.5,1532,162
1694,857.449,ga_tcheby_proxy,mesh9,8,1,0,"[8-5-4-1]",3,62,4.80756,0.97,0.5,3,0.5,1533,162
1695,857.871,ga_tcheby_proxy,mesh9,0,7,0,"[0-3-4-7]",3,62,4.80756,0.97,0.513308,3,0.5,1534,162
1696,859.859,ga_tcheby_proxy,mesh9,8,4,0,"[8-7-4]",2,42,3.21103,0.97,0.501946,2,0.5,1535,162
1697,861.23,ga_tcheby_proxy,mesh9,8,4,0,"[8-5-4]",2,42,3.21103,0.97,0.501946,2,0.5,1536,162
1698,861.808,ga_tcheby_proxy,mesh9,5,2,0,"[5-2]",1,20,1.59654,0.975,0.471074,1,0.5,1537,162
1699,861.879,ga_tcheby_proxy,mesh9,2,7,0,"[2-1-4-7]",3,62,4.80756,0.97,0.515152,3,0.5,1538,162
1700,861.955,ga_tcheby_proxy,mesh9,3,6,0,"[3-6]",1,20,1.59654,0.975,0.494071,1,0.5,1539,162
1701,862.998,ga_tcheby_proxy,mesh9,4,7,0,"[4-7]",1,20,1.59654,0.975,0.516981,1,0.5,1540,162
1702,863.088,ga_tcheby_proxy,mesh9,0,4,0,"[0-3-4]",2,42,3.21103,0.97,0.515152,2,0.5,1541,162
1703,863.244,ga_tcheby_proxy,mesh9,1,4,0,"[1-4]",1,20,1.59654,0.975,0.516981,1,0.5,1542,162
1704,863.944,ga_tcheby_proxy,mesh9,3,0,0,"[3-0]",1,20,1.59654,0.975,0.498039,1,0.5,1543,162
1705,864.579,ga_tcheby_proxy,mesh9,3,8,0,"[3-4-5-8]",3,64,4.82552,0.97,0.509579,3,0.5,1544,162
1706,865.147,ga_tcheby_proxy,mesh9,0,3,0,"[0-3]",1,20,1.59654,0.975,0.516981,1,0.5,1545,162
1707,865.496,ga_tcheby_proxy,mesh9,1,2,0,"[1-2]",1,22,1.61449,0.97,0.477551,1,0.5,1546,162
1708,866.123,ga_tcheby_proxy,mesh9,0,7,0,"[0-3-6-7]",3,62,4.80756,0.97,0.518797,3,0.5,1547,162
1709,866.534,ga_tcheby_proxy,mesh9,6,0,0,"[6-3-0]",2,40,3.19307,0.975,0.509579,2,0.5,1548,162
1710,866.744,ga_tcheby_proxy,mesh9,3,2,0,"[3-0-1-2]",3,64,4.82552,0.97,0.501946,3,0.5,1549,162
1711,867.262,ga_tcheby_proxy,mesh9,3,7,0,"[3-6-7]",2,42,3.21103,0.97,0.51145,2,0.5,1550,162
1712,867.587,ga_tcheby_proxy,mesh9,1,6,0,"[1-4-7-6]",3,62,4.80756,0.97,0.518797,3,0.5,1551,162
1713,867.624,ga_tcheby_proxy,mesh9,5,2,1,"[]",0,0,0,0,0,0,0.5,1551,163
1714,868.163,ga_tcheby_proxy,mesh9,6,8,0,"[6-7-8]",2,44,3.22898,0.97,0.513308,2,0.5,1552,163
1715,869.218,ga_tcheby_proxy,mesh9,1,5,0,"[1-2-5]",2,42,3.21103,0.97,0.513308,2,0.5,1553,163
1716,870.63,ga_tcheby_proxy,mesh9,2,3,0,"[2-5-4-3]",3,64,4.82552,0.97,0.515152,3,0.5,1554,163
1717,871.297,ga_tcheby_proxy,mesh9,6,1,0,"[6-3-4-1]",3,62,4.80756,0.97,0.51145,3,0.5,1555,163
1718,871.692,ga_tcheby_proxy,mesh9,6,7,0,"[6-7]",1,22,1.61449,0.97,0.515152,1,0.5,1556,163
1719,872.285,ga_tcheby_proxy,mesh9,3,2,0,"[3-0-1-2]",3,64,4.82552,0.97,0.503876,3,0.5,1557,163
1720,872.293,ga_tcheby_proxy,mesh9,1,4,1,"[]",0,0,0,0,0,0,0.5,1557,164
1721,872.407,ga_tcheby_proxy,mesh9,5,0,0,"[5-2-1-0]",3,64,4.82552,0.97,0.509579,3,0.5,1558,164
1722,872.436,ga_tcheby_proxy,mesh9,4,3,1,"[]",0,0,0,0,0,0,0.5,1558,165
1723,872.991,ga_tcheby_proxy,mesh9,3,0,0,"[3-0]",1,20,1.59654,0.975,0.505792,1,0.5,1559,165
1724,874.095,ga_tcheby_proxy,mesh9,7,6,0,"[7-6]",1,22,1.61449,0.97,0.501946,1,0.5,1560,165
1725,874.476,ga_tcheby_proxy,mesh9,0,5,0,"[0-1-2-5]",3,64,4.82552,0.97,0.516981,3,0.5,1561,165
1726,874.615,ga_tcheby_proxy,mesh9,6,3,0,"[6-3]",1,20,1.59654,0.975,0.513308,1,0.5,1562,165
1727,876.735,ga_tcheby_proxy,mesh9,0,2,0,"[0-1-2]",2,44,3.22898,0.97,0.494071,2,0.5,1563,165
1728,877.301,ga_tcheby_proxy,mesh9,2,6,0,"[2-5-8-7-6]",4,84,6.42205,0.97,0.518797,4,0.5,1564,165
1729,878.168,ga_tcheby_proxy,mesh9,3,0,0,"[3-0]",1,20,1.59654,0.975,0.507692,1,0.5,1565,165
1730,878.232,ga_tcheby_proxy,mesh9,5,6,0,"[5-4-7-6]",3,64,5.02781,0.907869,0.520599,3,0.5,1566,165
1731,878.386,ga_tcheby_proxy,mesh9,1,2,0,"[1-2]",1,22,1.61449,0.97,0.49004,1,0.5,1567,165
1732,879.069,ga_tcheby_proxy,mesh9,6,4,0,"[6-3-4]",2,42,3.21103,0.97,0.515152,2,0.5,1568,165
1733,879.865,ga_tcheby_proxy,mesh9,4,1,0,"[4-1]",1,20,1.59654,0.975,0.498039,1,0.5,1569,165
1734,881.668,ga_tcheby_proxy,mesh9,8,5,0,"[8-5]",1,20,1.59654,0.975,0.479675,1,0.5,1570,165
1735,882.432,ga_tcheby_proxy,mesh9,2,6,0,"[2-5-8-7-6]",4,84,6.42205,0.97,0.520599,4,0.5,1571,165
1736,883.2,ga_tcheby_proxy,mesh9,7,2,0,"[7-8-5-2]",3,62,4.80756,0.97,0.503876,3,0.5,1572,165
1737,884.757,ga_tcheby_proxy,mesh9,4,0,0,"[4-3-0]",2,42,3.21103,0.97,0.51145,2,0.5,1573,165
1738,885.887,ga_tcheby_proxy,mesh9,1,2,0,"[1-2]",1,22,1.61449,0.97,0.492063,1,0.5,1574,165
1739,886.02,ga_tcheby_proxy,mesh9,0,3,0,"[0-3]",1,20,1.59654,0.975,0.520599,1,0.5,1575,165
1740,886.519,ga_tcheby_proxy,mesh9,8,6,0,"[8-7-6]",2,44,3.22898,0.97,0.509579,2,0.5,1576,165
1741,887.442,ga_tcheby_proxy,mesh9,1,3,0,"[1-4-3]",2,42,3.21103,0.97,0.520599,2,0.5,1577,165
1742,888.493,ga_tcheby_proxy,mesh9,1,6,0,"[1-0-3-6]",3,62,4.80756,0.97,0.522388,3,0.5,1578,165
1743,888.807,ga_tcheby_proxy,mesh9,8,5,0,"[8-5]",1,20,1.59654,0.975,0.483871,1,0.5,1579,165
1744,889.092,ga_tcheby_proxy,mesh9,1,7,0,"[1-4-7]",2,40,3.19307,0.975,0.522388,2,0.5,1580,165
1745,889.25,ga_tcheby_proxy,mesh9,3,6,0,"[3-6]",1,20,1.59654,0.975,0.501946,1,0.5,1581,165
1746,890.035,ga_tcheby_proxy,mesh9,2,5,0,"[2-5]",1,20,1.59654,0.975,0.522388,1,0.5,1582,165
1747,890.192,ga_tcheby_proxy,mesh9,3,2,0,"[3-0-1-2]",3,64,4.82552,0.97,0.51145,3,0.5,1583,165
1748,890.923,ga_tcheby_proxy,mesh9,4,1,0,"[4-1]",1,20,1.59654,0.975,0.5,1,0.5,1584,165
1749,891.319,ga_tcheby_proxy,mesh9,0,8,0,"[0-1-4-7-8]",4,84,6.42205,0.97,0.524164,4,0.5,1585,165
1750,891.68,ga_tcheby_proxy,mesh9,8,7,0,"[8-7]",1,22,1.61449,0.97,0.473251,1,0.5,1586,165
1751,891.831,ga_tcheby_proxy,mesh9,8,2,0,"[8-5-2]",2,40,3.19307,0.975,0.485944,2,0.5,1587,165
1752,893.112,ga_tcheby_proxy,mesh9,7,2,0,"[7-4-5-2]",3,62,4.80756,0.97,0.503876,3,0.5,1588,165
1753,893.198,ga_tcheby_proxy,mesh9,6,0,0,"[6-3-0]",2,40,3.19307,0.975,0.516981,2,0.5,1589,165
1754,893.336,ga_tcheby_proxy,mesh9,8,6,0,"[8-7-6]",2,44,3.22898,0.97,0.51145,2,0.5,1590,165
1755,893.45,ga_tcheby_proxy,mesh9,8,0,0,"[8-5-2-1-0]",4,84,6.42205,0.97,0.513308,4,0.5,1591,165
1756,894.38,ga_tcheby_proxy,mesh9,5,3,0,"[5-4-3]",2,44,3.22898,0.97,0.515152,2,0.5,1592,165
1757,894.559,ga_tcheby_proxy,mesh9,7,2,0,"[7-4-5-2]",3,62,4.80756,0.97,0.505792,3,0.5,1593,165
1758,894.673,ga_tcheby_proxy,mesh9,1,8,0,"[1-2-5-8]",3,62,4.80756,0.97,0.524164,3,0.5,1594,165
1759,895.579,ga_tcheby_proxy,mesh9,3,1,0,"[3-4-1]",2,42,3.21103,0.97,0.513308,2,0.5,1595,165
1760,898.696,ga_tcheby_proxy,mesh9,0,6,0,"[0-3-6]",2,40,3.19307,0.975,0.524164,2,0.5,1596,165
1761,898.785,ga_tcheby_proxy,mesh9,4,1,0,"[4-1]",1,20,1.59654,0.975,0.503876,1,0.5,1597,165
1762,900.605,ga_tcheby_proxy,mesh9,4,5,0,"[4-5]",1,22,1.61449,0.97,0.507692,1,0.5,1598,165
1763,900.853,ga_tcheby_proxy,mesh9,8,4,0,"[8-7-4]",2,42,3.21103,0.97,0.507692,2,0.5,1599,165
1764,901.003,ga_tcheby_proxy,mesh9,0,1,0,"[0-1]",1,22,1.61449,0.97,0.5,1,0.5,1600,165
1765,901.816,ga_tcheby_proxy,mesh9,7,3,0,"[7-4-3]",2,42,3.21103,0.97,0.516981,2,0.5,1601,165
1766,901.985,ga_tcheby_proxy,mesh9,5,6,0,"[5-8-7-6]",3,64,4.82552,0.97,0.516981,3,0.5,1602,165
1767,902.006,ga_tcheby_proxy,mesh9,3,6,1,"[]",0,0,0,0,0,0,0.5,1602,166
1768,902.612,ga_tcheby_proxy,mesh9,4,0,0,"[4-1-0]",2,42,3.21103,0.97,0.515152,2,0.5,1603,166
1769,903.179,ga_tcheby_proxy,mesh9,6,3,0,"[6-3]",1,20,1.59654,0.975,0.518797,1,0.5,1604,166
1770,903.671,ga_tcheby_proxy,mesh9,8,6,0,"[8-7-6]",2,44,3.22898,0.97,0.515152,2,0.5,1605,166
1771,903.907,ga_tcheby_proxy,mesh9,0,2,0,"[0-1-2]",2,44,3.22898,0.97,0.501946,2,0.5,1606,166
1772,904.592,ga_tcheby_proxy,mesh9,5,8,0,"[5-8]",1,20,1.59654,0.975,0.518797,1,0.5,1607,166
1773,904.633,ga_tcheby_proxy,mesh9,7,4,1,"[]",0,0,0,0,0,0,0.5,1607,167
1774,904.652,ga_tcheby_proxy,mesh9,6,4,1,"[]",0,0,0,0,0,0,0.5,1607,168
1775,906.658,ga_tcheby_proxy,mesh9,0,6,0,"[0-3-6]",2,40,3.19307,0.975,0.525926,2,0.5,1608,168
1776,906.809,ga_tcheby_proxy,mesh9,7,5,0,"[7-8-5]",2,42,3.21103,0.97,0.507692,2,0.5,1609,168
1777,907.812,ga_tcheby_proxy,mesh9,6,5,0,"[6-7-8-5]",3,64,4.82552,0.97,0.516981,3,0.5,1610,168
1778,907.922,ga_tcheby_proxy,mesh9,5,3,0,"[5-4-3]",2,44,3.22898,0.97,0.518797,2,0.5,1611,168
1779,909.572,ga_tcheby_proxy,mesh9,4,1,0,"[4-1]",1,20,1.59654,0.975,0.507692,1,0.5,1612,168
1780,909.932,ga_tcheby_proxy,mesh9,4,2,0,"[4-1-2]",2,42,3.21103,0.97,0.509579,2,0.5,1613,168
1781,911.415,ga_tcheby_proxy,mesh9,7,8,0,"[7-8]",1,22,1.61449,0.97,0.51145,1,0.5,1614,168
1782,911.613,ga_tcheby_proxy,mesh9,4,3,0,"[4-3]",1,22,1.61449,0.97,0.520599,1,0.5,1615,168
1783,911.84,ga_tcheby_proxy,mesh9,1,8,0,"[1-2-5-8]",3,62,4.80756,0.97,0.525926,3,0.5,1616,168
1784,912.308,ga_tcheby_proxy,mesh9,2,6,0,"[2-1-4-7-6]",4,84,6.42205,0.97,0.525926,4,0.5,1617,168
1785,912.403,ga_tcheby_proxy,mesh9,8,3,0,"[8-7-6-3]",3,64,4.82552,0.97,0.520599,3,0.5,1618,168
1786,913.286,ga_tcheby_proxy,mesh9,6,8,0,"[6-7-8]",2,44,3.22898,0.97,0.518797,2,0.5,1619,168
1787,913.631,ga_tcheby_proxy,mesh9,3,4,0,"[3-4]",1,22,1.61449,0.97,0.515152,1,0.5,1620,168
1788,913.785,ga_tcheby_proxy,mesh9,6,2,0,"[6-7-4-1-2]",4,84,6.42205,0.97,0.520599,4,0.5,1621,168
1789,914.043,ga_tcheby_proxy,mesh9,1,2,0,"[1-2]",1,22,1.61449,0.97,0.505792,1,0.5,1622,168
1790,914.565,ga_tcheby_proxy,mesh9,3,2,0,"[3-0-1-2]",3,64,4.82552,0.97,0.515152,3,0.5,1623,168
1791,914.652,ga_tcheby_proxy,mesh9,2,6,0,"[2-5-4-7-6]",4,84,6.42205,0.97,0.527675,4,0.5,1624,168
1792,914.878,ga_tcheby_proxy,mesh9,7,4,0,"[7-4]",1,20,1.59654,0.975,0.513308,1,0.5,1625,168
1793,915.006,ga_tcheby_proxy,mesh9,4,2,0,"[4-5-2]",2,42,3.21103,0.97,0.509579,2,0.5,1626,168
1794,916.76,ga_tcheby_proxy,mesh9,2,4,0,"[2-1-4]",2,42,3.21103,0.97,0.527675,2,0.5,1627,168
1795,916.836,ga_tcheby_proxy,mesh9,5,7,0,"[5-8-7]",2,42,3.21103,0.97,0.522388,2,0.5,1628,168
1796,916.913,ga_tcheby_proxy,mesh9,3,6,0,"[3-6]",1,20,1.59654,0.975,0.507692,1,0.5,1629,168
1797,917.094,ga_tcheby_proxy,mesh9,3,0,0,"[3-0]",1,20,1.59654,0.975,0.516981,1,0.5,1630,168
1798,917.447,ga_tcheby_proxy,mesh9,7,8,0,"[7-8]",1,22,1.61449,0.97,0.515152,1,0.5,1631,168
1799,917.476,ga_tcheby_proxy,mesh9,5,1,1,"[]",0,0,0,0,0,0,0.5,1631,169
1800,917.522,ga_tcheby_proxy,mesh9,4,7,1,"[]",0,0,0,0,0,0,0.5,1631,170
1801,918.335,ga_tcheby_proxy,mesh9,2,8,0,"[2-5-8]",2,40,3.19307,0.975,0.529412,2,0.5,1632,170
1802,918.383,ga_tcheby_proxy,mesh9,4,1,1,"[]",0,0,0,0,0,0,0.5,1632,171
1803,918.398,ga_tcheby_proxy,mesh9,6,0,1,"[]",0,0,0,0,0,0,0.5,1632,172
1804,918.726,ga_tcheby_proxy,mesh9,3,5,0,"[3-4-5]",2,44,3.22898,0.97,0.516981,2,0.5,1633,172
1805,918.925,ga_tcheby_proxy,mesh9,1,5,0,"[1-4-5]",2,42,3.21103,0.97,0.529412,2,0.5,1634,172
1806,919.207,ga_tcheby_proxy,mesh9,8,0,0,"[8-5-2-1-0]",4,84,6.42205,0.97,0.516981,4,0.5,1635,172
1807,919.535,ga_tcheby_proxy,mesh9,2,7,0,"[2-5-4-7]",3,62,4.80756,0.97,0.531136,3,0.5,1636,172
1808,919.84,ga_tcheby_proxy,mesh9,0,7,0,"[0-3-6-7]",3,62,4.80756,0.97,0.527675,3,0.5,1637,172
1809,919.977,ga_tcheby_proxy,mesh9,3,8,0,"[3-6-7-8]",3,64,4.82552,0.97,0.524164,3,0.5,1638,172
1810,920.177,ga_tcheby_proxy,mesh9,7,4,0,"[7-4]",1,20,1.59654,0.975,0.515152,1,0.5,1639,172
1811,920.344,ga_tcheby_proxy,mesh9,1,6,0,"[1-0-3-6]",3,62,4.80756,0.97,0.529412,3,0.5,1640,172
1812,920.554,ga_tcheby_proxy,mesh9,0,8,0,"[0-1-4-7-8]",4,84,6.42205,0.97,0.531136,4,0.5,1641,172
1813,921.325,ga_tcheby_proxy,mesh9,3,4,0,"[3-4]",1,22,1.61449,0.97,0.518797,1,0.5,1642,172
1814,921.934,ga_tcheby_proxy,mesh9,4,7,0,"[4-7]",1,20,1.59654,0.975,0.532847,1,0.5,1643,172
1815,923.185,ga_tcheby_proxy,mesh9,2,0,0,"[2-1-0]",2,44,3.22898,0.97,0.520599,2,0.5,1644,172
1816,923.232,ga_tcheby_proxy,mesh9,1,6,1,"[]",0,0,0,0,0,0,0.5,1644,173
1817,923.295,ga_tcheby_proxy,mesh9,0,3,0,"[0-3]",1,20,1.6428,0.946538,0.531136,1,0.5,1645,173
1818,923.373,ga_tcheby_proxy,mesh9,1,4,0,"[1-4]",1,20,1.59654,0.975,0.532847,1,0.5,1646,173
1819,923.565,ga_tcheby_proxy,mesh9,5,8,0,"[5-8]",1,20,1.59654,0.975,0.525926,1,0.5,1647,173
1820,923.78,ga_tcheby_proxy,mesh9,4,8,0,"[4-5-8]",2,42,3.21103,0.97,0.527675,2,0.5,1648,173
1821,924.17,ga_tcheby_proxy,mesh9,5,7,0,"[5-8-7]",2,42,3.21103,0.97,0.529412,2,0.5,1649,173
1822,924.68,ga_tcheby_proxy,mesh9,8,5,0,"[8-5]",1,20,1.59654,0.975,0.496063,1,0.5,1650,173
1823,924.993,ga_tcheby_proxy,mesh9,8,4,0,"[8-5-4]",2,42,3.21103,0.97,0.515152,2,0.5,1651,173
1824,925.5,ga_tcheby_proxy,mesh9,4,0,0,"[4-3-0]",2,42,3.21103,0.97,0.522388,2,0.5,1652,173
1825,926.991,ga_tcheby_proxy,mesh9,2,7,0,"[2-5-8-7]",3,62,4.80756,0.97,0.532847,3,0.5,1653,173
1826,927.123,ga_tcheby_proxy,mesh9,1,0,0,"[1-0]",1,22,1.61449,0.97,0.522388,1,0.5,1654,173
1827,927.522,ga_tcheby_proxy,mesh9,6,4,0,"[6-3-4]",2,42,3.21103,0.97,0.522388,2,0.5,1655,173
1828,927.833,ga_tcheby_proxy,mesh9,2,6,0,"[2-1-0-3-6]",4,84,6.42205,0.97,0.532847,4,0.5,1656,173
1829,929.056,ga_tcheby_proxy,mesh9,0,6,0,"[0-3-6]",2,40,3.19307,0.975,0.534545,2,0.5,1657,173
1830,930.437,ga_tcheby_proxy,mesh9,5,0,0,"[5-4-3-0]",3,64,4.82552,0.97,0.524164,3,0.5,1658,173
1831,931.378,ga_tcheby_proxy,mesh9,1,7,0,"[1-4-7]",2,40,3.19307,0.975,0.534545,2,0.5,1659,173
1832,931.623,ga_tcheby_proxy,mesh9,0,1,0,"[0-1]",1,22,1.61449,0.97,0.507692,1,0.5,1660,173
1833,932.359,ga_tcheby_proxy,mesh9,5,1,0,"[5-2-1]",2,42,3.21103,0.97,0.515152,2,0.5,1661,173
1834,932.627,ga_tcheby_proxy,mesh9,2,6,0,"[2-5-8-7-6]",4,84,6.42205,0.97,0.534545,4,0.5,1662,173
1835,933.314,ga_tcheby_proxy,mesh9,1,7,0,"[1-4-7]",2,40,3.19307,0.975,0.536232,2,0.5,1663,173
1836,933.412,ga_tcheby_proxy,mesh9,6,2,0,"[6-3-4-1-2]",4,84,6.42205,0.97,0.524164,4,0.5,1664,173
1837,933.559,ga_tcheby_proxy,mesh9,6,8,0,"[6-7-8]",2,44,3.22898,0.97,0.525926,2,0.5,1665,173
1838,933.61,ga_tcheby_proxy,mesh9,4,5,1,"[]",0,0,0,0,0,0,0.5,1665,174
1839,933.902,ga_tcheby_proxy,mesh9,2,4,0,"[2-5-4]",2,42,3.21103,0.97,0.536232,2,0.5,1666,174
1840,934.543,ga_tcheby_proxy,mesh9,0,5,0,"[0-3-4-5]",3,64,4.82552,0.97,0.536232,3,0.5,1667,174
1841,936.717,ga_tcheby_proxy,mesh9,2,8,0,"[2-5-8]",2,40,3.19307,0.975,0.537906,2,0.5,1668,174
1842,937.649,ga_tcheby_proxy,mesh9,7,5,0,"[7-4-5]",2,42,3.21103,0.97,0.518797,2,0.5,1669,174
1843,938.875,ga_tcheby_proxy,mesh9,0,4,0,"[0-3-4]",2,42,3.21103,0.97,0.537906,2,0.5,1670,174
1844,939.566,ga_tcheby_proxy,mesh9,4,2,0,"[4-1-2]",2,42,3.21103,0.97,0.515152,2,0.5,1671,174
1845,940.048,ga_tcheby_proxy,mesh9,2,5,0,"[2-5]",1,20,1.59654,0.975,0.539568,1,0.5,1672,174
1846,940.582,ga_tcheby_proxy,mesh9,1,0,0,"[1-0]",1,22,1.61449,0.97,0.525926,1,0.5,1673,174
1847,940.923,ga_tcheby_proxy,mesh9,6,8,0,"[6-7-8]",2,44,3.22898,0.97,0.527675,2,0.5,1674,174
1848,941.523,ga_tcheby_proxy,mesh9,0,5,0,"[0-1-4-5]",3,64,4.82552,0.97,0.537906,3,0.5,1675,174
1849,941.756,ga_tcheby_proxy,mesh9,0,6,0,"[0-3-6]",2,40,3.19307,0.975,0.539568,2,0.5,1676,174
1850,943.508,ga_tcheby_proxy,mesh9,6,4,0,"[6-3-4]",2,42,3.21103,0.97,0.527675,2,0.5,1677,174
1851,944,ga_tcheby_proxy,mesh9,2,1,0,"[2-1]",1,22,1.61449,0.97,0.516981,1,0.5,1678,174
1852,944.834,ga_tcheby_proxy,mesh9,3,0,0,"[3-0]",1,20,1.59654,0.975,0.522388,1,0.5,1679,174
1853,944.852,ga_tcheby_proxy,mesh9,6,4,1,"[]",0,0,0,0,0,0,0.5,1679,175
1854,945.002,ga_tcheby_proxy,mesh9,6,3,0,"[6-3]",1,20,1.59654,0.975,0.527675,1,0.5,1680,175
1855,945.049,ga_tcheby_proxy,mesh9,5,1,1,"[]",0,0,0,0,0,0,0.5,1680,176
1856,945.572,ga_tcheby_proxy,mesh9,1,4,0,"[1-4]",1,20,1.59654,0.975,0.539568,1,0.5,1681,176
1857,945.932,ga_tcheby_proxy,mesh9,0,4,0,"[0-3-4]",2,42,3.21103,0.97,0.541219,2,0.5,1682,176
1858,946.137,ga_tcheby_proxy,mesh9,2,4,0,"[2-5-4]",2,42,3.21103,0.97,0.541219,2,0.5,1683,176
1859,947.194,ga_tcheby_proxy,mesh9,5,4,0,"[5-4]",1,22,1.61449,0.97,0.522388,1,0.5,1684,176
1860,947.51,ga_tcheby_proxy,mesh9,4,6,0,"[4-3-6]",2,42,3.21103,0.97,0.525926,2,0.5,1685,176
1861,947.609,ga_tcheby_proxy,mesh9,3,0,0,"[3-0]",1,20,1.59654,0.975,0.524164,1,0.5,1686,176
1862,948.349,ga_tcheby_proxy,mesh9,7,8,0,"[7-8]",1,22,1.61449,0.97,0.524164,1,0.5,1687,176
1863,948.92,ga_tcheby_proxy,mesh9,5,6,0,"[5-4-3-6]",3,64,4.82552,0.97,0.527675,3,0.5,1688,176
1864,949.07,ga_tcheby_proxy,mesh9,6,5,0,"[6-7-8-5]",3,64,4.82552,0.97,0.529412,3,0.5,1689,176
1865,949.939,ga_tcheby_proxy,mesh9,7,5,0,"[7-4-5]",2,42,3.21103,0.97,0.522388,2,0.5,1690,176
1866,950.189,ga_tcheby_proxy,mesh9,1,2,0,"[1-2]",1,22,1.61449,0.97,0.513308,1,0.5,1691,176
1867,950.746,ga_tcheby_proxy,mesh9,6,3,0,"[6-3]",1,20,1.59654,0.975,0.529412,1,0.5,1692,176
1868,950.931,ga_tcheby_proxy,mesh9,7,8,0,"[7-8]",1,22,1.61449,0.97,0.527675,1,0.5,1693,176
1869,951.466,ga_tcheby_proxy,mesh9,7,8,0,"[7-8]",1,22,1.61449,0.97,0.529412,1,0.5,1694,176
1870,951.558,ga_tcheby_proxy,mesh9,6,7,0,"[6-7]",1,22,1.61449,0.97,0.531136,1,0.5,1695,176
1871,951.689,ga_tcheby_proxy,mesh9,0,5,0,"[0-1-4-5]",3,64,4.82552,0.97,0.541219,3,0.5,1696,176
1872,952.329,ga_tcheby_proxy,mesh9,4,7,0,"[4-7]",1,20,1.59654,0.975,0.537906,1,0.5,1697,176
1873,953.416,ga_tcheby_proxy,mesh9,8,6,0,"[8-7-6]",2,44,3.22898,0.97,0.524164,2,0.5,1698,176
1874,953.79,ga_tcheby_proxy,mesh9,3,4,0,"[3-4]",1,22,1.61449,0.97,0.531136,1,0.5,1699,176
1875,954.308,ga_tcheby_proxy,mesh9,0,5,0,"[0-1-2-5]",3,64,4.82552,0.97,0.542857,3,0.5,1700,176
1876,954.805,ga_tcheby_proxy,mesh9,0,1,0,"[0-1]",1,22,1.61449,0.97,0.515152,1,0.5,1701,176
1877,955.512,ga_tcheby_proxy,mesh9,7,2,0,"[7-4-1-2]",3,62,4.80756,0.97,0.520599,3,0.5,1702,176
1878,955.702,ga_tcheby_proxy,mesh9,4,6,0,"[4-3-6]",2,42,3.21103,0.97,0.529412,2,0.5,1703,176
1879,956.423,ga_tcheby_proxy,mesh9,1,5,0,"[1-4-5]",2,42,3.21103,0.97,0.542857,2,0.5,1704,176
1880,956.699,ga_tcheby_proxy,mesh9,5,1,0,"[5-2-1]",2,42,3.21103,0.97,0.518797,2,0.5,1705,176
1881,957.288,ga_tcheby_proxy,mesh9,4,2,0,"[4-1-2]",2,42,3.21103,0.97,0.518797,2,0.5,1706,176
1882,957.661,ga_tcheby_proxy,mesh9,6,2,0,"[6-3-0-1-2]",4,84,6.42205,0.97,0.531136,4,0.5,1707,176
1883,958.737,ga_tcheby_proxy,mesh9,7,6,0,"[7-6]",1,22,1.61449,0.97,0.525926,1,0.5,1708,176
1884,959.283,ga_tcheby_proxy,mesh9,6,1,0,"[6-3-0-1]",3,62,4.80756,0.97,0.532847,3,0.5,1709,176
1885,959.685,ga_tcheby_proxy,mesh9,0,2,0,"[0-1-2]",2,44,3.22898,0.97,0.522388,2,0.5,1710,176
1886,960.092,ga_tcheby_proxy,mesh9,2,5,0,"[2-5]",1,20,1.59654,0.975,0.544484,1,0.5,1711,176
1887,960.249,ga_tcheby_proxy,mesh9,4,0,0,"[4-1-0]",2,42,3.21103,0.97,0.527675,2,0.5,1712,176
1888,960.397,ga_tcheby_proxy,mesh9,2,7,0,"[2-1-4-7]",3,62,4.80756,0.97,0.544484,3,0.5,1713,176
1889,960.669,ga_tcheby_proxy,mesh9,0,4,0,"[0-3-4]",2,42,3.21103,0.97,0.542857,2,0.5,1714,176
1890,960.857,ga_tcheby_proxy,mesh9,6,1,0,"[6-7-4-1]",3,62,4.80756,0.97,0.532847,3,0.5,1715,176
1891,961.687,ga_tcheby_proxy,mesh9,6,4,0,"[6-3-4]",2,42,3.21103,0.97,0.534545,2,0.5,1716,176
1892,962.023,ga_tcheby_proxy,mesh9,0,2,0,"[0-1-2]",2,44,3.22898,0.97,0.524164,2,0.5,1717,176
1893,962.135,ga_tcheby_proxy,mesh9,6,0,0,"[6-3-0]",2,40,3.19307,0.975,0.536232,2,0.5,1718,176
1894,962.546,ga_tcheby_proxy,mesh9,3,0,0,"[3-0]",1,20,1.59654,0.975,0.531136,1,0.5,1719,176
1895,962.63,ga_tcheby_proxy,mesh9,0,8,0,"[0-3-6-7-8]",4,84,6.42205,0.97,0.544484,4,0.5,1720,176
1896,963.008,ga_tcheby_proxy,mesh9,2,4,0,"[2-5-4]",2,42,3.21103,0.97,0.546099,2,0.5,1721,176
1897,963.169,ga_tcheby_proxy,mesh9,3,7,0,"[3-6-7]",2,42,3.21103,0.97,0.536232,2,0.5,1722,176
1898,963.416,ga_tcheby_proxy,mesh9,3,5,0,"[3-4-5]",2,44,3.22898,0.97,0.536232,2,0.5,1723,176
1899,963.443,ga_tcheby_proxy,mesh9,7,8,1,"[]",0,0,0,0,0,0,0.5,1723,177
1900,964.955,ga_tcheby_proxy,mesh9,3,2,0,"[3-0-1-2]",3,64,4.82552,0.97,0.532847,3,0.5,1724,177
1901,966.077,ga_tcheby_proxy,mesh9,2,6,0,"[2-1-4-7-6]",4,84,6.42205,0.97,0.546099,4,0.5,1725,177
1902,966.56,ga_tcheby_proxy,mesh9,8,2,0,"[8-5-2]",2,40,3.19307,0.975,0.501946,2,0.5,1726,177
1903,967.266,ga_tcheby_proxy,mesh9,7,3,0,"[7-4-3]",2,42,3.21103,0.97,0.531136,2,0.5,1727,177
1904,968.039,ga_tcheby_proxy,mesh9,5,6,0,"[5-4-3-6]",3,64,4.82552,0.97,0.532847,3,0.5,1728,177
1905,968.985,ga_tcheby_proxy,mesh9,1,6,0,"[1-0-3-6]",3,62,4.80756,0.97,0.546099,3,0.5,1729,177
1906,969.085,ga_tcheby_proxy,mesh9,2,5,0,"[2-5]",1,20,1.59654,0.975,0.547703,1,0.5,1730,177
1907,969.273,ga_tcheby_proxy,mesh9,5,6,0,"[5-4-3-6]",3,64,4.82552,0.97,0.534545,3,0.5,1731,177
1908,969.398,ga_tcheby_proxy,mesh9,8,4,0,"[8-7-4]",2,42,3.21103,0.97,0.525926,2,0.5,1732,177
1909,970.952,ga_tcheby_proxy,mesh9,1,2,0,"[1-2]",1,22,1.61449,0.97,0.527675,1,0.5,1733,177
1910,971.037,ga_tcheby_proxy,mesh9,8,3,0,"[8-5-4-3]",3,64,4.82552,0.97,0.536232,3,0.5,1734,177
1911,972.421,ga_tcheby_proxy,mesh9,0,5,0,"[0-3-4-5]",3,64,4.82552,0.97,0.547703,3,0.5,1735,177
1912,972.685,ga_tcheby_proxy,mesh9,3,1,0,"[3-0-1]",2,42,3.21103,0.97,0.534545,2,0.5,1736,177
1913,972.76,ga_tcheby_proxy,mesh9,2,7,0,"[2-1-4-7]",3,62,4.80756,0.97,0.547703,3,0.5,1737,177
1914,972.931,ga_tcheby_proxy,mesh9,8,1,0,"[8-5-2-1]",3,62,4.80756,0.97,0.525926,3,0.5,1738,177
1915,973.353,ga_tcheby_proxy,mesh9,7,6,0,"[7-6]",1,22,1.61449,0.97,0.529412,1,0.5,1739,177
1916,973.639,ga_tcheby_proxy,mesh9,2,6,0,"[2-5-8-7-6]",4,84,6.42205,0.97,0.549296,4,0.5,1740,177
1917,974.404,ga_tcheby_proxy,mesh9,8,6,0,"[8-7-6]",2,44,3.22898,0.97,0.532847,2,0.5,1741,177
1918,975.34,ga_tcheby_proxy,mesh9,8,0,0,"[8-7-4-1-0]",4,84,6.42205,0.97,0.531136,4,0.5,1742,177
1919,976.017,ga_tcheby_proxy,mesh9,6,8,0,"[6-7-8]",2,44,3.22898,0.97,0.537906,2,0.5,1743,177
1920,977.376,ga_tcheby_proxy,mesh9,0,3,0,"[0-3]",1,20,1.59654,0.975,0.549296,1,0.5,1744,177
1921,977.628,ga_tcheby_proxy,mesh9,2,6,0,"[2-1-4-7-6]",4,84,6.42205,0.97,0.549296,4,0.5,1745,177
1922,977.738,ga_tcheby_proxy,mesh9,1,3,0,"[1-0-3]",2,42,3.21103,0.97,0.550877,2,0.5,1746,177
1923,977.767,ga_tcheby_proxy,mesh9,5,7,1,"[]",0,0,0,0,0,0,0.5,1746,178
1924,980.44,ga_tcheby_proxy,mesh9,7,3,0,"[7-6-3]",2,42,3.21103,0.97,0.537906,2,0.5,1747,178
1925,981.054,ga_tcheby_proxy,mesh9,6,4,0,"[6-3-4]",2,42,3.21103,0.97,0.539568,2,0.5,1748,178
1926,981.603,ga_tcheby_proxy,mesh9,8,6,0,"[8-7-6]",2,44,3.22898,0.97,0.537906,2,0.5,1749,178
1927,981.879,ga_tcheby_proxy,mesh9,6,4,0,"[6-7-4]",2,42,3.21103,0.97,0.539568,2,0.5,1750,178
1928,982.113,ga_tcheby_proxy,mesh9,6,2,0,"[6-7-4-1-2]",4,84,6.42205,0.97,0.541219,4,0.5,1751,178
1929,982.215,ga_tcheby_proxy,mesh9,3,2,0,"[3-0-1-2]",3,64,4.82552,0.97,0.536232,3,0.5,1752,178
1930,982.397,ga_tcheby_proxy,mesh9,2,7,0,"[2-1-4-7]",3,62,4.80756,0.97,0.550877,3,0.5,1753,178
1931,982.96,ga_tcheby_proxy,mesh9,1,6,0,"[1-0-3-6]",3,62,4.80756,0.97,0.552448,3,0.5,1754,178
1932,983.243,ga_tcheby_proxy,mesh9,1,5,0,"[1-2-5]",2,42,3.21103,0.97,0.550877,2,0.5,1755,178
1933,983.876,ga_tcheby_proxy,mesh9,8,7,0,"[8-7]",1,22,1.61449,0.97,0.505792,1,0.5,1756,178
1934,983.972,ga_tcheby_proxy,mesh9,0,1,0,"[0-1]",1,22,1.61449,0.97,0.529412,1,0.5,1757,178
1935,984.418,ga_tcheby_proxy,mesh9,7,0,0,"[7-4-1-0]",3,62,4.80756,0.97,0.536232,3,0.5,1758,178
1936,984.56,ga_tcheby_proxy,mesh9,8,0,0,"[8-5-4-1-0]",4,84,6.42205,0.97,0.537906,4,0.5,1759,178
1937,986.293,ga_tcheby_proxy,mesh9,4,0,0,"[4-3-0]",2,42,3.21103,0.97,0.537906,2,0.5,1760,178
1938,987.03,ga_tcheby_proxy,mesh9,0,3,0,"[0-3]",1,20,1.59654,0.975,0.554007,1,0.5,1761,178
1939,987.957,ga_tcheby_proxy,mesh9,5,3,0,"[5-4-3]",2,44,3.22898,0.97,0.539568,2,0.5,1762,178
1940,987.99,ga_tcheby_proxy,mesh9,3,4,1,"[]",0,0,0,0,0,0,0.5,1762,179
1941,989.339,ga_tcheby_proxy,mesh9,8,4,0,"[8-7-4]",2,42,3.21103,0.97,0.534545,2,0.5,1763,179
1942,990.054,ga_tcheby_proxy,mesh9,4,5,0,"[4-5]",1,22,1.61449,0.97,0.531136,1,0.5,1764,179
1943,990.59,ga_tcheby_proxy,mesh9,7,4,0,"[7-4]",1,20,1.59654,0.975,0.536232,1,0.5,1765,179
1944,990.89,ga_tcheby_proxy,mesh9,6,5,0,"[6-3-4-5]",3,64,4.82552,0.97,0.541219,3,0.5,1766,179
1945,991.128,ga_tcheby_proxy,mesh9,5,1,0,"[5-2-1]",2,42,3.21103,0.97,0.531136,2,0.5,1767,179
1946,991.238,ga_tcheby_proxy,mesh9,5,8,0,"[5-8]",1,20,1.59654,0.975,0.537906,1,0.5,1768,179
1947,991.261,ga_tcheby_proxy,mesh9,6,7,1,"[]",0,0,0,0,0,0,0.5,1768,180
1948,991.282,ga_tcheby_proxy,mesh9,1,5,1,"[]",0,0,0,0,0,0,0.5,1768,181
1949,991.405,ga_tcheby_proxy,mesh9,6,4,0,"[6-3-4]",2,42,3.21103,0.97,0.542857,2,0.5,1769,181
1950,991.632,ga_tcheby_proxy,mesh9,4,3,0,"[4-3]",1,22,1.61449,0.97,0.541219,1,0.5,1770,181
1951,992.9,ga_tcheby_proxy,mesh9,5,2,0,"[5-2]",1,20,1.59654,0.975,0.5,1,0.5,1771,181
1952,994.246,ga_tcheby_proxy,mesh9,3,6,0,"[3-6]",1,20,1.59654,0.975,0.536232,1,0.5,1772,181
1953,996.642,ga_tcheby_proxy,mesh9,5,6,0,"[5-8-7-6]",3,64,4.82552,0.97,0.539568,3,0.5,1773,181
1954,996.645,ga_tcheby_proxy,mesh9,6,2,0,"[6-7-4-5-2]",4,84,6.76831,0.917841,0.542857,4,0.5,1774,181
1955,998.355,ga_tcheby_proxy,mesh9,1,2,0,"[1-2]",1,22,1.61449,0.97,0.534545,1,0.5,1775,181
1956,998.812,ga_tcheby_proxy,mesh9,1,2,0,"[1-2]",1,22,1.61449,0.97,0.536232,1,0.5,1776,181
1957,999.025,ga_tcheby_proxy,mesh9,6,2,0,"[6-7-4-1-2]",4,84,6.42205,0.97,0.544484,4,0.5,1777,181
1958,999.112,ga_tcheby_proxy,mesh9,1,0,0,"[1-0]",1,22,1.61449,0.97,0.539568,1,0.5,1778,181
1959,999.224,ga_tcheby_proxy,mesh9,4,8,0,"[4-5-8]",2,42,3.21103,0.97,0.541219,2,0.5,1779,181
1960,999.459,ga_tcheby_proxy,mesh9,7,4,0,"[7-4]",1,20,1.59654,0.975,0.541219,1,0.5,1780,181
1961,1000.51,ga_tcheby_proxy,mesh9,0,4,0,"[0-1-4]",2,42,3.21103,0.97,0.552448,2,0.5,1781,181
1962,1001.46,ga_tcheby_proxy,mesh9,2,0,0,"[2-1-0]",2,44,3.22898,0.97,0.541219,2,0.5,1782,181
1963,1001.78,ga_tcheby_proxy,mesh9,6,5,0,"[6-3-4-5]",3,64,4.82552,0.97,0.544484,3,0.5,1783,181
1964,1002.25,ga_tcheby_proxy,mesh9,8,0,0,"[8-5-2-1-0]",4,84,6.42205,0.97,0.542857,4,0.5,1784,181
1965,1002.59,ga_tcheby_proxy,mesh9,8,0,0,"[8-5-4-3-0]",4,84,6.42205,0.97,0.542857,4,0.5,1785,181
1966,1002.84,ga_tcheby_proxy,mesh9,2,1,0,"[2-1]",1,22,1.61449,0.97,0.536232,1,0.5,1786,181
1967,1003.01,ga_tcheby_proxy,mesh9,5,7,0,"[5-8-7]",2,42,3.21103,0.97,0.542857,2,0.5,1787,181
1968,1003.86,ga_tcheby_proxy,mesh9,0,6,0,"[0-3-6]",2,40,3.19307,0.975,0.555556,2,0.5,1788,181
1969,1005.19,ga_tcheby_proxy,mesh9,4,2,0,"[4-5-2]",2,42,3.21103,0.97,0.539568,2,0.5,1789,181
1970,1005.23,ga_tcheby_proxy,mesh9,7,0,1,"[]",0,0,0,0,0,0,0.5,1789,182
1971,1006.53,ga_tcheby_proxy,mesh9,8,7,0,"[8-7]",1,22,1.61449,0.97,0.513308,1,0.5,1790,182
1972,1006.53,ga_tcheby_proxy,mesh9,0,2,0,"[0-1-2]",2,44,3.36394,0.929479,0.541516,2,0.5,1791,182
1973,1007.39,ga_tcheby_proxy,mesh9,6,2,0,"[6-7-4-1-2]",4,84,6.42205,0.97,0.546099,4,0.5,1792,182
1974,1007.59,ga_tcheby_proxy,mesh9,2,5,0,"[2-5]",1,20,1.59654,0.975,0.552448,1,0.5,1793,182
1975,1008.31,ga_tcheby_proxy,mesh9,1,4,0,"[1-4]",1,20,1.59654,0.975,0.554007,1,0.5,1794,182
1976,1008.32,ga_tcheby_proxy,mesh9,5,7,1,"[]",0,0,0,0,0,0,0.5,1794,183
1977,1008.99,ga_tcheby_proxy,mesh9,1,0,0,"[1-0]",1,22,1.61449,0.97,0.544484,1,0.5,1795,183
1978,1009.17,ga_tcheby_proxy,mesh9,7,1,0,"[7-4-1]",2,40,3.19307,0.975,0.544484,2,0.5,1796,183
1979,1010.65,ga_tcheby_proxy,mesh9,2,4,0,"[2-5-4]",2,42,3.21103,0.97,0.554007,2,0.5,1797,183
1980,1012,ga_tcheby_proxy,mesh9,8,4,0,"[8-5-4]",2,42,3.21103,0.97,0.539568,2,0.5,1798,183
1981,1012.14,ga_tcheby_proxy,mesh9,2,1,0,"[2-1]",1,22,1.61449,0.97,0.537906,1,0.5,1799,183
1982,1012.64,ga_tcheby_proxy,mesh9,7,1,0,"[7-4-1]",2,40,3.19307,0.975,0.546099,2,0.5,1800,183
1983,1012.9,ga_tcheby_proxy,mesh9,4,0,0,"[4-3-0]",2,42,3.21103,0.97,0.544484,2,0.5,1801,183
1984,1013.4,ga_tcheby_proxy,mesh9,1,7,0,"[1-4-7]",2,40,3.19307,0.975,0.555556,2,0.5,1802,183
1985,1013.6,ga_tcheby_proxy,mesh9,6,8,0,"[6-7-8]",2,44,3.22898,0.97,0.547703,2,0.5,1803,183
1986,1014.03,ga_tcheby_proxy,mesh9,3,7,0,"[3-4-7]",2,42,3.21103,0.97,0.549296,2,0.5,1804,183
1987,1014.22,ga_tcheby_proxy,mesh9,1,4,0,"[1-4]",1,20,1.59654,0.975,0.557093,1,0.5,1805,183
1988,1015.96,ga_tcheby_proxy,mesh9,3,2,0,"[3-0-1-2]",3,64,4.82552,0.97,0.542857,3,0.5,1806,183
1989,1016.22,ga_tcheby_proxy,mesh9,6,7,0,"[6-7]",1,22,1.61449,0.97,0.549296,1,0.5,1807,183
1990,1016.83,ga_tcheby_proxy,mesh9,4,0,0,"[4-1-0]",2,42,3.21103,0.97,0.546099,2,0.5,1808,183
1991,1017.61,ga_tcheby_proxy,mesh9,3,7,0,"[3-6-7]",2,42,3.21103,0.97,0.550877,2,0.5,1809,183
1992,1017.9,ga_tcheby_proxy,mesh9,3,8,0,"[3-4-5-8]",3,64,4.82552,0.97,0.547703,3,0.5,1810,183
1993,1018.07,ga_tcheby_proxy,mesh9,0,1,0,"[0-1]",1,22,1.61449,0.97,0.536232,1,0.5,1811,183
1994,1019.09,ga_tcheby_proxy,mesh9,3,6,0,"[3-6]",1,20,1.59654,0.975,0.541219,1,0.5,1812,183
1995,1019.52,ga_tcheby_proxy,mesh9,2,4,0,"[2-5-4]",2,42,3.21103,0.97,0.555556,2,0.5,1813,183
1996,1020.49,ga_tcheby_proxy,mesh9,3,2,0,"[3-0-1-2]",3,64,4.82552,0.97,0.544484,3,0.5,1814,183
1997,1020.53,ga_tcheby_proxy,mesh9,8,2,1,"[]",0,0,0,0,0,0,0.5,1814,184
1998,1020.71,ga_tcheby_proxy,mesh9,7,3,0,"[7-6-3]",2,42,3.21103,0.97,0.546099,2,0.5,1815,184
1999,1021.16,ga_tcheby_proxy,mesh9,4,6,0,"[4-3-6]",2,42,3.21103,0.97,0.546099,2,0.5,1816,184
2000,1021.16,ga_tcheby_proxy,mesh9,4,7,0,"[4-7]",1,20,1.69028,0.919144,0.558719,1,0.5,1817,184
2001,1021.53,ga_tcheby_proxy,mesh9,8,3,0,"[8-7-4-3]",3,64,4.82552,0.97,0.547703,3,0.5,1818,184
2002,1022.1,ga_tcheby_proxy,mesh9,6,1,0,"[6-3-0-1]",3,62,4.80756,0.97,0.547703,3,0.5,1819,184
2003,1022.16,ga_tcheby_proxy,mesh9,3,5,1,"[]",0,0,0,0,0,0,0.5,1819,185
2004,1023.15,ga_tcheby_proxy,mesh9,2,1,0,"[2-1]",1,22,1.61449,0.97,0.539568,1,0.5,1820,185
2005,1023.17,ga_tcheby_proxy,mesh9,8,5,1,"[]",0,0,0,0,0,0,0.5,1820,186
2006,1024.3,ga_tcheby_proxy,mesh9,7,8,0,"[7-8]",1,22,1.61449,0.97,0.536232,1,0.5,1821,186
2007,1024.87,ga_tcheby_proxy,mesh9,2,8,0,"[2-5-8]",2,40,3.19307,0.975,0.557093,2,0.5,1822,186
2008,1026.54,ga_tcheby_proxy,mesh9,1,0,0,"[1-0]",1,22,1.61449,0.97,0.547703,1,0.5,1823,186
2009,1027.48,ga_tcheby_proxy,mesh9,5,2,0,"[5-2]",1,20,1.59654,0.975,0.507692,1,0.5,1824,186
2010,1028.52,ga_tcheby_proxy,mesh9,3,5,0,"[3-4-5]",2,44,3.22898,0.97,0.549296,2,0.5,1825,186
2011,1028.9,ga_tcheby_proxy,mesh9,6,4,0,"[6-3-4]",2,42,3.21103,0.97,0.550877,2,0.5,1826,186
2012,1029.58,ga_tcheby_proxy,mesh9,6,4,0,"[6-7-4]",2,42,3.21103,0.97,0.552448,2,0.5,1827,186
2013,1029.64,ga_tcheby_proxy,mesh9,8,5,1,"[]",0,0,0,0,0,0,0.5,1827,187
2014,1030.51,ga_tcheby_proxy,mesh9,4,6,0,"[4-3-6]",2,42,3.21103,0.97,0.549296,2,0.5,1828,187
2015,1030.76,ga_tcheby_proxy,mesh9,1,6,0,"[1-0-3-6]",3,62,4.80756,0.97,0.557093,3,0.5,1829,187
2016,1030.78,ga_tcheby_proxy,mesh9,8,7,1,"[]",0,0,0,0,0,0,0.5,1829,188
2017,1031.1,ga_tcheby_proxy,mesh9,6,1,0,"[6-3-0-1]",3,62,4.80756,0.97,0.550877,3,0.5,1830,188
2018,1031.78,ga_tcheby_proxy,mesh9,2,7,0,"[2-5-4-7]",3,62,4.80756,0.97,0.558621,3,0.5,1831,188
2019,1032.38,ga_tcheby_proxy,mesh9,2,1,0,"[2-1]",1,22,1.61449,0.97,0.541219,1,0.5,1832,188
2020,1032.56,ga_tcheby_proxy,mesh9,6,2,0,"[6-3-4-1-2]",4,84,6.42205,0.97,0.552448,4,0.5,1833,188
2021,1035.22,ga_tcheby_proxy,mesh9,3,2,0,"[3-0-1-2]",3,64,4.82552,0.97,0.549296,3,0.5,1834,188
2022,1036.24,ga_tcheby_proxy,mesh9,2,5,0,"[2-5]",1,20,1.59654,0.975,0.560137,1,0.5,1835,188
2023,1037.34,ga_tcheby_proxy,mesh9,5,6,0,"[5-8-7-6]",3,64,4.82552,0.97,0.547703,3,0.5,1836,188
2024,1037.43,ga_tcheby_proxy,mesh9,1,7,0,"[1-4-7]",2,40,3.22168,0.957201,0.558621,2,0.5,1837,188
2025,1037.72,ga_tcheby_proxy,mesh9,8,5,0,"[8-5]",1,20,1.59654,0.975,0.515152,1,0.5,1838,188
2026,1038.34,ga_tcheby_proxy,mesh9,7,6,0,"[7-6]",1,22,1.61449,0.97,0.544484,1,0.5,1839,188
2027,1039.34,ga_tcheby_proxy,mesh9,5,8,0,"[5-8]",1,20,1.59654,0.975,0.549296,1,0.5,1840,188
2028,1039.88,ga_tcheby_proxy,mesh9,8,3,0,"[8-7-4-3]",3,64,4.82552,0.97,0.550877,3,0.5,1841,188
2029,1041.31,ga_tcheby_proxy,mesh9,6,5,0,"[6-7-8-5]",3,64,4.82552,0.97,0.554007,3,0.5,1842,188
2030,1041.51,ga_tcheby_proxy,mesh9,5,6,0,"[5-8-7-6]",3,64,4.82552,0.97,0.550877,3,0.5,1843,188
2031,1041.54,ga_tcheby_proxy,mesh9,1,6,1,"[]",0,0,0,0,0,0,0.5,1843,189
2032,1041.92,ga_tcheby_proxy,mesh9,6,2,0,"[6-3-4-1-2]",4,84,6.42205,0.97,0.554007,4,0.5,1844,189
2033,1042.69,ga_tcheby_proxy,mesh9,3,6,0,"[3-6]",1,20,1.59654,0.975,0.547703,1,0.5,1845,189
2034,1043.34,ga_tcheby_proxy,mesh9,1,7,0,"[1-4-7]",2,40,3.19307,0.975,0.560137,2,0.5,1846,189
2035,1043.65,ga_tcheby_proxy,mesh9,6,3,0,"[6-3]",1,20,1.59654,0.975,0.555556,1,0.5,1847,189
2036,1044.44,ga_tcheby_proxy,mesh9,5,8,0,"[5-8]",1,20,1.59654,0.975,0.552448,1,0.5,1848,189
2037,1044.52,ga_tcheby_proxy,mesh9,0,8,0,"[0-3-4-7-8]",4,84,6.42205,0.97,0.558621,4,0.5,1849,189
2038,1044.9,ga_tcheby_proxy,mesh9,8,3,0,"[8-5-4-3]",3,64,4.82552,0.97,0.552448,3,0.5,1850,189
2039,1045.1,ga_tcheby_proxy,mesh9,3,8,0,"[3-6-7-8]",3,64,4.82552,0.97,0.555556,3,0.5,1851,189
2040,1045.15,ga_tcheby_proxy,mesh9,0,1,1,"[]",0,0,0,0,0,0,0.5,1851,190
2041,1045.71,ga_tcheby_proxy,mesh9,8,3,0,"[8-5-4-3]",3,64,4.82552,0.97,0.554007,3,0.5,1852,190
2042,1047.8,ga_tcheby_proxy,mesh9,5,1,0,"[5-2-1]",2,42,3.21103,0.97,0.542857,2,0.5,1853,190
2043,1048.34,ga_tcheby_proxy,mesh9,0,3,0,"[0-3]",1,20,1.59654,0.975,0.560137,1,0.5,1854,190
2044,1048.55,ga_tcheby_proxy,mesh9,2,6,0,"[2-1-4-7-6]",4,84,6.42205,0.97,0.561644,4,0.5,1855,190
2045,1048.91,ga_tcheby_proxy,mesh9,5,8,0,"[5-8]",1,20,1.59654,0.975,0.554007,1,0.5,1856,190
2046,1049.02,ga_tcheby_proxy,mesh9,1,8,0,"[1-2-5-8]",3,62,4.80756,0.97,0.561644,3,0.5,1857,190
2047,1050.23,ga_tcheby_proxy,mesh9,2,0,0,"[2-1-0]",2,44,3.22898,0.97,0.550877,2,0.5,1858,190
2048,1050.5,ga_tcheby_proxy,mesh9,5,8,0,"[5-8]",1,20,1.59654,0.975,0.557093,1,0.5,1859,190
2049,1051.41,ga_tcheby_proxy,mesh9,5,3,0,"[5-4-3]",2,44,3.22898,0.97,0.555556,2,0.5,1860,190
2050,1051.47,ga_tcheby_proxy,mesh9,5,0,1,"[]",0,0,0,0,0,0,0.5,1860,191
2051,1051.94,ga_tcheby_proxy,mesh9,6,0,0,"[6-3-0]",2,40,3.19307,0.975,0.557093,2,0.5,1861,191
2052,1052.87,ga_tcheby_proxy,mesh9,1,4,0,"[1-4]",1,20,1.59654,0.975,0.56314,1,0.5,1862,191
2053,1053.18,ga_tcheby_proxy,mesh9,0,4,0,"[0-3-4]",2,42,3.21103,0.97,0.561644,2,0.5,1863,191
2054,1053.35,ga_tcheby_proxy,mesh9,0,7,0,"[0-3-4-7]",3,62,4.80756,0.97,0.56314,3,0.5,1864,191
2055,1053.83,ga_tcheby_proxy,mesh9,5,6,0,"[5-4-3-6]",3,64,4.82552,0.97,0.557093,3,0.5,1865,191
2056,1053.91,ga_tcheby_proxy,mesh9,3,2,0,"[3-4-5-2]",3,64,4.85301,0.958595,0.560137,3,0.5,1866,191
2057,1054.01,ga_tcheby_proxy,mesh9,2,6,0,"[2-5-8-7-6]",4,84,6.42205,0.97,0.56314,4,0.5,1867,191
2058,1054.26,ga_tcheby_proxy,mesh9,2,5,0,"[2-5]",1,20,1.59654,0.975,0.564626,1,0.5,1868,191
2059,1057.5,ga_tcheby_proxy,mesh9,6,4,0,"[6-7-4]",2,42,3.21103,0.97,0.557093,2,0.5,1869,191
2060,1057.62,ga_tcheby_proxy,mesh9,8,7,0,"[8-7]",1,22,1.61449,0.97,0.524164,1,0.5,1870,191
2061,1058.48,ga_tcheby_proxy,mesh9,4,8,0,"[4-5-8]",2,42,3.21103,0.97,0.560137,2,0.5,1871,191
2062,1058.83,ga_tcheby_proxy,mesh9,3,5,0,"[3-4-5]",2,44,3.22898,0.97,0.561644,2,0.5,1872,191
2063,1058.84,ga_tcheby_proxy,mesh9,2,0,1,"[]",0,0,0,0,0,0,0.5,1872,192
2064,1059.77,ga_tcheby_proxy,mesh9,5,2,0,"[5-2]",1,20,1.59654,0.975,0.513308,1,0.5,1873,192
2065,1060,ga_tcheby_proxy,mesh9,7,1,0,"[7-4-1]",2,40,3.19307,0.975,0.554007,2,0.5,1874,192
2066,1060.12,ga_tcheby_proxy,mesh9,1,4,0,"[1-4]",1,20,1.59654,0.975,0.564626,1,0.5,1875,192
2067,1061.13,ga_tcheby_proxy,mesh9,0,1,0,"[0-1]",1,22,1.61449,0.97,0.544484,1,0.5,1876,192
2068,1061.74,ga_tcheby_proxy,mesh9,1,7,0,"[1-4-7]",2,40,3.19307,0.975,0.566102,2,0.5,1877,192
2069,1063.54,ga_tcheby_proxy,mesh9,2,8,0,"[2-5-8]",2,40,3.19307,0.975,0.566102,2,0.5,1878,192
2070,1064.37,ga_tcheby_proxy,mesh9,8,3,0,"[8-7-6-3]",3,64,4.82552,0.97,0.558621,3,0.5,1879,192
2071,1064.52,ga_tcheby_proxy,mesh9,5,6,0,"[5-4-3-6]",3,64,4.82552,0.97,0.558621,3,0.5,1880,192
2072,1065.33,ga_tcheby_proxy,mesh9,1,0,0,"[1-0]",1,22,1.61449,0.97,0.552448,1,0.5,1881,192
2073,1065.75,ga_tcheby_proxy,mesh9,4,1,0,"[4-1]",1,20,1.59654,0.975,0.544484,1,0.5,1882,192
2074,1067.13,ga_tcheby_proxy,mesh9,7,0,0,"[7-4-1-0]",3,62,4.80756,0.97,0.555556,3,0.5,1883,192
2075,1067.19,ga_tcheby_proxy,mesh9,4,3,0,"[4-3]",1,22,1.61449,0.97,0.560137,1,0.5,1884,192
2076,1067.96,ga_tcheby_proxy,mesh9,0,5,0,"[0-3-4-5]",3,64,4.82552,0.97,0.564626,3,0.5,1885,192
2077,1068.43,ga_tcheby_proxy,mesh9,5,4,0,"[5-4]",1,22,1.61449,0.97,0.552448,1,0.5,1886,192
2078,1068.49,ga_tcheby_proxy,mesh9,5,7,1,"[]",0,0,0,0,0,0,0.5,1886,193
2079,1068.57,ga_tcheby_proxy,mesh9,3,0,0,"[3-0]",1,20,1.59654,0.975,0.552448,1,0.5,1887,193
2080,1068.59,ga_tcheby_proxy,mesh9,3,6,1,"[]",0,0,0,0,0,0,0.5,1887,194
2081,1068.72,ga_tcheby_proxy,mesh9,8,2,0,"[8-5-2]",2,40,3.19307,0.975,0.522388,2,0.5,1888,194
2082,1068.75,ga_tcheby_proxy,mesh9,4,0,1,"[]",0,0,0,0,0,0,0.5,1888,195
2083,1068.87,ga_tcheby_proxy,mesh9,1,8,0,"[1-2-5-8]",3,62,4.80756,0.97,0.567568,3,0.5,1889,195
2084,1069.01,ga_tcheby_proxy,mesh9,5,0,0,"[5-2-1-0]",3,64,4.82552,0.97,0.555556,3,0.5,1890,195
2085,1069.94,ga_tcheby_proxy,mesh9,5,7,0,"[5-4-7]",2,42,3.21103,0.97,0.56314,2,0.5,1891,195
2086,1070.06,ga_tcheby_proxy,mesh9,3,6,0,"[3-6]",1,20,1.59654,0.975,0.554007,1,0.5,1892,195
2087,1070.75,ga_tcheby_proxy,mesh9,3,7,0,"[3-6-7]",2,42,3.21103,0.97,0.558621,2,0.5,1893,195
2088,1070.98,ga_tcheby_proxy,mesh9,3,7,0,"[3-6-7]",2,42,3.21103,0.97,0.560137,2,0.5,1894,195
2089,1071.14,ga_tcheby_proxy,mesh9,8,4,0,"[8-5-4]",2,42,3.21103,0.97,0.555556,2,0.5,1895,195
2090,1071.31,ga_tcheby_proxy,mesh9,4,1,0,"[4-1]",1,20,1.59654,0.975,0.547703,1,0.5,1896,195
2091,1071.5,ga_tcheby_proxy,mesh9,0,6,0,"[0-3-6]",2,40,3.19307,0.975,0.566102,2,0.5,1897,195
2092,1072.4,ga_tcheby_proxy,mesh9,6,5,0,"[6-7-4-5]",3,64,4.82552,0.97,0.561644,3,0.5,1898,195
2093,1072.41,ga_tcheby_proxy,mesh9,8,4,1,"[]",0,0,0,0,0,0,0.5,1898,196
2094,1073.48,ga_tcheby_proxy,mesh9,5,8,0,"[5-8]",1,20,1.59654,0.975,0.564626,1,0.5,1899,196
2095,1074.74,ga_tcheby_proxy,mesh9,0,6,0,"[0-3-6]",2,40,3.19307,0.975,0.567568,2,0.5,1900,196
2096,1075.23,ga_tcheby_proxy,mesh9,0,5,0,"[0-1-4-5]",3,64,4.82552,0.97,0.567568,3,0.5,1901,196
2097,1075.56,ga_tcheby_proxy,mesh9,4,2,0,"[4-1-2]",2,42,3.21103,0.97,0.554007,2,0.5,1902,196
2098,1076.23,ga_tcheby_proxy,mesh9,4,7,0,"[4-7]",1,20,1.59654,0.975,0.564626,1,0.5,1903,196
2099,1076.4,ga_tcheby_proxy,mesh9,2,8,0,"[2-5-8]",2,40,3.19307,0.975,0.569024,2,0.5,1904,196
2100,1077.11,ga_tcheby_proxy,mesh9,1,4,0,"[1-4]",1,20,1.59654,0.975,0.569024,1,0.5,1905,196
2101,1077.29,ga_tcheby_proxy,mesh9,8,6,0,"[8-7-6]",2,44,3.22898,0.97,0.552448,2,0.5,1906,196
2102,1078.38,ga_tcheby_proxy,mesh9,2,3,0,"[2-1-0-3]",3,64,4.82552,0.97,0.569024,3,0.5,1907,196
2103,1078.82,ga_tcheby_proxy,mesh9,3,2,0,"[3-0-1-2]",3,64,4.82552,0.97,0.555556,3,0.5,1908,196
2104,1079.02,ga_tcheby_proxy,mesh9,4,7,0,"[4-7]",1,20,1.59654,0.975,0.566102,1,0.5,1909,196
2105,1079.23,ga_tcheby_proxy,mesh9,4,7,0,"[4-7]",1,20,1.59654,0.975,0.567568,1,0.5,1910,196
2106,1080.07,ga_tcheby_proxy,mesh9,1,5,0,"[1-2-5]",2,42,3.21103,0.97,0.57047,2,0.5,1911,196
2107,1080.37,ga_tcheby_proxy,mesh9,5,1,0,"[5-2-1]",2,42,3.21103,0.97,0.550877,2,0.5,1912,196
2108,1080.44,ga_tcheby_proxy,mesh9,0,7,1,"[]",0,0,0,0,0,0,0.5,1912,197
2109,1081.04,ga_tcheby_proxy,mesh9,7,5,0,"[7-8-5]",2,42,3.21103,0.97,0.542857,2,0.5,1913,197
2110,1082.26,ga_tcheby_proxy,mesh9,2,7,0,"[2-1-4-7]",3,62,4.80756,0.97,0.57047,3,0.5,1914,197
2111,1084.25,ga_tcheby_proxy,mesh9,7,4,0,"[7-4]",1,20,1.59654,0.975,0.558621,1,0.5,1915,197
2112,1084.78,ga_tcheby_proxy,mesh9,0,7,0,"[0-3-6-7]",3,62,4.80756,0.97,0.57047,3,0.5,1916,197
2113,1084.88,ga_tcheby_proxy,mesh9,2,1,0,"[2-1]",1,22,1.61449,0.97,0.554007,1,0.5,1917,197
2114,1085.27,ga_tcheby_proxy,mesh9,3,2,0,"[3-0-1-2]",3,64,4.82552,0.97,0.558621,3,0.5,1918,197
2115,1085.44,ga_tcheby_proxy,mesh9,1,2,0,"[1-2]",1,22,1.61449,0.97,0.560137,1,0.5,1919,197
2116,1085.68,ga_tcheby_proxy,mesh9,3,7,0,"[3-6-7]",2,42,3.21103,0.97,0.564626,2,0.5,1920,197
2117,1087.31,ga_tcheby_proxy,mesh9,5,2,0,"[5-2]",1,20,1.59654,0.975,0.520599,1,0.5,1921,197
2118,1087.36,ga_tcheby_proxy,mesh9,7,6,1,"[]",0,0,0,0,0,0,0.5,1921,198
2119,1087.52,ga_tcheby_proxy,mesh9,4,1,0,"[4-1]",1,20,1.59654,0.975,0.550877,1,0.5,1922,198
2120,1088.07,ga_tcheby_proxy,mesh9,1,0,0,"[1-0]",1,22,1.61449,0.97,0.558621,1,0.5,1923,198
2121,1088.37,ga_tcheby_proxy,mesh9,5,0,0,"[5-2-1-0]",3,64,4.82552,0.97,0.560137,3,0.5,1924,198
2122,1088.57,ga_tcheby_proxy,mesh9,0,5,0,"[0-1-4-5]",3,64,4.82552,0.97,0.571906,3,0.5,1925,198
2123,1088.9,ga_tcheby_proxy,mesh9,7,5,0,"[7-8-5]",2,42,3.21103,0.97,0.544484,2,0.5,1926,198
2124,1088.94,ga_tcheby_proxy,mesh9,4,6,1,"[]",0,0,0,0,0,0,0.5,1926,199
2125,1091.87,ga_tcheby_proxy,mesh9,1,0,0,"[1-0]",1,22,1.61449,0.97,0.561644,1,0.5,1927,199
2126,1092.14,ga_tcheby_proxy,mesh9,4,6,0,"[4-3-6]",2,42,3.21103,0.97,0.564626,2,0.5,1928,199
2127,1092.29,ga_tcheby_proxy,mesh9,4,0,0,"[4-1-0]",2,42,3.21103,0.97,0.56314,2,0.5,1929,199
2128,1092.61,ga_tcheby_proxy,mesh9,5,6,0,"[5-4-3-6]",3,64,4.82552,0.97,0.566102,3,0.5,1930,199
2129,1092.9,ga_tcheby_proxy,mesh9,0,8,0,"[0-3-4-7-8]",4,84,6.42205,0.97,0.571906,4,0.5,1931,199
2130,1093.65,ga_tcheby_proxy,mesh9,5,3,0,"[5-4-3]",2,44,3.22898,0.97,0.564626,2,0.5,1932,199
2131,1094.2,ga_tcheby_proxy,mesh9,5,3,0,"[5-4-3]",2,44,3.22898,0.97,0.566102,2,0.5,1933,199
2132,1095.22,ga_tcheby_proxy,mesh9,8,6,0,"[8-7-6]",2,44,3.22898,0.97,0.554007,2,0.5,1934,199
2133,1096.23,ga_tcheby_proxy,mesh9,0,3,0,"[0-3]",1,20,1.59654,0.975,0.573333,1,0.5,1935,199
2134,1096.47,ga_tcheby_proxy,mesh9,4,3,0,"[4-3]",1,22,1.61449,0.97,0.567568,1,0.5,1936,199
2135,1097.44,ga_tcheby_proxy,mesh9,3,5,0,"[3-4-5]",2,44,3.22898,0.97,0.566102,2,0.5,1937,199
2136,1097.9,ga_tcheby_proxy,mesh9,4,6,0,"[4-3-6]",2,42,3.21103,0.97,0.569024,2,0.5,1938,199
2137,1100,ga_tcheby_proxy,mesh9,8,0,0,"[8-7-6-3-0]",4,84,6.42205,0.97,0.560137,4,0.5,1939,199
2138,1101.33,ga_tcheby_proxy,mesh9,2,3,0,"[2-5-4-3]",3,64,4.82552,0.97,0.571906,3,0.5,1940,199
2139,1102.17,ga_tcheby_proxy,mesh9,2,3,0,"[2-5-4-3]",3,64,4.82552,0.97,0.573333,3,0.5,1941,199
2140,1102.41,ga_tcheby_proxy,mesh9,0,2,0,"[0-1-2]",2,44,3.22898,0.97,0.561644,2,0.5,1942,199
2141,1103.08,ga_tcheby_proxy,mesh9,7,6,0,"[7-6]",1,22,1.61449,0.97,0.557093,1,0.5,1943,199
2142,1103.58,ga_tcheby_proxy,mesh9,6,2,0,"[6-3-0-1-2]",4,84,6.42205,0.97,0.56314,4,0.5,1944,199
2143,1103.7,ga_tcheby_proxy,mesh9,5,2,0,"[5-2]",1,20,1.59654,0.975,0.524164,1,0.5,1945,199
2144,1104.77,ga_tcheby_proxy,mesh9,0,8,0,"[0-1-4-7-8]",4,84,6.42205,0.97,0.573333,4,0.5,1946,199
2145,1105.41,ga_tcheby_proxy,mesh9,3,4,0,"[3-4]",1,22,1.61449,0.97,0.567568,1,0.5,1947,199
2146,1106.02,ga_tcheby_proxy,mesh9,5,4,0,"[5-4]",1,22,1.61449,0.97,0.564626,1,0.5,1948,199
2147,1106.61,ga_tcheby_proxy,mesh9,6,1,0,"[6-3-0-1]",3,62,4.80756,0.97,0.56314,3,0.5,1949,199
2148,1106.97,ga_tcheby_proxy,mesh9,2,6,0,"[2-5-8-7-6]",4,84,6.42205,0.97,0.574751,4,0.5,1950,199
2149,1107.45,ga_tcheby_proxy,mesh9,1,7,0,"[1-4-7]",2,40,3.19307,0.975,0.574751,2,0.5,1951,199
2150,1108.26,ga_tcheby_proxy,mesh9,6,1,0,"[6-3-0-1]",3,62,4.80756,0.97,0.564626,3,0.5,1952,199
2151,1108.52,ga_tcheby_proxy,mesh9,0,8,0,"[0-3-4-7-8]",4,84,6.42205,0.97,0.574751,4,0.5,1953,199
2152,1108.96,ga_tcheby_proxy,mesh9,2,7,0,"[2-5-4-7]",3,62,4.80756,0.97,0.576159,3,0.5,1954,199
2153,1108.96,ga_tcheby_proxy,mesh9,5,7,1,"[]",0,0,0,0,0,0,0.5,1954,200
2154,1109.19,ga_tcheby_proxy,mesh9,2,3,0,"[2-1-4-3]",3,64,4.82552,0.97,0.576159,3,0.5,1955,200
2155,1109.67,ga_tcheby_proxy,mesh9,6,7,0,"[6-7]",1,22,1.61449,0.97,0.566102,1,0.5,1956,200
2156,1109.87,ga_tcheby_proxy,mesh9,2,3,0,"[2-1-0-3]",3,64,4.82552,0.97,0.576159,3,0.5,1957,200
2157,1110.44,ga_tcheby_proxy,mesh9,0,8,0,"[0-3-6-7-8]",4,84,6.42205,0.97,0.577558,4,0.5,1958,200
2158,1110.45,ga_tcheby_proxy,mesh9,2,7,1,"[]",0,0,0,0,0,0,0.5,1958,201
2159,1111.3,ga_tcheby_proxy,mesh9,7,0,0,"[7-6-3-0]",3,62,4.80756,0.97,0.566102,3,0.5,1959,201
2160,1112.49,ga_tcheby_proxy,mesh9,8,4,0,"[8-7-4]",2,42,3.21103,0.97,0.560137,2,0.5,1960,201
2161,1112.81,ga_tcheby_proxy,mesh9,6,4,0,"[6-7-4]",2,42,3.21103,0.97,0.569024,2,0.5,1961,201
2162,1114.52,ga_tcheby_proxy,mesh9,7,8,0,"[7-8]",1,22,1.61449,0.97,0.552448,1,0.5,1962,201
2163,1115.25,ga_tcheby_proxy,mesh9,0,8,0,"[0-1-4-7-8]",4,84,6.42205,0.97,0.577558,4,0.5,1963,201
2164,1115.76,ga_tcheby_proxy,mesh9,1,2,0,"[1-2]",1,22,1.61449,0.97,0.564626,1,0.5,1964,201
2165,1115.77,ga_tcheby_proxy,mesh9,3,5,1,"[]",0,0,0,0,0,0,0.5,1964,202
2166,1116.07,ga_tcheby_proxy,mesh9,2,4,0,"[2-5-4]",2,42,3.21103,0.97,0.577558,2,0.5,1965,202
2167,1116.2,ga_tcheby_proxy,mesh9,1,8,0,"[1-4-5-8]",3,62,4.80756,0.97,0.578947,3,0.5,1966,202
2168,1117.37,ga_tcheby_proxy,mesh9,7,4,0,"[7-4]",1,20,1.59654,0.975,0.56314,1,0.5,1967,202
2169,1117.57,ga_tcheby_proxy,mesh9,7,8,0,"[7-8]",1,22,1.61449,0.97,0.555556,1,0.5,1968,202
2170,1118.44,ga_tcheby_proxy,mesh9,4,3,0,"[4-3]",1,22,1.61449,0.97,0.574751,1,0.5,1969,202
2171,1119.14,ga_tcheby_proxy,mesh9,1,8,0,"[1-2-5-8]",3,62,4.80756,0.97,0.578947,3,0.5,1970,202
2172,1119.74,ga_tcheby_proxy,mesh9,8,0,0,"[8-7-4-1-0]",4,84,6.42205,0.97,0.566102,4,0.5,1971,202
2173,1120.9,ga_tcheby_proxy,mesh9,0,4,0,"[0-3-4]",2,42,3.21103,0.97,0.578947,2,0.5,1972,202
2174,1121.07,ga_tcheby_proxy,mesh9,5,8,0,"[5-8]",1,20,1.59654,0.975,0.571906,1,0.5,1973,202
2175,1121.13,ga_tcheby_proxy,mesh9,4,5,0,"[4-5]",1,22,1.65559,0.944887,0.558621,1,0.5,1974,202
2176,1121.49,ga_tcheby_proxy,mesh9,1,7,0,"[1-4-7]",2,40,3.19307,0.975,0.580328,2,0.5,1975,202
2177,1122.02,ga_tcheby_proxy,mesh9,8,2,0,"[8-5-2]",2,40,3.19307,0.975,0.529412,2,0.5,1976,202
2178,1122.28,ga_tcheby_proxy,mesh9,4,6,0,"[4-3-6]",2,42,3.21103,0.97,0.576159,2,0.5,1977,202
2179,1122.38,ga_tcheby_proxy,mesh9,4,1,0,"[4-1]",1,20,1.59654,0.975,0.555556,1,0.5,1978,202
2180,1122.41,ga_tcheby_proxy,mesh9,6,8,1,"[]",0,0,0,0,0,0,0.5,1978,203
2181,1122.91,ga_tcheby_proxy,mesh9,5,4,0,"[5-4]",1,22,1.61449,0.97,0.569024,1,0.5,1979,203
2182,1123.54,ga_tcheby_proxy,mesh9,5,8,0,"[5-8]",1,20,1.59654,0.975,0.573333,1,0.5,1980,203
2183,1123.8,ga_tcheby_proxy,mesh9,2,5,0,"[2-5]",1,20,1.59654,0.975,0.580328,1,0.5,1981,203
2184,1124.23,ga_tcheby_proxy,mesh9,4,3,0,"[4-3]",1,22,1.61449,0.97,0.577558,1,0.5,1982,203
2185,1124.73,ga_tcheby_proxy,mesh9,4,0,0,"[4-1-0]",2,42,3.21103,0.97,0.567568,2,0.5,1983,203
2186,1124.96,ga_tcheby_proxy,mesh9,1,6,0,"[1-0-3-6]",3,62,4.80756,0.97,0.580328,3,0.5,1984,203
2187,1125.08,ga_tcheby_proxy,mesh9,7,4,0,"[7-4]",1,20,1.59654,0.975,0.566102,1,0.5,1985,203
2188,1125.62,ga_tcheby_proxy,mesh9,4,3,0,"[4-3]",1,22,1.61449,0.97,0.578947,1,0.5,1986,203
2189,1126.26,ga_tcheby_proxy,mesh9,2,5,0,"[2-5]",1,20,1.59654,0.975,0.581699,1,0.5,1987,203
2190,1126.53,ga_tcheby_proxy,mesh9,0,4,0,"[0-1-4]",2,42,3.21103,0.97,0.581699,2,0.5,1988,203
2191,1126.62,ga_tcheby_proxy,mesh9,8,2,0,"[8-5-2]",2,40,3.19307,0.975,0.531136,2,0.5,1989,203
2192,1126.81,ga_tcheby_proxy,mesh9,4,2,0,"[4-5-2]",2,42,3.21103,0.97,0.560137,2,0.5,1990,203
2193,1127.1,ga_tcheby_proxy,mesh9,7,3,0,"[7-6-3]",2,42,3.21103,0.97,0.567568,2,0.5,1991,203
2194,1127.56,ga_tcheby_proxy,mesh9,5,7,0,"[5-8-7]",2,42,3.21103,0.97,0.574751,2,0.5,1992,203
2195,1127.92,ga_tcheby_proxy,mesh9,4,3,0,"[4-3]",1,22,1.61449,0.97,0.580328,1,0.5,1993,203
2196,1128.29,ga_tcheby_proxy,mesh9,4,3,0,"[4-3]",1,22,1.61449,0.97,0.581699,1,0.5,1994,203
2197,1128.33,ga_tcheby_proxy,mesh9,2,5,1,"[]",0,0,0,0,0,0,0.5,1994,204
2198,1128.81,ga_tcheby_proxy,mesh9,0,3,0,"[0-3]",1,20,1.59654,0.975,0.581699,1,0.5,1995,204
2199,1130.08,ga_tcheby_proxy,mesh9,3,8,0,"[3-6-7-8]",3,64,4.82552,0.97,0.573333,3,0.5,1996,204
2200,1130.68,ga_tcheby_proxy,mesh9,6,7,0,"[6-7]",1,22,1.61449,0.97,0.571906,1,0.5,1997,204
2201,1130.88,ga_tcheby_proxy,mesh9,2,3,0,"[2-1-4-3]",3,64,4.82552,0.97,0.583062,3,0.5,1998,204
2202,1131.73,ga_tcheby_proxy,mesh9,8,4,0,"[8-7-4]",2,42,3.21103,0.97,0.567568,2,0.5,1999,204
2203,1131.77,ga_tcheby_proxy,mesh9,6,5,1,"[]",0,0,0,0,0,0,0.5,1999,205
2204,1131.78,ga_tcheby_proxy,mesh9,4,1,1,"[]",0,0,0,0,0,0,0.5,1999,206
2205,1132.62,ga_tcheby_proxy,mesh9,1,4,0,"[1-4]",1,20,1.59654,0.975,0.584416,1,0.5,2000,206
2206,1132.64,ga_tcheby_proxy,mesh9,8,4,1,"[]",0,0,0,0,0,0,0.5,2000,207
2207,1132.64,ga_tcheby_proxy,mesh9,3,7,1,"[]",0,0,0,0,0,0,0.5,2000,208
2208,1133.44,ga_tcheby_proxy,mesh9,0,5,0,"[0-3-4-5]",3,64,4.82552,0.97,0.583062,3,0.5,2001,208
2209,1133.63,ga_tcheby_proxy,mesh9,3,1,0,"[3-0-1]",2,42,3.21103,0.97,0.564626,2,0.5,2002,208
2210,1133.99,ga_tcheby_proxy,mesh9,1,5,0,"[1-2-5]",2,42,3.21103,0.97,0.583062,2,0.5,2003,208
2211,1134.04,ga_tcheby_proxy,mesh9,2,3,1,"[]",0,0,0,0,0,0,0.5,2003,209
2212,1134.39,ga_tcheby_proxy,mesh9,8,1,0,"[8-5-2-1]",3,62,4.80756,0.97,0.561644,3,0.5,2004,209
2213,1134.83,ga_tcheby_proxy,mesh9,1,4,0,"[1-4]",1,20,1.59654,0.975,0.585761,1,0.5,2005,209
2214,1135.05,ga_tcheby_proxy,mesh9,5,0,0,"[5-2-1-0]",3,64,4.82552,0.97,0.57047,3,0.5,2006,209
2215,1135.28,ga_tcheby_proxy,mesh9,8,5,0,"[8-5]",1,20,1.59654,0.975,0.534545,1,0.5,2007,209
2216,1137.05,ga_tcheby_proxy,mesh9,4,0,0,"[4-1-0]",2,42,3.21103,0.97,0.571906,2,0.5,2008,209
2217,1137.43,ga_tcheby_proxy,mesh9,2,4,0,"[2-5-4]",2,42,3.21103,0.97,0.584416,2,0.5,2009,209
2218,1137.91,ga_tcheby_proxy,mesh9,1,5,0,"[1-2-5]",2,42,3.21103,0.97,0.585761,2,0.5,2010,209
2219,1138.03,ga_tcheby_proxy,mesh9,5,4,0,"[5-4]",1,22,1.61449,0.97,0.571906,1,0.5,2011,209
2220,1138.08,ga_tcheby_proxy,mesh9,5,1,1,"[]",0,0,0,0,0,0,0.5,2011,210
2221,1138.63,ga_tcheby_proxy,mesh9,5,4,0,"[5-4]",1,22,1.61449,0.97,0.573333,1,0.5,2012,210
2222,1139.03,ga_tcheby_proxy,mesh9,2,0,0,"[2-1-0]",2,44,3.22898,0.97,0.573333,2,0.5,2013,210
2223,1139.77,ga_tcheby_proxy,mesh9,2,8,0,"[2-5-8]",2,40,3.19307,0.975,0.587097,2,0.5,2014,210
2224,1140.32,ga_tcheby_proxy,mesh9,6,4,0,"[6-3-4]",2,42,3.21103,0.97,0.573333,2,0.5,2015,210
2225,1141,ga_tcheby_proxy,mesh9,6,5,0,"[6-7-8-5]",3,64,4.82552,0.97,0.573333,3,0.5,2016,210
2226,1141,ga_tcheby_proxy,mesh9,6,1,1,"[]",0,0,0,0,0,0,0.5,2016,211
2227,1141.01,ga_tcheby_proxy,mesh9,5,0,1,"[]",0,0,0,0,0,0,0.5,2016,212
2228,1141.09,ga_tcheby_proxy,mesh9,3,5,0,"[3-4-5]",2,44,3.22898,0.97,0.574751,2,0.5,2017,212
2229,1141.59,ga_tcheby_proxy,mesh9,3,8,0,"[3-6-7-8]",3,64,4.82552,0.97,0.574751,3,0.5,2018,212
2230,1142.36,ga_tcheby_proxy,mesh9,0,2,0,"[0-1-2]",2,44,3.22898,0.97,0.57047,2,0.5,2019,212
2231,1142.42,ga_tcheby_proxy,mesh9,1,8,1,"[]",0,0,0,0,0,0,0.5,2019,213
2232,1143.79,ga_tcheby_proxy,mesh9,1,5,0,"[1-4-5]",2,42,3.21103,0.97,0.587097,2,0.5,2020,213
2233,1143.88,ga_tcheby_proxy,mesh9,2,3,0,"[2-1-0-3]",3,64,4.82552,0.97,0.584416,3,0.5,2021,213
2234,1144.22,ga_tcheby_proxy,mesh9,0,6,0,"[0-3-6]",2,40,3.19307,0.975,0.585761,2,0.5,2022,213
2235,1145.01,ga_tcheby_proxy,mesh9,8,4,0,"[8-7-4]",2,42,3.21103,0.97,0.569024,2,0.5,2023,213
2236,1145.14,ga_tcheby_proxy,mesh9,8,4,0,"[8-7-4]",2,42,3.21103,0.97,0.57047,2,0.5,2024,213
2237,1145.42,ga_tcheby_proxy,mesh9,3,4,0,"[3-4]",1,22,1.61449,0.97,0.576159,1,0.5,2025,213
2238,1146.09,ga_tcheby_proxy,mesh9,8,0,0,"[8-7-6-3-0]",4,84,6.42205,0.97,0.57047,4,0.5,2026,213
2239,1148.27,ga_tcheby_proxy,mesh9,2,1,0,"[2-1]",1,22,1.61449,0.97,0.567568,1,0.5,2027,213
2240,1148.62,ga_tcheby_proxy,mesh9,8,1,0,"[8-5-2-1]",3,62,4.80756,0.97,0.569024,3,0.5,2028,213
2241,1148.73,ga_tcheby_proxy,mesh9,3,6,0,"[3-6]",1,20,1.59654,0.975,0.577558,1,0.5,2029,213
2242,1148.84,ga_tcheby_proxy,mesh9,8,4,0,"[8-7-4]",2,42,3.21103,0.97,0.571906,2,0.5,2030,213
2243,1149.24,ga_tcheby_proxy,mesh9,7,5,0,"[7-8-5]",2,42,3.21103,0.97,0.561644,2,0.5,2031,213
2244,1149.79,ga_tcheby_proxy,mesh9,4,5,0,"[4-5]",1,22,1.61449,0.97,0.566102,1,0.5,2032,213
2245,1150,ga_tcheby_proxy,mesh9,0,5,0,"[0-3-4-5]",3,64,4.82552,0.97,0.587097,3,0.5,2033,213
2246,1152.23,ga_tcheby_proxy,mesh9,5,8,0,"[5-8]",1,20,1.59654,0.975,0.577558,1,0.5,2034,213
2247,1152.31,ga_tcheby_proxy,mesh9,7,4,0,"[7-4]",1,20,1.59654,0.975,0.573333,1,0.5,2035,213
2248,1152.53,ga_tcheby_proxy,mesh9,6,7,0,"[6-7]",1,22,1.61449,0.97,0.576159,1,0.5,2036,213
2249,1153.57,ga_tcheby_proxy,mesh9,0,3,0,"[0-3]",1,20,1.59654,0.975,0.588424,1,0.5,2037,213
2250,1154.95,ga_tcheby_proxy,mesh9,7,8,0,"[7-8]",1,22,1.61449,0.97,0.56314,1,0.5,2038,213
2251,1155.15,ga_tcheby_proxy,mesh9,2,4,0,"[2-1-4]",2,42,3.21103,0.97,0.588424,2,0.5,2039,213
2252,1155.55,ga_tcheby_proxy,mesh9,7,1,0,"[7-4-1]",2,40,3.19307,0.975,0.574751,2,0.5,2040,213
2253,1155.55,ga_tcheby_proxy,mesh9,4,8,0,"[4-5-8]",2,42,3.21916,0.967449,0.578947,2,0.5,2041,213
2254,1156.11,ga_tcheby_proxy,mesh9,2,4,0,"[2-5-4]",2,42,3.21103,0.97,0.588424,2,0.5,2042,213
2255,1157.15,ga_tcheby_proxy,mesh9,0,6,0,"[0-3-6]",2,40,3.19307,0.975,0.589744,2,0.5,2043,213
2256,1157.97,ga_tcheby_proxy,mesh9,4,1,0,"[4-1]",1,20,1.59654,0.975,0.561644,1,0.5,2044,213
2257,1158.73,ga_tcheby_proxy,mesh9,1,7,0,"[1-4-7]",2,40,3.19307,0.975,0.589744,2,0.5,2045,213
2258,1159.7,ga_tcheby_proxy,mesh9,1,3,0,"[1-4-3]",2,42,3.21103,0.97,0.591054,2,0.5,2046,213
2259,1160.79,ga_tcheby_proxy,mesh9,1,8,0,"[1-2-5-8]",3,62,4.80756,0.97,0.589744,3,0.5,2047,213
2260,1160.82,ga_tcheby_proxy,mesh9,2,6,1,"[]",0,0,0,0,0,0,0.5,2047,214
2261,1161.42,ga_tcheby_proxy,mesh9,4,0,0,"[4-1-0]",2,42,3.21103,0.97,0.576159,2,0.5,2048,214
2262,1161.5,ga_tcheby_proxy,mesh9,6,1,0,"[6-3-0-1]",3,62,4.80756,0.97,0.571906,3,0.5,2049,214
2263,1161.76,ga_tcheby_proxy,mesh9,6,3,0,"[6-3]",1,20,1.59654,0.975,0.573333,1,0.5,2050,214
2264,1161.9,ga_tcheby_proxy,mesh9,1,0,0,"[1-0]",1,22,1.61449,0.97,0.577558,1,0.5,2051,214
2265,1162.84,ga_tcheby_proxy,mesh9,0,7,0,"[0-3-6-7]",3,62,4.80756,0.97,0.591054,3,0.5,2052,214
2266,1163.23,ga_tcheby_proxy,mesh9,1,0,0,"[1-0]",1,22,1.61449,0.97,0.578947,1,0.5,2053,214
2267,1164.66,ga_tcheby_proxy,mesh9,4,3,0,"[4-3]",1,22,1.61449,0.97,0.585761,1,0.5,2054,214
2268,1165.52,ga_tcheby_proxy,mesh9,0,8,0,"[0-1-2-5-8]",4,84,6.42205,0.97,0.591054,4,0.5,2055,214
2269,1165.53,ga_tcheby_proxy,mesh9,7,1,1,"[]",0,0,0,0,0,0,0.5,2055,215
2270,1165.96,ga_tcheby_proxy,mesh9,4,0,0,"[4-1-0]",2,42,3.21103,0.97,0.580328,2,0.5,2056,215
2271,1166.2,ga_tcheby_proxy,mesh9,4,1,0,"[4-1]",1,20,1.59654,0.975,0.566102,1,0.5,2057,215
2272,1167.09,ga_tcheby_proxy,mesh9,5,4,0,"[5-4]",1,22,1.61449,0.97,0.576159,1,0.5,2058,215
2273,1167.51,ga_tcheby_proxy,mesh9,0,4,0,"[0-1-4]",2,42,3.21103,0.97,0.592357,2,0.5,2059,215
2274,1167.97,ga_tcheby_proxy,mesh9,0,7,0,"[0-3-4-7]",3,62,4.80756,0.97,0.592357,3,0.5,2060,215
2275,1168.03,ga_tcheby_proxy,mesh9,5,4,0,"[5-8-7-4]",3,62,5.0248,0.901083,0.583062,3,0.5,2061,215
2276,1168.25,ga_tcheby_proxy,mesh9,4,5,0,"[4-5]",1,22,1.61449,0.97,0.57047,1,0.5,2062,215
2277,1170.26,ga_tcheby_proxy,mesh9,7,8,0,"[7-8]",1,22,1.61449,0.97,0.564626,1,0.5,2063,215
2278,1170.7,ga_tcheby_proxy,mesh9,4,6,0,"[4-7-6]",2,42,3.21103,0.97,0.583062,2,0.5,2064,215
2279,1172.67,ga_tcheby_proxy,mesh9,6,8,0,"[6-7-8]",2,44,3.22898,0.97,0.578947,2,0.5,2065,215
2280,1172.69,ga_tcheby_proxy,mesh9,2,7,1,"[]",0,0,0,0,0,0,0.5,2065,216
2281,1173.29,ga_tcheby_proxy,mesh9,3,1,0,"[3-0-1]",2,42,3.21103,0.97,0.57047,2,0.5,2066,216
2282,1173.96,ga_tcheby_proxy,mesh9,3,1,0,"[3-0-1]",2,42,3.21103,0.97,0.571906,2,0.5,2067,216
2283,1174.24,ga_tcheby_proxy,mesh9,3,4,0,"[3-4]",1,22,1.61449,0.97,0.580328,1,0.5,2068,216
2284,1174.37,ga_tcheby_proxy,mesh9,6,3,0,"[6-3]",1,20,1.59654,0.975,0.574751,1,0.5,2069,216
2285,1174.51,ga_tcheby_proxy,mesh9,1,2,0,"[1-2]",1,22,1.61449,0.97,0.574751,1,0.5,2070,216
2286,1176.36,ga_tcheby_proxy,mesh9,7,5,0,"[7-8-5]",2,42,3.21103,0.97,0.567568,2,0.5,2071,216
2287,1176.54,ga_tcheby_proxy,mesh9,1,8,0,"[1-2-5-8]",3,62,4.80756,0.97,0.592357,3,0.5,2072,216
2288,1176.75,ga_tcheby_proxy,mesh9,6,5,0,"[6-7-4-5]",3,64,4.82552,0.97,0.580328,3,0.5,2073,216
2289,1176.92,ga_tcheby_proxy,mesh9,6,2,0,"[6-3-0-1-2]",4,84,6.42205,0.97,0.577558,4,0.5,2074,216
2290,1177.05,ga_tcheby_proxy,mesh9,7,1,0,"[7-4-1]",2,40,3.19307,0.975,0.578947,2,0.5,2075,216
2291,1177.25,ga_tcheby_proxy,mesh9,2,3,0,"[2-5-4-3]",3,64,4.82552,0.97,0.593651,3,0.5,2076,216
2292,1177.37,ga_tcheby_proxy,mesh9,6,7,0,"[6-7]",1,22,1.61449,0.97,0.581699,1,0.5,2077,216
2293,1179.31,ga_tcheby_proxy,mesh9,0,4,0,"[0-3-4]",2,42,3.21103,0.97,0.593651,2,0.5,2078,216
2294,1179.45,ga_tcheby_proxy,mesh9,2,8,0,"[2-5-8]",2,40,3.19307,0.975,0.594937,2,0.5,2079,216
2295,1180.42,ga_tcheby_proxy,mesh9,4,0,0,"[4-1-0]",2,42,3.21103,0.97,0.581699,2,0.5,2080,216
2296,1180.61,ga_tcheby_proxy,mesh9,3,5,0,"[3-4-5]",2,44,3.22898,0.97,0.583062,2,0.5,2081,216
2297,1180.64,ga_tcheby_proxy,mesh9,4,2,1,"[]",0,0,0,0,0,0,0.5,2081,217
2298,1180.92,ga_tcheby_proxy,mesh9,5,6,0,"[5-4-7-6]",3,64,4.82552,0.97,0.584416,3,0.5,2082,217
2299,1182.1,ga_tcheby_proxy,mesh9,5,8,0,"[5-8]",1,20,1.59654,0.975,0.587097,1,0.5,2083,217
2300,1182.62,ga_tcheby_proxy,mesh9,7,8,0,"[7-8]",1,22,1.61449,0.97,0.569024,1,0.5,2084,217
2301,1183.08,ga_tcheby_proxy,mesh9,1,3,0,"[1-4-3]",2,42,3.21103,0.97,0.593651,2,0.5,2085,217
2302,1183.65,ga_tcheby_proxy,mesh9,3,5,0,"[3-4-5]",2,44,3.22898,0.97,0.584416,2,0.5,2086,217
2303,1184.27,ga_tcheby_proxy,mesh9,1,7,0,"[1-4-7]",2,40,3.19307,0.975,0.594937,2,0.5,2087,217
2304,1184.76,ga_tcheby_proxy,mesh9,8,0,0,"[8-7-6-3-0]",4,84,6.42205,0.97,0.577558,4,0.5,2088,217
2305,1187.09,ga_tcheby_proxy,mesh9,8,2,0,"[8-5-2]",2,40,3.19307,0.975,0.542857,2,0.5,2089,217
2306,1187.09,ga_tcheby_proxy,mesh9,8,4,0,"[8-7-4]",2,42,3.21811,0.967778,0.580328,2,0.5,2090,217
2307,1187.22,ga_tcheby_proxy,mesh9,3,2,0,"[3-0-1-2]",3,64,4.82552,0.97,0.578947,3,0.5,2091,217
2308,1187.3,ga_tcheby_proxy,mesh9,8,2,0,"[8-5-2]",2,40,3.19307,0.975,0.544484,2,0.5,2092,217
2309,1188.05,ga_tcheby_proxy,mesh9,7,0,0,"[7-6-3-0]",3,62,4.80756,0.97,0.578947,3,0.5,2093,217
2310,1188.95,ga_tcheby_proxy,mesh9,0,5,0,"[0-3-4-5]",3,64,4.82552,0.97,0.594937,3,0.5,2094,217
2311,1189.1,ga_tcheby_proxy,mesh9,5,8,0,"[5-8]",1,20,1.59654,0.975,0.588424,1,0.5,2095,217
2312,1190.12,ga_tcheby_proxy,mesh9,4,5,0,"[4-5]",1,22,1.61449,0.97,0.577558,1,0.5,2096,217
2313,1190.16,ga_tcheby_proxy,mesh9,0,8,1,"[]",0,0,0,0,0,0,0.5,2096,218
2314,1190.34,ga_tcheby_proxy,mesh9,0,5,0,"[0-3-4-5]",3,64,4.82552,0.97,0.596215,3,0.5,2097,218
2315,1190.61,ga_tcheby_proxy,mesh9,6,8,0,"[6-7-8]",2,44,3.22898,0.97,0.583062,2,0.5,2098,218
2316,1191.68,ga_tcheby_proxy,mesh9,2,5,0,"[2-5]",1,20,1.59654,0.975,0.596215,1,0.5,2099,218
2317,1191.71,ga_tcheby_proxy,mesh9,5,3,1,"[]",0,0,0,0,0,0,0.5,2099,219
2318,1191.95,ga_tcheby_proxy,mesh9,6,4,0,"[6-7-4]",2,42,3.21103,0.97,0.584416,2,0.5,2100,219
2319,1192.47,ga_tcheby_proxy,mesh9,3,6,0,"[3-6]",1,20,1.59654,0.975,0.581699,1,0.5,2101,219
2320,1192.56,ga_tcheby_proxy,mesh9,7,0,0,"[7-6-3-0]",3,62,4.80756,0.97,0.580328,3,0.5,2102,219
2321,1192.9,ga_tcheby_proxy,mesh9,4,0,0,"[4-1-0]",2,42,3.21103,0.97,0.583062,2,0.5,2103,219
2322,1193.65,ga_tcheby_proxy,mesh9,1,0,0,"[1-0]",1,22,1.61449,0.97,0.584416,1,0.5,2104,219
2323,1193.71,ga_tcheby_proxy,mesh9,5,6,1,"[]",0,0,0,0,0,0,0.5,2104,220
2324,1193.93,ga_tcheby_proxy,mesh9,6,8,0,"[6-7-8]",2,44,3.22898,0.97,0.585761,2,0.5,2105,220
2325,1193.97,ga_tcheby_proxy,mesh9,2,5,1,"[]",0,0,0,0,0,0,0.5,2105,221
2326,1193.97,ga_tcheby_proxy,mesh9,6,4,1,"[]",0,0,0,0,0,0,0.5,2105,222
2327,1194.46,ga_tcheby_proxy,mesh9,6,0,0,"[6-3-0]",2,40,3.19307,0.975,0.581699,2,0.5,2106,222
2328,1194.46,ga_tcheby_proxy,mesh9,4,6,0,"[4-7-6]",2,42,3.24318,0.960035,0.587097,2,0.5,2107,222
2329,1194.71,ga_tcheby_proxy,mesh9,3,0,0,"[3-0]",1,20,1.59654,0.975,0.580328,1,0.5,2108,222
2330,1195.2,ga_tcheby_proxy,mesh9,8,2,0,"[8-5-2]",2,40,3.19307,0.975,0.546099,2,0.5,2109,222
2331,1195.22,ga_tcheby_proxy,mesh9,2,3,1,"[]",0,0,0,0,0,0,0.5,2109,223
2332,1195.38,ga_tcheby_proxy,mesh9,3,4,0,"[3-4]",1,22,1.61449,0.97,0.588424,1,0.5,2110,223
2333,1195.76,ga_tcheby_proxy,mesh9,6,2,0,"[6-3-0-1-2]",4,84,6.42205,0.97,0.583062,4,0.5,2111,223
2334,1196.7,ga_tcheby_proxy,mesh9,2,6,0,"[2-1-4-7-6]",4,84,6.42205,0.97,0.596215,4,0.5,2112,223
2335,1196.86,ga_tcheby_proxy,mesh9,3,0,0,"[3-0]",1,20,1.59654,0.975,0.583062,1,0.5,2113,223
2336,1198.77,ga_tcheby_proxy,mesh9,1,5,0,"[1-2-5]",2,42,3.21103,0.97,0.597484,2,0.5,2114,223
2337,1200.76,ga_tcheby_proxy,mesh9,2,1,0,"[2-1]",1,22,1.61449,0.97,0.573333,1,0.5,2115,223
2338,1201.56,ga_tcheby_proxy,mesh9,4,5,0,"[4-5]",1,22,1.61449,0.97,0.580328,1,0.5,2116,223
2339,1201.57,ga_tcheby_proxy,mesh9,7,2,1,"[]",0,0,0,0,0,0,0.5,2116,224
2340,1201.8,ga_tcheby_proxy,mesh9,6,8,0,"[6-7-8]",2,44,3.22898,0.97,0.587097,2,0.5,2117,224
2341,1201.9,ga_tcheby_proxy,mesh9,8,2,0,"[8-5-2]",2,40,3.19307,0.975,0.547703,2,0.5,2118,224
2342,1202.39,ga_tcheby_proxy,mesh9,1,5,0,"[1-4-5]",2,42,3.21103,0.97,0.597484,2,0.5,2119,224
2343,1202.43,ga_tcheby_proxy,mesh9,5,3,1,"[]",0,0,0,0,0,0,0.5,2119,225
2344,1202.66,ga_tcheby_proxy,mesh9,0,5,0,"[0-3-4-5]",3,64,4.82552,0.97,0.597484,3,0.5,2120,225
2345,1203.37,ga_tcheby_proxy,mesh9,2,3,0,"[2-1-0-3]",3,64,4.82552,0.97,0.598746,3,0.5,2121,225
2346,1203.72,ga_tcheby_proxy,mesh9,1,3,0,"[1-4-3]",2,42,3.21103,0.97,0.598746,2,0.5,2122,225
2347,1204.43,ga_tcheby_proxy,mesh9,2,1,0,"[2-1]",1,22,1.61449,0.97,0.576159,1,0.5,2123,225
2348,1204.59,ga_tcheby_proxy,mesh9,3,8,0,"[3-6-7-8]",3,64,4.82552,0.97,0.588424,3,0.5,2124,225
2349,1205.12,ga_tcheby_proxy,mesh9,2,8,0,"[2-5-8]",2,40,3.19307,0.975,0.598746,2,0.5,2125,225
2350,1205.99,ga_tcheby_proxy,mesh9,6,2,0,"[6-3-0-1-2]",4,84,6.42205,0.97,0.584416,4,0.5,2126,225
2351,1206.08,ga_tcheby_proxy,mesh9,2,8,0,"[2-5-8]",2,40,3.19307,0.975,0.6,2,0.5,2127,225
2352,1206.51,ga_tcheby_proxy,mesh9,8,0,0,"[8-7-6-3-0]",4,84,6.42205,0.97,0.585761,4,0.5,2128,225
2353,1207.61,ga_tcheby_proxy,mesh9,3,5,0,"[3-4-5]",2,44,3.22898,0.97,0.591054,2,0.5,2129,225
2354,1208.65,ga_tcheby_proxy,mesh9,8,4,0,"[8-5-4]",2,42,3.21103,0.97,0.580328,2,0.5,2130,225
2355,1209.67,ga_tcheby_proxy,mesh9,5,8,0,"[5-8]",1,20,1.59654,0.975,0.592357,1,0.5,2131,225
2356,1209.82,ga_tcheby_proxy,mesh9,5,4,0,"[5-4]",1,22,1.61449,0.97,0.581699,1,0.5,2132,225
2357,1212.12,ga_tcheby_proxy,mesh9,3,5,0,"[3-4-5]",2,44,3.22898,0.97,0.592357,2,0.5,2133,225
2358,1212.52,ga_tcheby_proxy,mesh9,0,1,0,"[0-1]",1,22,1.61449,0.97,0.578947,1,0.5,2134,225
2359,1213.36,ga_tcheby_proxy,mesh9,8,2,0,"[8-5-2]",2,40,3.19307,0.975,0.550877,2,0.5,2135,225
2360,1213.97,ga_tcheby_proxy,mesh9,8,7,0,"[8-7]",1,22,1.61449,0.97,0.554007,1,0.5,2136,225
2361,1214.37,ga_tcheby_proxy,mesh9,6,3,0,"[6-3]",1,20,1.59654,0.975,0.587097,1,0.5,2137,225
2362,1214.77,ga_tcheby_proxy,mesh9,0,3,0,"[0-3]",1,20,1.59654,0.975,0.6,1,0.5,2138,225
2363,1214.92,ga_tcheby_proxy,mesh9,5,8,0,"[5-8]",1,20,1.59654,0.975,0.593651,1,0.5,2139,225
2364,1215.6,ga_tcheby_proxy,mesh9,4,0,0,"[4-1-0]",2,42,3.21103,0.97,0.587097,2,0.5,2140,225
2365,1215.71,ga_tcheby_proxy,mesh9,6,0,0,"[6-3-0]",2,40,3.19307,0.975,0.588424,2,0.5,2141,225
2366,1216.79,ga_tcheby_proxy,mesh9,3,2,0,"[3-0-1-2]",3,64,4.82552,0.97,0.588424,3,0.5,2142,225
2367,1216.95,ga_tcheby_proxy,mesh9,5,7,0,"[5-4-7]",2,42,3.21103,0.97,0.589744,2,0.5,2143,225
2368,1218.27,ga_tcheby_proxy,mesh9,4,8,0,"[4-7-8]",2,42,3.21103,0.97,0.591054,2,0.5,2144,225
2369,1218.42,ga_tcheby_proxy,mesh9,7,8,0,"[7-8]",1,22,1.61449,0.97,0.577558,1,0.5,2145,225
2370,1219.13,ga_tcheby_proxy,mesh9,2,0,0,"[2-1-0]",2,44,3.22898,0.97,0.588424,2,0.5,2146,225
2371,1219.83,ga_tcheby_proxy,mesh9,2,0,0,"[2-1-0]",2,44,3.22898,0.97,0.589744,2,0.5,2147,225
2372,1220.24,ga_tcheby_proxy,mesh9,5,2,0,"[5-2]",1,20,1.59654,0.975,0.544484,1,0.5,2148,225
2373,1220.33,ga_tcheby_proxy,mesh9,1,5,0,"[1-4-5]",2,42,3.21103,0.97,0.6,2,0.5,2149,225
2374,1220.41,ga_tcheby_proxy,mesh9,2,7,0,"[2-1-4-7]",3,62,4.80756,0.97,0.601246,3,0.5,2150,225
2375,1220.5,ga_tcheby_proxy,mesh9,5,6,0,"[5-4-3-6]",3,64,4.82552,0.97,0.591054,3,0.5,2151,225
2376,1220.87,ga_tcheby_proxy,mesh9,3,4,0,"[3-4]",1,22,1.61449,0.97,0.593651,1,0.5,2152,225
2377,1222.98,ga_tcheby_proxy,mesh9,6,8,0,"[6-7-8]",2,44,3.22898,0.97,0.589744,2,0.5,2153,225
2378,1223.26,ga_tcheby_proxy,mesh9,4,6,0,"[4-3-6]",2,42,3.21103,0.97,0.592357,2,0.5,2154,225
2379,1224.37,ga_tcheby_proxy,mesh9,1,8,0,"[1-2-5-8]",3,62,4.80756,0.97,0.601246,3,0.5,2155,225
2380,1225.07,ga_tcheby_proxy,mesh9,3,6,0,"[3-6]",1,20,1.59654,0.975,0.587097,1,0.5,2156,225
2381,1225.84,ga_tcheby_proxy,mesh9,2,1,0,"[2-1]",1,22,1.61449,0.97,0.581699,1,0.5,2157,225
2382,1226.26,ga_tcheby_proxy,mesh9,6,8,0,"[6-7-8]",2,44,3.22898,0.97,0.591054,2,0.5,2158,225
2383,1226.65,ga_tcheby_proxy,mesh9,7,3,0,"[7-6-3]",2,42,3.21103,0.97,0.589744,2,0.5,2159,225
2384,1227.66,ga_tcheby_proxy,mesh9,3,2,0,"[3-0-1-2]",3,64,4.82552,0.97,0.589744,3,0.5,2160,225
2385,1228.13,ga_tcheby_proxy,mesh9,3,5,0,"[3-4-5]",2,44,3.22898,0.97,0.594937,2,0.5,2161,225
2386,1228.24,ga_tcheby_proxy,mesh9,2,7,0,"[2-5-4-7]",3,62,4.80756,0.97,0.602484,3,0.5,2162,225
2387,1228.99,ga_tcheby_proxy,mesh9,5,0,0,"[5-2-1-0]",3,64,4.82552,0.97,0.591054,3,0.5,2163,225
2388,1229.53,ga_tcheby_proxy,mesh9,3,2,0,"[3-0-1-2]",3,64,4.82552,0.97,0.591054,3,0.5,2164,225
2389,1231.51,ga_tcheby_proxy,mesh9,4,0,0,"[4-1-0]",2,42,3.21103,0.97,0.592357,2,0.5,2165,225
2390,1231.58,ga_tcheby_proxy,mesh9,6,4,0,"[6-7-4]",2,42,3.21103,0.97,0.592357,2,0.5,2166,225
2391,1232.89,ga_tcheby_proxy,mesh9,2,1,0,"[2-1]",1,22,1.61449,0.97,0.584416,1,0.5,2167,225
2392,1233.24,ga_tcheby_proxy,mesh9,2,4,0,"[2-1-4]",2,42,3.21103,0.97,0.602484,2,0.5,2168,225
2393,1233.26,ga_tcheby_proxy,mesh9,0,8,1,"[]",0,0,0,0,0,0,0.5,2168,226
2394,1233.28,ga_tcheby_proxy,mesh9,3,0,1,"[]",0,0,0,0,0,0,0.5,2168,227
2395,1233.48,ga_tcheby_proxy,mesh9,7,2,0,"[7-8-5-2]",3,62,4.80756,0.97,0.581699,3,0.5,2169,227
2396,1233.98,ga_tcheby_proxy,mesh9,8,0,0,"[8-7-6-3-0]",4,84,6.42205,0.97,0.592357,4,0.5,2170,227
2397,1234.04,ga_tcheby_proxy,mesh9,6,7,1,"[]",0,0,0,0,0,0,0.5,2170,228
2398,1234.1,ga_tcheby_proxy,mesh9,4,2,1,"[]",0,0,0,0,0,0,0.5,2170,229
2399,1235.44,ga_tcheby_proxy,mesh9,5,1,0,"[5-2-1]",2,42,3.21103,0.97,0.587097,2,0.5,2171,229
2400,1235.56,ga_tcheby_proxy,mesh9,2,5,0,"[2-5]",1,20,1.59654,0.975,0.603715,1,0.5,2172,229
2401,1235.76,ga_tcheby_proxy,mesh9,1,8,0,"[1-4-5-8]",3,62,4.80756,0.97,0.603715,3,0.5,2173,229
2402,1236.08,ga_tcheby_proxy,mesh9,7,6,0,"[7-6]",1,22,1.61449,0.97,0.578947,1,0.5,2174,229
2403,1236.1,ga_tcheby_proxy,mesh9,6,8,1,"[]",0,0,0,0,0,0,0.5,2174,230
2404,1236.33,ga_tcheby_proxy,mesh9,1,5,0,"[1-4-5]",2,42,3.21103,0.97,0.604938,2,0.5,2175,230
2405,1236.65,ga_tcheby_proxy,mesh9,8,7,0,"[8-7]",1,22,1.61449,0.97,0.557093,1,0.5,2176,230
2406,1236.92,ga_tcheby_proxy,mesh9,6,3,0,"[6-3]",1,20,1.59654,0.975,0.592357,1,0.5,2177,230
2407,1237.24,ga_tcheby_proxy,mesh9,2,4,0,"[2-5-4]",2,42,3.21103,0.97,0.604938,2,0.5,2178,230
2408,1237.37,ga_tcheby_proxy,mesh9,1,3,0,"[1-0-3]",2,42,3.21103,0.97,0.601246,2,0.5,2179,230
2409,1237.41,ga_tcheby_proxy,mesh9,2,3,1,"[]",0,0,0,0,0,0,0.5,2179,231
2410,1237.74,ga_tcheby_proxy,mesh9,1,8,0,"[1-2-5-8]",3,62,4.80756,0.97,0.606154,3,0.5,2180,231
2411,1237.94,ga_tcheby_proxy,mesh9,8,5,0,"[8-5]",1,20,1.59654,0.975,0.554007,1,0.5,2181,231
2412,1238.1,ga_tcheby_proxy,mesh9,0,3,0,"[0-3]",1,20,1.59654,0.975,0.602484,1,0.5,2182,231
2413,1238.21,ga_tcheby_proxy,mesh9,3,5,0,"[3-4-5]",2,44,3.22898,0.97,0.596215,2,0.5,2183,231
2414,1238.23,ga_tcheby_proxy,mesh9,1,2,1,"[]",0,0,0,0,0,0,0.5,2183,232
2415,1238.5,ga_tcheby_proxy,mesh9,2,7,0,"[2-1-4-7]",3,62,4.80756,0.97,0.606154,3,0.5,2184,232
2416,1238.53,ga_tcheby_proxy,mesh9,7,6,1,"[]",0,0,0,0,0,0,0.5,2184,233
2417,1239.31,ga_tcheby_proxy,mesh9,2,4,0,"[2-1-4]",2,42,3.21103,0.97,0.607362,2,0.5,2185,233
2418,1242.43,ga_tcheby_proxy,mesh9,0,6,0,"[0-3-6]",2,40,3.19307,0.975,0.603715,2,0.5,2186,233
2419,1243.35,ga_tcheby_proxy,mesh9,0,8,0,"[0-3-4-7-8]",4,84,6.42205,0.97,0.604938,4,0.5,2187,233
2420,1244.46,ga_tcheby_proxy,mesh9,0,7,0,"[0-3-4-7]",3,62,4.80756,0.97,0.606154,3,0.5,2188,233
2421,1244.7,ga_tcheby_proxy,mesh9,7,5,0,"[7-8-5]",2,42,3.21103,0.97,0.584416,2,0.5,2189,233
2422,1244.75,ga_tcheby_proxy,mesh9,5,6,1,"[]",0,0,0,0,0,0,0.5,2189,234
2423,1245.24,ga_tcheby_proxy,mesh9,3,4,0,"[3-4]",1,22,1.61449,0.97,0.6,1,0.5,2190,234
2424,1246.2,ga_tcheby_proxy,mesh9,2,1,0,"[2-1]",1,22,1.61449,0.97,0.591054,1,0.5,2191,234
2425,1246.47,ga_tcheby_proxy,mesh9,2,0,0,"[2-1-0]",2,44,3.22898,0.97,0.594937,2,0.5,2192,234
2426,1248.24,ga_tcheby_proxy,mesh9,1,0,0,"[1-0]",1,22,1.61449,0.97,0.596215,1,0.5,2193,234
2427,1248.7,ga_tcheby_proxy,mesh9,4,8,0,"[4-7-8]",2,42,3.21103,0.97,0.598746,2,0.5,2194,234
2428,1248.74,ga_tcheby_proxy,mesh9,7,3,1,"[]",0,0,0,0,0,0,0.5,2194,235
2429,1250.09,ga_tcheby_proxy,mesh9,5,7,0,"[5-8-7]",2,42,3.21103,0.97,0.598746,2,0.5,2195,235
2430,1250.28,ga_tcheby_proxy,mesh9,6,8,0,"[6-7-8]",2,44,3.22898,0.97,0.593651,2,0.5,2196,235
2431,1250.77,ga_tcheby_proxy,mesh9,5,2,0,"[5-2]",1,20,1.59654,0.975,0.550877,1,0.5,2197,235
2432,1251.09,ga_tcheby_proxy,mesh9,3,4,0,"[3-4]",1,22,1.61449,0.97,0.601246,1,0.5,2198,235
2433,1251.22,ga_tcheby_proxy,mesh9,3,0,0,"[3-0]",1,20,1.59654,0.975,0.593651,1,0.5,2199,235
2434,1251.97,ga_tcheby_proxy,mesh9,0,2,0,"[0-1-2]",2,44,3.22898,0.97,0.591054,2,0.5,2200,235
2435,1252.26,ga_tcheby_proxy,mesh9,7,6,0,"[7-6]",1,22,1.61449,0.97,0.580328,1,0.5,2201,235
2436,1252.36,ga_tcheby_proxy,mesh9,4,7,0,"[4-7]",1,20,1.59654,0.975,0.6,1,0.5,2202,235
2437,1252.41,ga_tcheby_proxy,mesh9,3,5,1,"[]",0,0,0,0,0,0,0.5,2202,236
2438,1253.14,ga_tcheby_proxy,mesh9,1,8,0,"[1-2-5-8]",3,62,4.80756,0.97,0.607362,3,0.5,2203,236
2439,1254.53,ga_tcheby_proxy,mesh9,3,5,0,"[3-4-5]",2,44,3.22898,0.97,0.602484,2,0.5,2204,236
2440,1254.6,ga_tcheby_proxy,mesh9,8,5,0,"[8-5]",1,20,1.65948,0.936676,0.557093,1,0.5,2205,236
2441,1256.17,ga_tcheby_proxy,mesh9,7,0,0,"[7-6-3-0]",3,62,4.80756,0.97,0.594937,3,0.5,2206,236
2442,1256.29,ga_tcheby_proxy,mesh9,2,5,0,"[2-5]",1,20,1.59654,0.975,0.608563,1,0.5,2207,236
2443,1256.43,ga_tcheby_proxy,mesh9,5,2,0,"[5-2]",1,20,1.59654,0.975,0.552448,1,0.5,2208,236
2444,1256.44,ga_tcheby_proxy,mesh9,3,7,1,"[]",0,0,0,0,0,0,0.5,2208,237
2445,1256.85,ga_tcheby_proxy,mesh9,5,7,0,"[5-8-7]",2,42,3.21103,0.97,0.601246,2,0.5,2209,237
2446,1256.87,ga_tcheby_proxy,mesh9,7,1,1,"[]",0,0,0,0,0,0,0.5,2209,238
2447,1257,ga_tcheby_proxy,mesh9,3,4,0,"[3-4]",1,22,1.61449,0.97,0.603715,1,0.5,2210,238
2448,1257.09,ga_tcheby_proxy,mesh9,6,3,0,"[6-3]",1,20,1.59654,0.975,0.594937,1,0.5,2211,238
2449,1257.13,ga_tcheby_proxy,mesh9,1,8,1,"[]",0,0,0,0,0,0,0.5,2211,239
2450,1259.3,ga_tcheby_proxy,mesh9,1,6,0,"[1-0-3-6]",3,62,4.80756,0.97,0.607362,3,0.5,2212,239
2451,1259.32,ga_tcheby_proxy,mesh9,1,0,1,"[]",0,0,0,0,0,0,0.5,2212,240
2452,1259.42,ga_tcheby_proxy,mesh9,6,8,0,"[6-7-8]",2,44,3.22898,0.97,0.594937,2,0.5,2213,240
2453,1259.7,ga_tcheby_proxy,mesh9,6,5,0,"[6-7-8-5]",3,64,4.82552,0.97,0.596215,3,0.5,2214,240
2454,1260.33,ga_tcheby_proxy,mesh9,7,4,0,"[7-4]",1,20,1.59654,0.975,0.584416,1,0.5,2215,240
2455,1260.55,ga_tcheby_proxy,mesh9,6,1,0,"[6-3-0-1]",3,62,4.80756,0.97,0.596215,3,0.5,2216,240
2456,1260.76,ga_tcheby_proxy,mesh9,4,5,0,"[4-5]",1,22,1.61449,0.97,0.594937,1,0.5,2217,240
2457,1261.29,ga_tcheby_proxy,mesh9,6,3,0,"[6-3]",1,20,1.59654,0.975,0.597484,1,0.5,2218,240
2458,1261.77,ga_tcheby_proxy,mesh9,7,0,0,"[7-4-3-0]",3,62,4.80756,0.97,0.597484,3,0.5,2219,240
2459,1262.71,ga_tcheby_proxy,mesh9,7,6,0,"[7-6]",1,22,1.61449,0.97,0.583062,1,0.5,2220,240
2460,1262.72,ga_tcheby_proxy,mesh9,0,2,1,"[]",0,0,0,0,0,0,0.5,2220,241
2461,1263.45,ga_tcheby_proxy,mesh9,2,1,0,"[2-1]",1,22,1.61449,0.97,0.593651,1,0.5,2221,241
2462,1264,ga_tcheby_proxy,mesh9,3,7,0,"[3-6-7]",2,42,3.21103,0.97,0.597484,2,0.5,2222,241
2463,1265.35,ga_tcheby_proxy,mesh9,0,3,0,"[0-3]",1,20,1.59654,0.975,0.608563,1,0.5,2223,241
2464,1265.66,ga_tcheby_proxy,mesh9,7,2,0,"[7-8-5-2]",3,62,4.80756,0.97,0.591054,3,0.5,2224,241
2465,1266.69,ga_tcheby_proxy,mesh9,6,2,0,"[6-7-4-1-2]",4,84,6.42205,0.97,0.598746,4,0.5,2225,241
2466,1268.15,ga_tcheby_proxy,mesh9,5,7,0,"[5-4-7]",2,42,3.21103,0.97,0.601246,2,0.5,2226,241
2467,1268.36,ga_tcheby_proxy,mesh9,5,0,0,"[5-4-3-0]",3,64,4.82552,0.97,0.598746,3,0.5,2227,241
2468,1268.42,ga_tcheby_proxy,mesh9,7,1,0,"[7-4-1]",2,40,3.32061,0.909172,0.588424,2,0.5,2228,241
2469,1271.11,ga_tcheby_proxy,mesh9,0,5,0,"[0-1-4-5]",3,64,4.82552,0.97,0.608563,3,0.5,2229,241
2470,1271.11,ga_tcheby_proxy,mesh9,1,7,0,"[1-4-7]",2,40,3.35129,0.927174,0.613497,2,0.5,2230,241
2471,1272.62,ga_tcheby_proxy,mesh9,2,0,0,"[2-1-0]",2,44,3.22898,0.97,0.598746,2,0.5,2231,241
2472,1273.56,ga_tcheby_proxy,mesh9,4,1,0,"[4-1]",1,20,1.59654,0.975,0.577558,1,0.5,2232,241
2473,1273.89,ga_tcheby_proxy,mesh9,0,8,0,"[0-3-4-7-8]",4,84,6.42205,0.97,0.609756,4,0.5,2233,241
2474,1274.05,ga_tcheby_proxy,mesh9,0,5,0,"[0-1-2-5]",3,64,4.82552,0.97,0.609756,3,0.5,2234,241
2475,1274.36,ga_tcheby_proxy,mesh9,4,3,0,"[4-3]",1,22,1.61449,0.97,0.596215,1,0.5,2235,241
2476,1275.05,ga_tcheby_proxy,mesh9,7,6,0,"[7-6]",1,22,1.61449,0.97,0.584416,1,0.5,2236,241
2477,1275.21,ga_tcheby_proxy,mesh9,2,7,0,"[2-1-4-7]",3,62,4.80756,0.97,0.610942,3,0.5,2237,241
2478,1275.35,ga_tcheby_proxy,mesh9,7,3,0,"[7-4-3]",2,42,3.21103,0.97,0.597484,2,0.5,2238,241
2479,1275.52,ga_tcheby_proxy,mesh9,5,0,0,"[5-4-1-0]",3,64,4.82552,0.97,0.6,3,0.5,2239,241
2480,1276.64,ga_tcheby_proxy,mesh9,0,3,0,"[0-3]",1,20,1.59654,0.975,0.610942,1,0.5,2240,241
2481,1276.9,ga_tcheby_proxy,mesh9,3,8,0,"[3-6-7-8]",3,64,4.82552,0.97,0.6,3,0.5,2241,241
2482,1277.04,ga_tcheby_proxy,mesh9,3,5,0,"[3-4-5]",2,44,3.22898,0.97,0.606154,2,0.5,2242,241
2483,1277.44,ga_tcheby_proxy,mesh9,0,7,0,"[0-1-4-7]",3,62,4.80756,0.97,0.612121,3,0.5,2243,241
2484,1277.51,ga_tcheby_proxy,mesh9,1,4,0,"[1-4]",1,20,1.59654,0.975,0.613293,1,0.5,2244,241
2485,1277.71,ga_tcheby_proxy,mesh9,4,1,0,"[4-1]",1,20,1.59654,0.975,0.580328,1,0.5,2245,241
2486,1278.33,ga_tcheby_proxy,mesh9,4,3,0,"[4-3]",1,22,1.61449,0.97,0.598746,1,0.5,2246,241
2487,1279.8,ga_tcheby_proxy,mesh9,7,6,0,"[7-6]",1,22,1.61449,0.97,0.585761,1,0.5,2247,241
2488,1280.74,ga_tcheby_proxy,mesh9,2,4,0,"[2-5-4]",2,42,3.21103,0.97,0.610942,2,0.5,2248,241
2489,1280.79,ga_tcheby_proxy,mesh9,4,6,1,"[]",0,0,0,0,0,0,0.5,2248,242
2490,1282.05,ga_tcheby_proxy,mesh9,3,4,0,"[3-4]",1,22,1.61449,0.97,0.607362,1,0.5,2249,242
2491,1282.46,ga_tcheby_proxy,mesh9,1,3,0,"[1-0-3]",2,42,3.21103,0.97,0.612121,2,0.5,2250,242
2492,1282.82,ga_tcheby_proxy,mesh9,3,7,0,"[3-6-7]",2,42,3.21103,0.97,0.601246,2,0.5,2251,242
2493,1283.01,ga_tcheby_proxy,mesh9,4,2,0,"[4-1-2]",2,42,3.21103,0.97,0.596215,2,0.5,2252,242
2494,1283.07,ga_tcheby_proxy,mesh9,6,8,1,"[]",0,0,0,0,0,0,0.5,2252,243
2495,1283.56,ga_tcheby_proxy,mesh9,5,3,0,"[5-4-3]",2,44,3.22898,0.97,0.6,2,0.5,2253,243
2496,1283.57,ga_tcheby_proxy,mesh9,4,0,1,"[]",0,0,0,0,0,0,0.5,2253,244
2497,1283.64,ga_tcheby_proxy,mesh9,8,1,0,"[8-7-4-1]",3,62,4.80756,0.97,0.591054,3,0.5,2254,244
2498,1284.12,ga_tcheby_proxy,mesh9,6,5,0,"[6-7-8-5]",3,64,4.82552,0.97,0.602484,3,0.5,2255,244
2499,1284.17,ga_tcheby_proxy,mesh9,0,1,1,"[]",0,0,0,0,0,0,0.5,2255,245
2500,1284.91,ga_tcheby_proxy,mesh9,4,2,0,"[4-1-2]",2,42,3.21103,0.97,0.597484,2,0.5,2256,245
2501,1285.5,ga_tcheby_proxy,mesh9,7,3,0,"[7-6-3]",2,42,3.21103,0.97,0.598746,2,0.5,2257,245
2502,1285.55,ga_tcheby_proxy,mesh9,6,8,1,"[]",0,0,0,0,0,0,0.5,2257,246
2503,1285.6,ga_tcheby_proxy,mesh9,1,7,1,"[]",0,0,0,0,0,0,0.5,2257,247
2504,1286.95,ga_tcheby_proxy,mesh9,8,3,0,"[8-7-6-3]",3,64,4.82552,0.97,0.6,3,0.5,2258,247
2505,1287.58,ga_tcheby_proxy,mesh9,8,5,0,"[8-5]",1,20,1.59654,0.975,0.56314,1,0.5,2259,247
2506,1288.04,ga_tcheby_proxy,mesh9,5,1,0,"[5-4-1]",2,42,3.21103,0.97,0.594937,2,0.5,2260,247
2507,1288.94,ga_tcheby_proxy,mesh9,7,4,0,"[7-4]",1,20,1.59654,0.975,0.592357,1,0.5,2261,247
2508,1289.47,ga_tcheby_proxy,mesh9,8,1,0,"[8-7-4-1]",3,62,4.80756,0.97,0.593651,3,0.5,2262,247
2509,1290.53,ga_tcheby_proxy,mesh9,5,8,0,"[5-8]",1,20,1.59654,0.975,0.602484,1,0.5,2263,247
2510,1290.91,ga_tcheby_proxy,mesh9,3,2,0,"[3-0-1-2]",3,64,4.82552,0.97,0.6,3,0.5,2264,247
2511,1291.53,ga_tcheby_proxy,mesh9,0,2,0,"[0-1-2]",2,44,3.22898,0.97,0.6,2,0.5,2265,247
2512,1292.03,ga_tcheby_proxy,mesh9,7,3,0,"[7-4-3]",2,42,3.21103,0.97,0.601246,2,0.5,2266,247
2513,1292.98,ga_tcheby_proxy,mesh9,8,7,0,"[8-7]",1,22,1.61449,0.97,0.566102,1,0.5,2267,247
2514,1294.09,ga_tcheby_proxy,mesh9,2,8,0,"[2-5-8]",2,40,3.19307,0.975,0.612121,2,0.5,2268,247
2515,1294.5,ga_tcheby_proxy,mesh9,8,2,0,"[8-5-2]",2,40,3.19307,0.975,0.564626,2,0.5,2269,247
2516,1294.53,ga_tcheby_proxy,mesh9,1,0,1,"[]",0,0,0,0,0,0,0.5,2269,248
2517,1295.6,ga_tcheby_proxy,mesh9,8,7,0,"[8-7]",1,22,1.61449,0.97,0.567568,1,0.5,2270,248
2518,1295.8,ga_tcheby_proxy,mesh9,4,2,0,"[4-5-2]",2,42,3.21103,0.97,0.598746,2,0.5,2271,248
2519,1296.75,ga_tcheby_proxy,mesh9,7,0,0,"[7-6-3-0]",3,62,4.80756,0.97,0.601246,3,0.5,2272,248
2520,1297.29,ga_tcheby_proxy,mesh9,6,4,0,"[6-7-4]",2,42,3.21103,0.97,0.603715,2,0.5,2273,248
2521,1297.73,ga_tcheby_proxy,mesh9,8,7,0,"[8-7]",1,22,1.61449,0.97,0.569024,1,0.5,2274,248
2522,1298.11,ga_tcheby_proxy,mesh9,7,1,0,"[7-4-1]",2,40,3.19307,0.975,0.597484,2,0.5,2275,248
2523,1299.72,ga_tcheby_proxy,mesh9,4,7,0,"[4-7]",1,20,1.59654,0.975,0.607362,1,0.5,2276,248
2524,1301.98,ga_tcheby_proxy,mesh9,1,3,0,"[1-0-3]",2,42,3.21103,0.97,0.613293,2,0.5,2277,248
2525,1302.14,ga_tcheby_proxy,mesh9,3,6,0,"[3-6]",1,20,1.59654,0.975,0.594937,1,0.5,2278,248
2526,1302.62,ga_tcheby_proxy,mesh9,1,8,0,"[1-2-5-8]",3,62,4.80756,0.97,0.613293,3,0.5,2279,248
2527,1302.97,ga_tcheby_proxy,mesh9,2,3,0,"[2-5-4-3]",3,64,4.82552,0.97,0.614458,3,0.5,2280,248
2528,1303.61,ga_tcheby_proxy,mesh9,8,3,0,"[8-7-6-3]",3,64,4.82552,0.97,0.602484,3,0.5,2281,248
2529,1303.8,ga_tcheby_proxy,mesh9,8,7,0,"[8-7]",1,22,1.61449,0.97,0.571906,1,0.5,2282,248
2530,1305.28,ga_tcheby_proxy,mesh9,3,6,0,"[3-6]",1,20,1.59654,0.975,0.596215,1,0.5,2283,248
2531,1305.96,ga_tcheby_proxy,mesh9,7,5,0,"[7-8-5]",2,42,3.21103,0.97,0.596215,2,0.5,2284,248
2532,1306.26,ga_tcheby_proxy,mesh9,7,0,0,"[7-4-1-0]",3,62,4.80756,0.97,0.603715,3,0.5,2285,248
2533,1306.99,ga_tcheby_proxy,mesh9,1,5,0,"[1-4-5]",2,42,3.21103,0.97,0.614458,2,0.5,2286,248
2534,1307.83,ga_tcheby_proxy,mesh9,8,3,0,"[8-7-6-3]",3,64,4.82552,0.97,0.603715,3,0.5,2287,248
2535,1307.96,ga_tcheby_proxy,mesh9,3,8,0,"[3-6-7-8]",3,64,4.82552,0.97,0.604938,3,0.5,2288,248
2536,1308.16,ga_tcheby_proxy,mesh9,8,3,0,"[8-7-4-3]",3,64,4.82552,0.97,0.603715,3,0.5,2289,248
2537,1308.24,ga_tcheby_proxy,mesh9,3,2,0,"[3-0-1-2]",3,64,4.82552,0.97,0.602484,3,0.5,2290,248
2538,1308.95,ga_tcheby_proxy,mesh9,7,1,0,"[7-4-1]",2,40,3.19307,0.975,0.601246,2,0.5,2291,248
2539,1310.01,ga_tcheby_proxy,mesh9,6,3,0,"[6-3]",1,20,1.59654,0.975,0.604938,1,0.5,2292,248
2540,1311.02,ga_tcheby_proxy,mesh9,4,5,0,"[4-5]",1,22,1.61449,0.97,0.601246,1,0.5,2293,248
2541,1311.3,ga_tcheby_proxy,mesh9,5,3,0,"[5-4-3]",2,44,3.22898,0.97,0.604938,2,0.5,2294,248
2542,1312.05,ga_tcheby_proxy,mesh9,1,0,0,"[1-0]",1,22,1.61449,0.97,0.604938,1,0.5,2295,248
2543,1312.58,ga_tcheby_proxy,mesh9,4,8,0,"[4-5-8]",2,42,3.21103,0.97,0.606154,2,0.5,2296,248
2544,1313.37,ga_tcheby_proxy,mesh9,3,5,0,"[3-4-5]",2,44,3.22898,0.97,0.608563,2,0.5,2297,248
2545,1313.61,ga_tcheby_proxy,mesh9,2,1,0,"[2-1]",1,22,1.61449,0.97,0.597484,1,0.5,2298,248
2546,1313.89,ga_tcheby_proxy,mesh9,5,4,0,"[5-4]",1,22,1.61449,0.97,0.598746,1,0.5,2299,248
2547,1314.11,ga_tcheby_proxy,mesh9,5,3,0,"[5-4-3]",2,44,3.22898,0.97,0.606154,2,0.5,2300,248
2548,1314.58,ga_tcheby_proxy,mesh9,7,3,0,"[7-6-3]",2,42,3.21103,0.97,0.606154,2,0.5,2301,248
2549,1314.61,ga_tcheby_proxy,mesh9,0,3,1,"[]",0,0,0,0,0,0,0.5,2301,249
2550,1315.04,ga_tcheby_proxy,mesh9,6,2,0,"[6-7-4-1-2]",4,84,6.42205,0.97,0.606154,4,0.5,2302,249
2551,1315.2,ga_tcheby_proxy,mesh9,5,3,0,"[5-4-3]",2,44,3.22898,0.97,0.607362,2,0.5,2303,249
2552,1315.24,ga_tcheby_proxy,mesh9,4,3,1,"[]",0,0,0,0,0,0,0.5,2303,250
2553,1315.31,ga_tcheby_proxy,mesh9,7,8,0,"[7-8]",1,22,1.69132,0.924088,0.598746,1,0.5,2304,250
2554,1315.38,ga_tcheby_proxy,mesh9,2,7,0,"[2-1-4-7]",3,62,4.92674,0.909986,0.615616,3,0.5,2305,250
2555,1316.29,ga_tcheby_proxy,mesh9,4,7,0,"[4-7]",1,20,1.59654,0.975,0.609756,1,0.5,2306,250
2556,1316.98,ga_tcheby_proxy,mesh9,5,3,0,"[5-4-3]",2,44,3.22898,0.97,0.608563,2,0.5,2307,250
2557,1317.73,ga_tcheby_proxy,mesh9,7,6,0,"[7-6]",1,22,1.61449,0.97,0.594937,1,0.5,2308,250
2558,1317.86,ga_tcheby_proxy,mesh9,6,5,0,"[6-7-8-5]",3,64,4.82552,0.97,0.607362,3,0.5,2309,250
2559,1318.93,ga_tcheby_proxy,mesh9,6,7,0,"[6-7]",1,22,1.61449,0.97,0.608563,1,0.5,2310,250
2560,1319.09,ga_tcheby_proxy,mesh9,2,1,0,"[2-1]",1,22,1.61449,0.97,0.6,1,0.5,2311,250
2561,1319.16,ga_tcheby_proxy,mesh9,7,3,0,"[7-6-3]",2,42,3.23791,0.958258,0.607362,2,0.5,2312,250
2562,1319.32,ga_tcheby_proxy,mesh9,2,5,0,"[2-5]",1,20,1.59654,0.975,0.615616,1,0.5,2313,250
2563,1319.51,ga_tcheby_proxy,mesh9,8,0,0,"[8-5-2-1-0]",4,84,6.42205,0.97,0.606154,4,0.5,2314,250
2564,1320.54,ga_tcheby_proxy,mesh9,1,5,0,"[1-2-5]",2,42,3.21103,0.97,0.616766,2,0.5,2315,250
2565,1320.91,ga_tcheby_proxy,mesh9,8,1,0,"[8-5-2-1]",3,62,4.80756,0.97,0.602484,3,0.5,2316,250
2566,1321.05,ga_tcheby_proxy,mesh9,2,8,0,"[2-5-8]",2,40,3.19307,0.975,0.61791,2,0.5,2317,250
2567,1321.48,ga_tcheby_proxy,mesh9,4,2,0,"[4-5-2]",2,42,3.21103,0.97,0.604938,2,0.5,2318,250
2568,1321.59,ga_tcheby_proxy,mesh9,6,7,0,"[6-7]",1,22,1.61449,0.97,0.609756,1,0.5,2319,250
2569,1321.97,ga_tcheby_proxy,mesh9,2,4,0,"[2-1-4]",2,42,3.21103,0.97,0.616766,2,0.5,2320,250
2570,1322.04,ga_tcheby_proxy,mesh9,4,6,0,"[4-3-6]",2,42,3.21103,0.97,0.609756,2,0.5,2321,250
2571,1323.14,ga_tcheby_proxy,mesh9,3,2,0,"[3-0-1-2]",3,64,4.82552,0.97,0.606154,3,0.5,2322,250
2572,1323.61,ga_tcheby_proxy,mesh9,3,0,0,"[3-0]",1,20,1.59654,0.975,0.604938,1,0.5,2323,250
2573,1323.66,ga_tcheby_proxy,mesh9,6,8,1,"[]",0,0,0,0,0,0,0.5,2323,251
2574,1326.56,ga_tcheby_proxy,mesh9,6,4,0,"[6-3-4]",2,42,3.21103,0.97,0.609756,2,0.5,2324,251
2575,1326.58,ga_tcheby_proxy,mesh9,0,1,1,"[]",0,0,0,0,0,0,0.5,2324,252
2576,1328.85,ga_tcheby_proxy,mesh9,2,6,0,"[2-1-0-3-6]",4,84,6.42205,0.97,0.614458,4,0.5,2325,252
2577,1329.07,ga_tcheby_proxy,mesh9,7,0,0,"[7-4-1-0]",3,62,4.80756,0.97,0.608563,3,0.5,2326,252
2578,1329.61,ga_tcheby_proxy,mesh9,3,2,0,"[3-0-1-2]",3,64,4.82552,0.97,0.607362,3,0.5,2327,252
2579,1329.74,ga_tcheby_proxy,mesh9,1,6,0,"[1-0-3-6]",3,62,4.80756,0.97,0.615616,3,0.5,2328,252
2580,1330.31,ga_tcheby_proxy,mesh9,8,2,0,"[8-5-2]",2,40,3.19307,0.975,0.571906,2,0.5,2329,252
2581,1330.9,ga_tcheby_proxy,mesh9,0,8,0,"[0-3-6-7-8]",4,84,6.42205,0.97,0.616766,4,0.5,2330,252
2582,1332.21,ga_tcheby_proxy,mesh9,0,2,0,"[0-1-2]",2,44,3.22898,0.97,0.608563,2,0.5,2331,252
2583,1332.44,ga_tcheby_proxy,mesh9,7,5,0,"[7-8-5]",2,42,3.21103,0.97,0.602484,2,0.5,2332,252
2584,1333.52,ga_tcheby_proxy,mesh9,0,1,0,"[0-1]",1,22,1.61449,0.97,0.598746,1,0.5,2333,252
2585,1334.5,ga_tcheby_proxy,mesh9,5,7,0,"[5-8-7]",2,42,3.21103,0.97,0.608563,2,0.5,2334,252
2586,1334.7,ga_tcheby_proxy,mesh9,1,6,0,"[1-0-3-6]",3,62,4.80756,0.97,0.61791,3,0.5,2335,252
2587,1335.98,ga_tcheby_proxy,mesh9,8,6,0,"[8-7-6]",2,44,3.22898,0.97,0.597484,2,0.5,2336,252
2588,1336.14,ga_tcheby_proxy,mesh9,2,7,0,"[2-1-4-7]",3,62,4.80756,0.97,0.61791,3,0.5,2337,252
2589,1336.95,ga_tcheby_proxy,mesh9,6,8,0,"[6-7-8]",2,44,3.22898,0.97,0.612121,2,0.5,2338,252
2590,1337.31,ga_tcheby_proxy,mesh9,7,3,0,"[7-6-3]",2,42,3.21103,0.97,0.609756,2,0.5,2339,252
2591,1338.41,ga_tcheby_proxy,mesh9,8,5,0,"[8-5]",1,20,1.59654,0.975,0.574751,1,0.5,2340,252
2592,1338.8,ga_tcheby_proxy,mesh9,7,4,0,"[7-4]",1,20,1.59654,0.975,0.604938,1,0.5,2341,252
2593,1339.44,ga_tcheby_proxy,mesh9,3,0,0,"[3-0]",1,20,1.59654,0.975,0.607362,1,0.5,2342,252
2594,1341.01,ga_tcheby_proxy,mesh9,5,3,0,"[5-4-3]",2,44,3.22898,0.97,0.610942,2,0.5,2343,252
2595,1341.18,ga_tcheby_proxy,mesh9,5,2,0,"[5-2]",1,20,1.59654,0.975,0.564626,1,0.5,2344,252
2596,1341.24,ga_tcheby_proxy,mesh9,4,6,1,"[]",0,0,0,0,0,0,0.5,2344,253
2597,1343.68,ga_tcheby_proxy,mesh9,0,5,0,"[0-3-4-5]",3,64,4.82552,0.97,0.619048,3,0.5,2345,253
2598,1344.37,ga_tcheby_proxy,mesh9,6,1,0,"[6-3-0-1]",3,62,4.80756,0.97,0.610942,3,0.5,2346,253
2599,1345.14,ga_tcheby_proxy,mesh9,0,2,0,"[0-1-2]",2,44,3.22898,0.97,0.609756,2,0.5,2347,253
2600,1345.16,ga_tcheby_proxy,mesh9,3,1,1,"[]",0,0,0,0,0,0,0.5,2347,254
2601,1345.65,ga_tcheby_proxy,mesh9,2,6,0,"[2-5-4-7-6]",4,84,6.42205,0.97,0.619048,4,0.5,2348,254
2602,1345.77,ga_tcheby_proxy,mesh9,1,5,0,"[1-4-5]",2,42,3.21103,0.97,0.619048,2,0.5,2349,254
2603,1346.01,ga_tcheby_proxy,mesh9,4,7,0,"[4-7]",1,20,1.59654,0.975,0.613293,1,0.5,2350,254
2604,1346.14,ga_tcheby_proxy,mesh9,5,2,0,"[5-2]",1,20,1.59654,0.975,0.566102,1,0.5,2351,254
2605,1346.17,ga_tcheby_proxy,mesh9,8,5,1,"[]",0,0,0,0,0,0,0.5,2351,255
2606,1347.28,ga_tcheby_proxy,mesh9,8,6,0,"[8-7-6]",2,44,3.22898,0.97,0.601246,2,0.5,2352,255
2607,1347.57,ga_tcheby_proxy,mesh9,8,1,0,"[8-7-4-1]",3,62,4.80756,0.97,0.606154,3,0.5,2353,255
2608,1348.87,ga_tcheby_proxy,mesh9,4,3,0,"[4-3]",1,22,1.61449,0.97,0.612121,1,0.5,2354,255
2609,1349.27,ga_tcheby_proxy,mesh9,0,7,0,"[0-3-4-7]",3,62,4.80756,0.97,0.620178,3,0.5,2355,255
2610,1349.37,ga_tcheby_proxy,mesh9,8,2,0,"[8-5-2]",2,40,3.19307,0.975,0.576159,2,0.5,2356,255
2611,1349.38,ga_tcheby_proxy,mesh9,3,7,1,"[]",0,0,0,0,0,0,0.5,2356,256
2612,1350.05,ga_tcheby_proxy,mesh9,1,3,0,"[1-4-3]",2,42,3.21103,0.97,0.620178,2,0.5,2357,256
2613,1350.36,ga_tcheby_proxy,mesh9,8,1,0,"[8-5-4-1]",3,62,4.80756,0.97,0.606154,3,0.5,2358,256
2614,1350.55,ga_tcheby_proxy,mesh9,4,0,0,"[4-1-0]",2,42,3.21103,0.97,0.612121,2,0.5,2359,256
2615,1350.67,ga_tcheby_proxy,mesh9,6,3,0,"[6-3]",1,20,1.59654,0.975,0.612121,1,0.5,2360,256
2616,1350.67,ga_tcheby_proxy,mesh9,6,8,0,"[6-7-8]",2,44,3.46003,0.902075,0.613293,2,0.5,2361,256
2617,1352.88,ga_tcheby_proxy,mesh9,1,5,0,"[1-2-5]",2,42,3.21103,0.97,0.620178,2,0.5,2362,256
2618,1353.05,ga_tcheby_proxy,mesh9,8,2,0,"[8-5-2]",2,40,3.19307,0.975,0.578947,2,0.5,2363,256
2619,1354.03,ga_tcheby_proxy,mesh9,8,0,0,"[8-5-2-1-0]",4,84,6.42205,0.97,0.613293,4,0.5,2364,256
2620,1354.59,ga_tcheby_proxy,mesh9,7,6,0,"[7-6]",1,22,1.61449,0.97,0.602484,1,0.5,2365,256
2621,1354.64,ga_tcheby_proxy,mesh9,0,2,1,"[]",0,0,0,0,0,0,0.5,2365,257
2622,1354.81,ga_tcheby_proxy,mesh9,4,5,0,"[4-5]",1,22,1.61449,0.97,0.608563,1,0.5,2366,257
2623,1355.72,ga_tcheby_proxy,mesh9,5,0,0,"[5-4-1-0]",3,64,4.82552,0.97,0.614458,3,0.5,2367,257
2624,1356.12,ga_tcheby_proxy,mesh9,7,8,0,"[7-8]",1,22,1.61449,0.97,0.606154,1,0.5,2368,257
2625,1357.04,ga_tcheby_proxy,mesh9,1,3,0,"[1-0-3]",2,42,3.21103,0.97,0.621302,2,0.5,2369,257
2626,1357.81,ga_tcheby_proxy,mesh9,6,7,0,"[6-7]",1,22,1.61449,0.97,0.614458,1,0.5,2370,257
2627,1357.94,ga_tcheby_proxy,mesh9,5,4,0,"[5-4]",1,22,1.61449,0.97,0.608563,1,0.5,2371,257
2628,1357.96,ga_tcheby_proxy,mesh9,1,5,1,"[]",0,0,0,0,0,0,0.5,2371,258
2629,1358.34,ga_tcheby_proxy,mesh9,8,5,0,"[8-5]",1,20,1.59654,0.975,0.581699,1,0.5,2372,258
2630,1360.54,ga_tcheby_proxy,mesh9,2,7,0,"[2-5-8-7]",3,62,4.80756,0.97,0.621302,3,0.5,2373,258
2631,1360.65,ga_tcheby_proxy,mesh9,6,4,0,"[6-3-4]",2,42,3.21103,0.97,0.613293,2,0.5,2374,258
2632,1361.03,ga_tcheby_proxy,mesh9,6,1,0,"[6-3-4-1]",3,62,4.80756,0.97,0.614458,3,0.5,2375,258
2633,1363.1,ga_tcheby_proxy,mesh9,6,3,0,"[6-3]",1,20,1.59654,0.975,0.615616,1,0.5,2376,258
2634,1364.36,ga_tcheby_proxy,mesh9,5,6,0,"[5-8-7-6]",3,64,4.82552,0.97,0.610942,3,0.5,2377,258
2635,1365.57,ga_tcheby_proxy,mesh9,4,6,0,"[4-3-6]",2,42,3.21103,0.97,0.614458,2,0.5,2378,258
2636,1365.8,ga_tcheby_proxy,mesh9,6,0,0,"[6-3-0]",2,40,3.19307,0.975,0.616766,2,0.5,2379,258
2637,1365.93,ga_tcheby_proxy,mesh9,2,8,0,"[2-5-8]",2,40,3.19307,0.975,0.622419,2,0.5,2380,258
2638,1366.53,ga_tcheby_proxy,mesh9,7,1,0,"[7-4-1]",2,40,3.19307,0.975,0.607362,2,0.5,2381,258
2639,1366.69,ga_tcheby_proxy,mesh9,6,3,0,"[6-3]",1,20,1.59654,0.975,0.61791,1,0.5,2382,258
2640,1367.1,ga_tcheby_proxy,mesh9,8,6,0,"[8-7-6]",2,44,3.22898,0.97,0.604938,2,0.5,2383,258
2641,1367.72,ga_tcheby_proxy,mesh9,6,7,0,"[6-7]",1,22,1.61449,0.97,0.615616,1,0.5,2384,258
2642,1368.03,ga_tcheby_proxy,mesh9,3,5,0,"[3-4-5]",2,44,3.22898,0.97,0.615616,2,0.5,2385,258
2643,1368.24,ga_tcheby_proxy,mesh9,2,7,0,"[2-1-4-7]",3,62,4.80756,0.97,0.621302,3,0.5,2386,258
2644,1369.18,ga_tcheby_proxy,mesh9,5,7,0,"[5-8-7]",2,42,3.21103,0.97,0.613293,2,0.5,2387,258
2645,1370.7,ga_tcheby_proxy,mesh9,5,1,0,"[5-2-1]",2,42,3.21103,0.97,0.609756,2,0.5,2388,258
2646,1371.1,ga_tcheby_proxy,mesh9,1,0,0,"[1-0]",1,22,1.61449,0.97,0.616766,1,0.5,2389,258
2647,1371.17,ga_tcheby_proxy,mesh9,4,5,0,"[4-5]",1,22,1.67698,0.932323,0.610942,1,0.5,2390,258
2648,1371.27,ga_tcheby_proxy,mesh9,2,4,0,"[2-1-4]",2,42,3.21103,0.97,0.622419,2,0.5,2391,258
2649,1372.19,ga_tcheby_proxy,mesh9,6,0,0,"[6-3-0]",2,40,3.19307,0.975,0.619048,2,0.5,2392,258
2650,1372.55,ga_tcheby_proxy,mesh9,1,7,0,"[1-4-7]",2,40,3.19307,0.975,0.623529,2,0.5,2393,258
2651,1372.65,ga_tcheby_proxy,mesh9,3,6,0,"[3-6]",1,20,1.59654,0.975,0.606154,1,0.5,2394,258
2652,1372.68,ga_tcheby_proxy,mesh9,8,6,1,"[]",0,0,0,0,0,0,0.5,2394,259
2653,1373.56,ga_tcheby_proxy,mesh9,0,4,0,"[0-3-4]",2,42,3.21103,0.97,0.622419,2,0.5,2395,259
2654,1373.99,ga_tcheby_proxy,mesh9,5,1,0,"[5-4-1]",2,42,3.21103,0.97,0.609756,2,0.5,2396,259
2655,1374.38,ga_tcheby_proxy,mesh9,6,7,0,"[6-7]",1,22,1.61449,0.97,0.616766,1,0.5,2397,259
2656,1376.83,ga_tcheby_proxy,mesh9,3,7,0,"[3-6-7]",2,42,3.21103,0.97,0.61791,2,0.5,2398,259
2657,1378.18,ga_tcheby_proxy,mesh9,4,1,0,"[4-1]",1,20,1.59654,0.975,0.603715,1,0.5,2399,259
2658,1378.85,ga_tcheby_proxy,mesh9,7,2,0,"[7-8-5-2]",3,62,4.80756,0.97,0.607362,3,0.5,2400,259
2659,1379.32,ga_tcheby_proxy,mesh9,6,2,0,"[6-7-4-1-2]",4,84,6.42205,0.97,0.619048,4,0.5,2401,259
2660,1379.34,ga_tcheby_proxy,mesh9,7,2,1,"[]",0,0,0,0,0,0,0.5,2401,260
2661,1379.94,ga_tcheby_proxy,mesh9,2,3,0,"[2-5-4-3]",3,64,4.82552,0.97,0.623529,3,0.5,2402,260
2662,1380.16,ga_tcheby_proxy,mesh9,1,2,0,"[1-2]",1,22,1.61449,0.97,0.613293,1,0.5,2403,260
2663,1381.04,ga_tcheby_proxy,mesh9,0,5,0,"[0-3-4-5]",3,64,4.82552,0.97,0.623529,3,0.5,2404,260
2664,1381.42,ga_tcheby_proxy,mesh9,3,4,0,"[3-4]",1,22,1.61449,0.97,0.619048,1,0.5,2405,260
2665,1381.58,ga_tcheby_proxy,mesh9,1,3,0,"[1-4-3]",2,42,3.21103,0.97,0.624633,2,0.5,2406,260
2666,1382.26,ga_tcheby_proxy,mesh9,3,6,0,"[3-6]",1,20,1.59654,0.975,0.608563,1,0.5,2407,260
2667,1382.5,ga_tcheby_proxy,mesh9,0,1,0,"[0-1]",1,22,1.61449,0.97,0.602484,1,0.5,2408,260
2668,1382.73,ga_tcheby_proxy,mesh9,2,7,0,"[2-5-8-7]",3,62,4.80756,0.97,0.624633,3,0.5,2409,260
2669,1383.06,ga_tcheby_proxy,mesh9,2,7,0,"[2-1-4-7]",3,62,4.80756,0.97,0.625731,3,0.5,2410,260
2670,1383.74,ga_tcheby_proxy,mesh9,4,1,0,"[4-1]",1,20,1.59654,0.975,0.606154,1,0.5,2411,260
2671,1384.39,ga_tcheby_proxy,mesh9,8,5,0,"[8-5]",1,20,1.59654,0.975,0.584416,1,0.5,2412,260
2672,1386.05,ga_tcheby_proxy,mesh9,6,5,0,"[6-7-8-5]",3,64,4.82552,0.97,0.620178,3,0.5,2413,260
2673,1386.41,ga_tcheby_proxy,mesh9,1,6,0,"[1-0-3-6]",3,62,4.80756,0.97,0.624633,3,0.5,2414,260
2674,1387.36,ga_tcheby_proxy,mesh9,5,6,0,"[5-8-7-6]",3,64,4.82552,0.97,0.615616,3,0.5,2415,260
2675,1388.35,ga_tcheby_proxy,mesh9,1,7,0,"[1-4-7]",2,40,3.19307,0.975,0.626822,2,0.5,2416,260
2676,1389.88,ga_tcheby_proxy,mesh9,1,3,0,"[1-0-3]",2,42,3.21103,0.97,0.625731,2,0.5,2417,260
2677,1390.21,ga_tcheby_proxy,mesh9,3,1,0,"[3-0-1]",2,42,3.21103,0.97,0.612121,2,0.5,2418,260
2678,1390.41,ga_tcheby_proxy,mesh9,5,1,0,"[5-4-1]",2,42,3.21103,0.97,0.612121,2,0.5,2419,260
2679,1390.61,ga_tcheby_proxy,mesh9,0,6,0,"[0-3-6]",2,40,3.19307,0.975,0.626822,2,0.5,2420,260
2680,1391.31,ga_tcheby_proxy,mesh9,8,5,0,"[8-5]",1,20,1.59654,0.975,0.587097,1,0.5,2421,260
2681,1391.5,ga_tcheby_proxy,mesh9,5,1,0,"[5-2-1]",2,42,3.21103,0.97,0.613293,2,0.5,2422,260
2682,1392.85,ga_tcheby_proxy,mesh9,7,5,0,"[7-8-5]",2,42,3.21103,0.97,0.609756,2,0.5,2423,260
2683,1393.4,ga_tcheby_proxy,mesh9,6,1,0,"[6-3-0-1]",3,62,4.80756,0.97,0.620178,3,0.5,2424,260
2684,1393.75,ga_tcheby_proxy,mesh9,1,6,0,"[1-0-3-6]",3,62,4.80756,0.97,0.627907,3,0.5,2425,260
2685,1394.58,ga_tcheby_proxy,mesh9,1,0,0,"[1-0]",1,22,1.61449,0.97,0.621302,1,0.5,2426,260
2686,1394.97,ga_tcheby_proxy,mesh9,4,7,0,"[4-7]",1,20,1.59654,0.975,0.620178,1,0.5,2427,260
2687,1396.4,ga_tcheby_proxy,mesh9,3,5,0,"[3-4-5]",2,44,3.22898,0.97,0.620178,2,0.5,2428,260
2688,1396.49,ga_tcheby_proxy,mesh9,4,3,0,"[4-3]",1,22,1.61449,0.97,0.61791,1,0.5,2429,260
2689,1398.02,ga_tcheby_proxy,mesh9,6,7,0,"[6-7]",1,22,1.61449,0.97,0.621302,1,0.5,2430,260
2690,1398.51,ga_tcheby_proxy,mesh9,5,7,0,"[5-8-7]",2,42,3.21103,0.97,0.616766,2,0.5,2431,260
2691,1399.67,ga_tcheby_proxy,mesh9,4,3,0,"[4-3]",1,22,1.61449,0.97,0.619048,1,0.5,2432,260
2692,1400.08,ga_tcheby_proxy,mesh9,0,8,0,"[0-1-2-5-8]",4,84,6.42205,0.97,0.625731,4,0.5,2433,260
2693,1400.3,ga_tcheby_proxy,mesh9,7,1,0,"[7-4-1]",2,40,3.19307,0.975,0.609756,2,0.5,2434,260
2694,1401.02,ga_tcheby_proxy,mesh9,1,0,0,"[1-0]",1,22,1.61449,0.97,0.622419,1,0.5,2435,260
2695,1401.65,ga_tcheby_proxy,mesh9,6,5,0,"[6-3-4-5]",3,64,4.82552,0.97,0.621302,3,0.5,2436,260
2696,1403.27,ga_tcheby_proxy,mesh9,1,3,0,"[1-4-3]",2,42,3.21103,0.97,0.627907,2,0.5,2437,260
2697,1403.77,ga_tcheby_proxy,mesh9,2,3,0,"[2-5-4-3]",3,64,4.82552,0.97,0.626822,3,0.5,2438,260
2698,1403.92,ga_tcheby_proxy,mesh9,6,0,0,"[6-3-0]",2,40,3.19307,0.975,0.622419,2,0.5,2439,260
2699,1404.03,ga_tcheby_proxy,mesh9,3,7,0,"[3-6-7]",2,42,3.21103,0.97,0.622419,2,0.5,2440,260
2700,1404.16,ga_tcheby_proxy,mesh9,2,3,0,"[2-5-4-3]",3,64,4.82552,0.97,0.627907,3,0.5,2441,260
2701,1404.87,ga_tcheby_proxy,mesh9,6,0,0,"[6-3-0]",2,40,3.19307,0.975,0.623529,2,0.5,2442,260
2702,1404.95,ga_tcheby_proxy,mesh9,2,5,0,"[2-5]",1,20,1.59654,0.975,0.628986,1,0.5,2443,260
2703,1405.8,ga_tcheby_proxy,mesh9,7,5,0,"[7-8-5]",2,42,3.21103,0.97,0.610942,2,0.5,2444,260
2704,1406.2,ga_tcheby_proxy,mesh9,4,1,0,"[4-1]",1,20,1.59654,0.975,0.609756,1,0.5,2445,260
2705,1407.36,ga_tcheby_proxy,mesh9,0,2,0,"[0-1-2]",2,44,3.22898,0.97,0.615616,2,0.5,2446,260
2706,1407.76,ga_tcheby_proxy,mesh9,4,2,0,"[4-5-2]",2,42,3.21103,0.97,0.615616,2,0.5,2447,260
2707,1408.26,ga_tcheby_proxy,mesh9,4,1,0,"[4-1]",1,20,1.59654,0.975,0.610942,1,0.5,2448,260
2708,1408.3,ga_tcheby_proxy,mesh9,4,0,1,"[]",0,0,0,0,0,0,0.5,2448,261
2709,1409.51,ga_tcheby_proxy,mesh9,3,1,0,"[3-0-1]",2,42,3.21103,0.97,0.616766,2,0.5,2449,261
2710,1409.79,ga_tcheby_proxy,mesh9,2,5,0,"[2-5]",1,20,1.59654,0.975,0.630058,1,0.5,2450,261
2711,1410.08,ga_tcheby_proxy,mesh9,8,3,0,"[8-5-4-3]",3,64,4.82552,0.97,0.623529,3,0.5,2451,261
2712,1410.08,ga_tcheby_proxy,mesh9,8,3,0,"[8-5-4-3]",3,64,5.10366,0.914371,0.630178,3,0.5,2452,261
2713,1410.73,ga_tcheby_proxy,mesh9,6,0,0,"[6-3-0]",2,40,3.19307,0.975,0.624633,2,0.5,2453,261
2714,1411.24,ga_tcheby_proxy,mesh9,6,3,0,"[6-3]",1,20,1.59654,0.975,0.625731,1,0.5,2454,261
2715,1411.31,ga_tcheby_proxy,mesh9,3,7,0,"[3-6-7]",2,42,3.21103,0.97,0.623529,2,0.5,2455,261
2716,1411.35,ga_tcheby_proxy,mesh9,6,3,1,"[]",0,0,0,0,0,0,0.5,2455,262
2717,1411.46,ga_tcheby_proxy,mesh9,4,3,0,"[4-3]",1,22,1.61449,0.97,0.625731,1,0.5,2456,262
2718,1412.55,ga_tcheby_proxy,mesh9,5,1,0,"[5-2-1]",2,42,3.21103,0.97,0.614458,2,0.5,2457,262
2719,1413.2,ga_tcheby_proxy,mesh9,8,3,0,"[8-5-4-3]",3,64,4.82552,0.97,0.626822,3,0.5,2458,262
2720,1414.27,ga_tcheby_proxy,mesh9,0,1,0,"[0-1]",1,22,1.61449,0.97,0.609756,1,0.5,2459,262
2721,1414.48,ga_tcheby_proxy,mesh9,8,0,0,"[8-5-2-1-0]",4,84,6.42205,0.97,0.623529,4,0.5,2460,262
2722,1414.49,ga_tcheby_proxy,mesh9,7,6,1,"[]",0,0,0,0,0,0,0.5,2460,263
2723,1415.14,ga_tcheby_proxy,mesh9,8,3,0,"[8-7-6-3]",3,64,4.82552,0.97,0.626822,3,0.5,2461,263
2724,1415.46,ga_tcheby_proxy,mesh9,6,2,0,"[6-7-4-1-2]",4,84,6.42205,0.97,0.624633,4,0.5,2462,263
2725,1415.76,ga_tcheby_proxy,mesh9,2,3,0,"[2-1-4-3]",3,64,4.82552,0.97,0.628986,3,0.5,2463,263
2726,1416.14,ga_tcheby_proxy,mesh9,8,7,0,"[8-7]",1,22,1.61449,0.97,0.592357,1,0.5,2464,263
2727,1416.99,ga_tcheby_proxy,mesh9,7,6,0,"[7-6]",1,22,1.61449,0.97,0.608563,1,0.5,2465,263
2728,1417.96,ga_tcheby_proxy,mesh9,0,7,0,"[0-3-4-7]",3,62,4.80756,0.97,0.628986,3,0.5,2466,263
2729,1418.71,ga_tcheby_proxy,mesh9,6,1,0,"[6-7-4-1]",3,62,4.80756,0.97,0.625731,3,0.5,2467,263
2730,1419.12,ga_tcheby_proxy,mesh9,4,7,0,"[4-7]",1,20,1.59654,0.975,0.622419,1,0.5,2468,263
2731,1419.4,ga_tcheby_proxy,mesh9,2,5,0,"[2-5]",1,20,1.59654,0.975,0.631124,1,0.5,2469,263
2732,1419.43,ga_tcheby_proxy,mesh9,1,3,1,"[]",0,0,0,0,0,0,0.5,2469,264
2733,1419.6,ga_tcheby_proxy,mesh9,3,2,0,"[3-0-1-2]",3,64,4.82552,0.97,0.619048,3,0.5,2470,264
2734,1419.62,ga_tcheby_proxy,mesh9,1,5,1,"[]",0,0,0,0,0,0,0.5,2470,265
2735,1419.95,ga_tcheby_proxy,mesh9,3,2,0,"[3-0-1-2]",3,64,4.82552,0.97,0.620178,3,0.5,2471,265
2736,1420.25,ga_tcheby_proxy,mesh9,5,1,0,"[5-2-1]",2,42,3.21103,0.97,0.61791,2,0.5,2472,265
2737,1420.42,ga_tcheby_proxy,mesh9,6,4,0,"[6-7-4]",2,42,3.21103,0.97,0.626822,2,0.5,2473,265
2738,1421.3,ga_tcheby_proxy,mesh9,7,5,0,"[7-8-5]",2,42,3.21103,0.97,0.612121,2,0.5,2474,265
2739,1421.3,ga_tcheby_proxy,mesh9,7,6,0,"[7-6]",1,22,1.64735,0.949853,0.611621,1,0.5,2475,265
2740,1421.4,ga_tcheby_proxy,mesh9,3,0,0,"[3-0]",1,20,1.59654,0.975,0.621302,1,0.5,2476,265
2741,1421.55,ga_tcheby_proxy,mesh9,3,6,0,"[3-6]",1,20,1.59654,0.975,0.615616,1,0.5,2477,265
2742,1421.9,ga_tcheby_proxy,mesh9,8,5,0,"[8-5]",1,20,1.59654,0.975,0.597484,1,0.5,2478,265
2743,1422.08,ga_tcheby_proxy,mesh9,0,6,0,"[0-3-6]",2,40,3.19307,0.975,0.630058,2,0.5,2479,265
2744,1423.27,ga_tcheby_proxy,mesh9,8,4,0,"[8-7-4]",2,42,3.21103,0.97,0.614458,2,0.5,2480,265
2745,1423.87,ga_tcheby_proxy,mesh9,4,2,0,"[4-5-2]",2,42,3.21103,0.97,0.616766,2,0.5,2481,265
2746,1423.89,ga_tcheby_proxy,mesh9,8,4,1,"[]",0,0,0,0,0,0,0.5,2481,266
2747,1424.34,ga_tcheby_proxy,mesh9,8,5,0,"[8-5]",1,20,1.59654,0.975,0.598746,1,0.5,2482,266
2748,1424.37,ga_tcheby_proxy,mesh9,1,2,1,"[]",0,0,0,0,0,0,0.5,2482,267
2749,1424.77,ga_tcheby_proxy,mesh9,3,6,0,"[3-6]",1,20,1.59654,0.975,0.61791,1,0.5,2483,267
2750,1424.78,ga_tcheby_proxy,mesh9,0,1,0,"[0-1]",1,22,1.71851,0.908866,0.613293,1,0.5,2484,267
2751,1424.98,ga_tcheby_proxy,mesh9,2,7,0,"[2-1-4-7]",3,62,4.80756,0.97,0.630058,3,0.5,2485,267
2752,1425.06,ga_tcheby_proxy,mesh9,1,3,0,"[1-4-3]",2,42,3.21103,0.97,0.631124,2,0.5,2486,267
2753,1425.36,ga_tcheby_proxy,mesh9,2,6,0,"[2-1-0-3-6]",4,84,6.42205,0.97,0.631124,4,0.5,2487,267
2754,1425.62,ga_tcheby_proxy,mesh9,6,0,0,"[6-3-0]",2,40,3.19307,0.975,0.627907,2,0.5,2488,267
2755,1426.21,ga_tcheby_proxy,mesh9,0,7,0,"[0-1-4-7]",3,62,4.80756,0.97,0.632184,3,0.5,2489,267
2756,1426.49,ga_tcheby_proxy,mesh9,0,4,0,"[0-3-4]",2,42,3.21103,0.97,0.632184,2,0.5,2490,267
2757,1427.25,ga_tcheby_proxy,mesh9,7,1,0,"[7-4-1]",2,40,3.19307,0.975,0.615616,2,0.5,2491,267
2758,1427.91,ga_tcheby_proxy,mesh9,5,3,0,"[5-4-3]",2,44,3.22898,0.97,0.630058,2,0.5,2492,267
2759,1429.67,ga_tcheby_proxy,mesh9,4,5,0,"[4-5]",1,22,1.61449,0.97,0.61791,1,0.5,2493,267
2760,1429.91,ga_tcheby_proxy,mesh9,5,3,0,"[5-4-3]",2,44,3.22898,0.97,0.631124,2,0.5,2494,267
2761,1430.18,ga_tcheby_proxy,mesh9,4,1,0,"[4-1]",1,20,1.59654,0.975,0.615616,1,0.5,2495,267
2762,1430.29,ga_tcheby_proxy,mesh9,7,4,0,"[7-4]",1,20,1.59654,0.975,0.616766,1,0.5,2496,267
2763,1430.33,ga_tcheby_proxy,mesh9,7,5,1,"[]",0,0,0,0,0,0,0.5,2496,268
2764,1430.38,ga_tcheby_proxy,mesh9,8,2,1,"[]",0,0,0,0,0,0,0.5,2496,269
2765,1430.51,ga_tcheby_proxy,mesh9,6,1,0,"[6-7-4-1]",3,62,4.80756,0.97,0.627907,3,0.5,2497,269
2766,1430.56,ga_tcheby_proxy,mesh9,1,7,1,"[]",0,0,0,0,0,0,0.5,2497,270
2767,1431.25,ga_tcheby_proxy,mesh9,3,5,0,"[3-4-5]",2,44,3.22898,0.97,0.624633,2,0.5,2498,270
2768,1431.93,ga_tcheby_proxy,mesh9,7,5,0,"[7-8-5]",2,42,3.21103,0.97,0.613293,2,0.5,2499,270
2769,1432.39,ga_tcheby_proxy,mesh9,5,6,0,"[5-8-7-6]",3,64,4.82552,0.97,0.619048,3,0.5,2500,270
2770,1433.39,ga_tcheby_proxy,mesh9,0,2,0,"[0-1-2]",2,44,3.22898,0.97,0.620178,2,0.5,2501,270
2771,1435.1,ga_tcheby_proxy,mesh9,4,5,0,"[4-5]",1,22,1.61449,0.97,0.620178,1,0.5,2502,270
2772,1436.94,ga_tcheby_proxy,mesh9,3,2,0,"[3-0-1-2]",3,64,4.82552,0.97,0.623529,3,0.5,2503,270
2773,1437.16,ga_tcheby_proxy,mesh9,0,1,0,"[0-1]",1,22,1.61449,0.97,0.61791,1,0.5,2504,270
2774,1437.52,ga_tcheby_proxy,mesh9,7,0,0,"[7-4-1-0]",3,62,4.80756,0.97,0.625731,3,0.5,2505,270
2775,1437.63,ga_tcheby_proxy,mesh9,6,5,0,"[6-3-4-5]",3,64,4.82552,0.97,0.628986,3,0.5,2506,270
2776,1437.99,ga_tcheby_proxy,mesh9,4,3,0,"[4-3]",1,22,1.61449,0.97,0.632184,1,0.5,2507,270
2777,1438.5,ga_tcheby_proxy,mesh9,7,4,0,"[7-4]",1,20,1.59654,0.975,0.620178,1,0.5,2508,270
2778,1438.51,ga_tcheby_proxy,mesh9,6,0,1,"[]",0,0,0,0,0,0,0.5,2508,271
2779,1438.54,ga_tcheby_proxy,mesh9,8,4,1,"[]",0,0,0,0,0,0,0.5,2508,272
2780,1439.18,ga_tcheby_proxy,mesh9,2,7,0,"[2-5-4-7]",3,62,4.80756,0.97,0.632184,3,0.5,2509,272
2781,1439.68,ga_tcheby_proxy,mesh9,7,4,0,"[7-4]",1,20,1.59654,0.975,0.621302,1,0.5,2510,272
2782,1440.07,ga_tcheby_proxy,mesh9,2,7,0,"[2-5-4-7]",3,62,4.80756,0.97,0.633238,3,0.5,2511,272
2783,1440.42,ga_tcheby_proxy,mesh9,5,1,0,"[5-2-1]",2,42,3.21103,0.97,0.621302,2,0.5,2512,272
2784,1440.95,ga_tcheby_proxy,mesh9,7,0,0,"[7-4-1-0]",3,62,4.80756,0.97,0.626822,3,0.5,2513,272
2785,1442.22,ga_tcheby_proxy,mesh9,0,4,0,"[0-1-4]",2,42,3.21103,0.97,0.633238,2,0.5,2514,272
2786,1442.44,ga_tcheby_proxy,mesh9,5,8,0,"[5-8]",1,20,1.59654,0.975,0.620178,1,0.5,2515,272
2787,1442.76,ga_tcheby_proxy,mesh9,4,3,0,"[4-3]",1,22,1.61449,0.97,0.633238,1,0.5,2516,272
2788,1443.06,ga_tcheby_proxy,mesh9,1,5,0,"[1-2-5]",2,42,3.21103,0.97,0.634286,2,0.5,2517,272
2789,1443.84,ga_tcheby_proxy,mesh9,5,7,0,"[5-8-7]",2,42,3.21103,0.97,0.621302,2,0.5,2518,272
2790,1444.04,ga_tcheby_proxy,mesh9,2,7,0,"[2-1-4-7]",3,62,4.80756,0.97,0.634286,3,0.5,2519,272
2791,1444.11,ga_tcheby_proxy,mesh9,6,2,0,"[6-3-4-1-2]",4,84,6.43965,0.959086,0.630058,4,0.5,2520,272
2792,1445.11,ga_tcheby_proxy,mesh9,0,1,0,"[0-1]",1,22,1.61449,0.97,0.620178,1,0.5,2521,272
2793,1445.29,ga_tcheby_proxy,mesh9,4,2,0,"[4-5-2]",2,42,3.21103,0.97,0.622419,2,0.5,2522,272
2794,1445.31,ga_tcheby_proxy,mesh9,5,2,1,"[]",0,0,0,0,0,0,0.5,2522,273
2795,1445.68,ga_tcheby_proxy,mesh9,7,6,0,"[7-6]",1,22,1.61449,0.97,0.612121,1,0.5,2523,273
2796,1445.74,ga_tcheby_proxy,mesh9,7,3,1,"[]",0,0,0,0,0,0,0.5,2523,274
2797,1446.57,ga_tcheby_proxy,mesh9,3,6,0,"[3-6]",1,20,1.59654,0.975,0.620178,1,0.5,2524,274
2798,1446.72,ga_tcheby_proxy,mesh9,7,6,0,"[7-6]",1,22,1.61449,0.97,0.613293,1,0.5,2525,274
2799,1446.74,ga_tcheby_proxy,mesh9,1,0,1,"[]",0,0,0,0,0,0,0.5,2525,275
2800,1446.96,ga_tcheby_proxy,mesh9,7,5,0,"[7-8-5]",2,42,3.21103,0.97,0.614458,2,0.5,2526,275
2801,1447.01,ga_tcheby_proxy,mesh9,8,3,1,"[]",0,0,0,0,0,0,0.5,2526,276
2802,1447.44,ga_tcheby_proxy,mesh9,8,3,0,"[8-7-6-3]",3,64,4.82552,0.97,0.631124,3,0.5,2527,276
2803,1447.47,ga_tcheby_proxy,mesh9,8,4,1,"[]",0,0,0,0,0,0,0.5,2527,277
2804,1447.53,ga_tcheby_proxy,mesh9,0,5,1,"[]",0,0,0,0,0,0,0.5,2527,278
2805,1447.56,ga_tcheby_proxy,mesh9,7,3,1,"[]",0,0,0,0,0,0,0.5,2527,279
2806,1448.08,ga_tcheby_proxy,mesh9,7,0,0,"[7-4-1-0]",3,62,4.80756,0.97,0.627907,3,0.5,2528,279
2807,1448.44,ga_tcheby_proxy,mesh9,0,3,0,"[0-3]",1,20,1.59654,0.975,0.633238,1,0.5,2529,279
2808,1449.42,ga_tcheby_proxy,mesh9,4,8,0,"[4-5-8]",2,42,3.21103,0.97,0.623529,2,0.5,2530,279
2809,1450.02,ga_tcheby_proxy,mesh9,6,4,0,"[6-7-4]",2,42,3.21103,0.97,0.628986,2,0.5,2531,279
2810,1450.9,ga_tcheby_proxy,mesh9,1,0,0,"[1-0]",1,22,1.61449,0.97,0.628986,1,0.5,2532,279
2811,1450.92,ga_tcheby_proxy,mesh9,3,0,1,"[]",0,0,0,0,0,0,0.5,2532,280
2812,1451.09,ga_tcheby_proxy,mesh9,3,8,0,"[3-4-5-8]",3,64,4.82552,0.97,0.627907,3,0.5,2533,280
2813,1451.14,ga_tcheby_proxy,mesh9,1,3,1,"[]",0,0,0,0,0,0,0.5,2533,281
2814,1451.4,ga_tcheby_proxy,mesh9,5,7,0,"[5-8-7]",2,42,3.21103,0.97,0.624633,2,0.5,2534,281
2815,1451.44,ga_tcheby_proxy,mesh9,8,1,1,"[]",0,0,0,0,0,0,0.5,2534,282
2816,1451.7,ga_tcheby_proxy,mesh9,1,5,0,"[1-4-5]",2,42,3.21103,0.97,0.635328,2,0.5,2535,282
2817,1451.78,ga_tcheby_proxy,mesh9,2,4,0,"[2-5-4]",2,42,3.21103,0.97,0.635328,2,0.5,2536,282
2818,1452.64,ga_tcheby_proxy,mesh9,0,6,0,"[0-3-6]",2,40,3.19307,0.975,0.634286,2,0.5,2537,282
2819,1452.73,ga_tcheby_proxy,mesh9,7,2,0,"[7-8-5-2]",3,62,4.80756,0.97,0.615616,3,0.5,2538,282
2820,1454.02,ga_tcheby_proxy,mesh9,2,6,0,"[2-1-0-3-6]",4,84,6.42205,0.97,0.635328,4,0.5,2539,282
2821,1454.03,ga_tcheby_proxy,mesh9,6,2,1,"[]",0,0,0,0,0,0,0.5,2539,283
2822,1454.09,ga_tcheby_proxy,mesh9,5,6,1,"[]",0,0,0,0,0,0,0.5,2539,284
2823,1454.35,ga_tcheby_proxy,mesh9,0,1,0,"[0-1]",1,22,1.61449,0.97,0.621302,1,0.5,2540,284
2824,1455.07,ga_tcheby_proxy,mesh9,8,6,0,"[8-7-6]",2,44,3.22898,0.97,0.615616,2,0.5,2541,284
2825,1455.38,ga_tcheby_proxy,mesh9,2,5,0,"[2-5]",1,20,1.59654,0.975,0.636364,1,0.5,2542,284
2826,1455.43,ga_tcheby_proxy,mesh9,7,1,1,"[]",0,0,0,0,0,0,0.5,2542,285
2827,1456.31,ga_tcheby_proxy,mesh9,7,6,0,"[7-6]",1,22,1.61449,0.97,0.616766,1,0.5,2543,285
2828,1456.69,ga_tcheby_proxy,mesh9,2,4,0,"[2-1-4]",2,42,3.21103,0.97,0.636364,2,0.5,2544,285
2829,1456.8,ga_tcheby_proxy,mesh9,2,8,0,"[2-5-8]",2,40,3.19307,0.975,0.637394,2,0.5,2545,285
2830,1457,ga_tcheby_proxy,mesh9,4,0,0,"[4-1-0]",2,42,3.21103,0.97,0.631124,2,0.5,2546,285
2831,1457.92,ga_tcheby_proxy,mesh9,1,8,0,"[1-4-7-8]",3,62,4.80756,0.97,0.637394,3,0.5,2547,285
2832,1458.04,ga_tcheby_proxy,mesh9,2,6,0,"[2-1-0-3-6]",4,84,6.42205,0.97,0.636364,4,0.5,2548,285
2833,1459.23,ga_tcheby_proxy,mesh9,7,0,0,"[7-6-3-0]",3,62,4.80756,0.97,0.632184,3,0.5,2549,285
2834,1459.45,ga_tcheby_proxy,mesh9,0,5,0,"[0-3-4-5]",3,64,4.82552,0.97,0.637394,3,0.5,2550,285
2835,1460.12,ga_tcheby_proxy,mesh9,5,2,0,"[5-2]",1,20,1.59654,0.975,0.587097,1,0.5,2551,285
2836,1460.42,ga_tcheby_proxy,mesh9,0,6,0,"[0-3-6]",2,40,3.19307,0.975,0.638418,2,0.5,2552,285
2837,1460.76,ga_tcheby_proxy,mesh9,0,2,0,"[0-1-2]",2,44,3.22898,0.97,0.624633,2,0.5,2553,285
2838,1461.28,ga_tcheby_proxy,mesh9,3,0,0,"[3-0]",1,20,1.59654,0.975,0.625731,1,0.5,2554,285
2839,1462.18,ga_tcheby_proxy,mesh9,3,4,0,"[3-4]",1,22,1.61449,0.97,0.630058,1,0.5,2555,285
2840,1462.42,ga_tcheby_proxy,mesh9,5,7,0,"[5-8-7]",2,42,3.21103,0.97,0.626822,2,0.5,2556,285
2841,1462.57,ga_tcheby_proxy,mesh9,0,2,0,"[0-1-2]",2,44,3.22898,0.97,0.625731,2,0.5,2557,285
2842,1463.53,ga_tcheby_proxy,mesh9,3,1,0,"[3-0-1]",2,42,3.21103,0.97,0.626822,2,0.5,2558,285
2843,1463.64,ga_tcheby_proxy,mesh9,7,6,0,"[7-6]",1,22,1.61449,0.97,0.619048,1,0.5,2559,285
2844,1463.78,ga_tcheby_proxy,mesh9,7,1,0,"[7-4-1]",2,40,3.19307,0.975,0.625731,2,0.5,2560,285
2845,1463.94,ga_tcheby_proxy,mesh9,7,2,0,"[7-8-5-2]",3,62,4.80756,0.97,0.61791,3,0.5,2561,285
2846,1464.47,ga_tcheby_proxy,mesh9,0,4,0,"[0-1-4]",2,42,3.21103,0.97,0.638418,2,0.5,2562,285
2847,1464.53,ga_tcheby_proxy,mesh9,4,2,0,"[4-1-2]",2,42,3.28868,0.923621,0.626822,2,0.5,2563,285
2848,1464.96,ga_tcheby_proxy,mesh9,4,8,0,"[4-5-8]",2,42,3.21103,0.97,0.627907,2,0.5,2564,285
2849,1465.64,ga_tcheby_proxy,mesh9,4,8,0,"[4-5-8]",2,42,3.21103,0.97,0.628986,2,0.5,2565,285
2850,1466.11,ga_tcheby_proxy,mesh9,1,3,0,"[1-4-3]",2,42,3.21103,0.97,0.639437,2,0.5,2566,285
2851,1467.06,ga_tcheby_proxy,mesh9,6,0,0,"[6-3-0]",2,40,3.19307,0.975,0.633238,2,0.5,2567,285
2852,1467.06,ga_tcheby_proxy,mesh9,6,4,1,"[]",0,0,0,0,0,0,0.5,2567,286
2853,1467.54,ga_tcheby_proxy,mesh9,3,8,0,"[3-6-7-8]",3,64,4.82552,0.97,0.630058,3,0.5,2568,286
2854,1467.77,ga_tcheby_proxy,mesh9,4,7,0,"[4-7]",1,20,1.59654,0.975,0.630058,1,0.5,2569,286
2855,1467.81,ga_tcheby_proxy,mesh9,4,0,1,"[]",0,0,0,0,0,0,0.5,2569,287
2856,1467.84,ga_tcheby_proxy,mesh9,8,4,1,"[]",0,0,0,0,0,0,0.5,2569,288
2857,1468.16,ga_tcheby_proxy,mesh9,0,5,0,"[0-1-2-5]",3,64,4.82552,0.97,0.638418,3,0.5,2570,288
2858,1468.23,ga_tcheby_proxy,mesh9,8,3,0,"[8-5-4-1-0-3]",5,104,8.28564,0.906637,0.639437,5,0.5,2571,288
2859,1468.92,ga_tcheby_proxy,mesh9,7,5,0,"[7-8-5]",2,42,3.21103,0.97,0.620178,2,0.5,2572,288
2860,1469.39,ga_tcheby_proxy,mesh9,3,5,0,"[3-4-5]",2,44,3.22898,0.97,0.631124,2,0.5,2573,288
2861,1469.82,ga_tcheby_proxy,mesh9,5,4,0,"[5-4]",1,22,1.61449,0.97,0.625731,1,0.5,2574,288
2862,1470.9,ga_tcheby_proxy,mesh9,2,3,0,"[2-5-4-3]",3,64,4.82552,0.97,0.639437,3,0.5,2575,288
2863,1471.61,ga_tcheby_proxy,mesh9,7,3,0,"[7-6-3]",2,42,3.21103,0.97,0.634286,2,0.5,2576,288
2864,1472.74,ga_tcheby_proxy,mesh9,0,3,0,"[0-3]",1,20,1.59654,0.975,0.640449,1,0.5,2577,288
2865,1473.28,ga_tcheby_proxy,mesh9,5,0,0,"[5-2-1-0]",3,64,4.82552,0.97,0.634286,3,0.5,2578,288
2866,1476.76,ga_tcheby_proxy,mesh9,6,7,0,"[6-7]",1,22,1.61449,0.97,0.631124,1,0.5,2579,288
2867,1476.81,ga_tcheby_proxy,mesh9,7,3,1,"[]",0,0,0,0,0,0,0.5,2579,289
2868,1477.16,ga_tcheby_proxy,mesh9,7,8,0,"[7-8]",1,22,1.61449,0.97,0.621302,1,0.5,2580,289
2869,1477.31,ga_tcheby_proxy,mesh9,1,2,0,"[1-2]",1,22,1.61449,0.97,0.628986,1,0.5,2581,289
2870,1477.93,ga_tcheby_proxy,mesh9,7,5,0,"[7-8-5]",2,42,3.21103,0.97,0.622419,2,0.5,2582,289
2871,1478.06,ga_tcheby_proxy,mesh9,4,6,0,"[4-7-6]",2,42,3.21103,0.97,0.631124,2,0.5,2583,289
2872,1478.44,ga_tcheby_proxy,mesh9,3,0,0,"[3-0]",1,20,1.59654,0.975,0.628986,1,0.5,2584,289
2873,1478.68,ga_tcheby_proxy,mesh9,8,7,0,"[8-7]",1,22,1.61449,0.97,0.602484,1,0.5,2585,289
2874,1479.5,ga_tcheby_proxy,mesh9,2,5,0,"[2-5]",1,20,1.59654,0.975,0.640449,1,0.5,2586,289
2875,1479.59,ga_tcheby_proxy,mesh9,7,3,0,"[7-6-3]",2,42,3.21103,0.97,0.635328,2,0.5,2587,289
2876,1479.67,ga_tcheby_proxy,mesh9,7,4,0,"[7-4]",1,20,1.59654,0.975,0.626822,1,0.5,2588,289
2877,1480.38,ga_tcheby_proxy,mesh9,1,2,0,"[1-2]",1,22,1.61449,0.97,0.630058,1,0.5,2589,289
2878,1480.47,ga_tcheby_proxy,mesh9,6,5,0,"[6-7-8-5]",3,64,4.82552,0.97,0.632184,3,0.5,2590,289
2879,1480.57,ga_tcheby_proxy,mesh9,0,5,0,"[0-1-4-5]",3,64,4.82552,0.97,0.640449,3,0.5,2591,289
2880,1481.9,ga_tcheby_proxy,mesh9,2,5,0,"[2-5]",1,20,1.59654,0.975,0.641457,1,0.5,2592,289
2881,1482.72,ga_tcheby_proxy,mesh9,0,3,0,"[0-3]",1,20,1.59654,0.975,0.641457,1,0.5,2593,289
2882,1483.28,ga_tcheby_proxy,mesh9,2,8,0,"[2-5-8]",2,40,3.19307,0.975,0.642458,2,0.5,2594,289
2883,1483.76,ga_tcheby_proxy,mesh9,5,6,0,"[5-8-7-6]",3,64,4.82552,0.97,0.631124,3,0.5,2595,289
2884,1484.29,ga_tcheby_proxy,mesh9,0,6,0,"[0-3-6]",2,40,3.19307,0.975,0.642458,2,0.5,2596,289
2885,1484.81,ga_tcheby_proxy,mesh9,3,2,0,"[3-0-1-2]",3,64,4.82552,0.97,0.631124,3,0.5,2597,289
2886,1484.88,ga_tcheby_proxy,mesh9,3,5,1,"[]",0,0,0,0,0,0,0.5,2597,290
2887,1484.97,ga_tcheby_proxy,mesh9,2,8,0,"[2-5-8]",2,40,3.19307,0.975,0.643454,2,0.5,2598,290
2888,1485.45,ga_tcheby_proxy,mesh9,2,7,0,"[2-1-4-7]",3,62,4.80756,0.97,0.641457,3,0.5,2599,290
2889,1486.72,ga_tcheby_proxy,mesh9,5,1,0,"[5-4-1]",2,42,3.21103,0.97,0.627907,2,0.5,2600,290
2890,1486.75,ga_tcheby_proxy,mesh9,2,5,1,"[]",0,0,0,0,0,0,0.5,2600,291
2891,1487.17,ga_tcheby_proxy,mesh9,0,8,0,"[0-1-4-7-8]",4,84,6.42205,0.97,0.642458,4,0.5,2601,291
2892,1488.21,ga_tcheby_proxy,mesh9,6,8,0,"[6-7-8]",2,44,3.22898,0.97,0.633238,2,0.5,2602,291
2893,1488.65,ga_tcheby_proxy,mesh9,4,0,0,"[4-1-0]",2,42,3.21103,0.97,0.635328,2,0.5,2603,291
2894,1489.27,ga_tcheby_proxy,mesh9,7,5,0,"[7-8-5]",2,42,3.21103,0.97,0.626822,2,0.5,2604,291
2895,1490.99,ga_tcheby_proxy,mesh9,7,1,0,"[7-4-1]",2,40,3.19307,0.975,0.628986,2,0.5,2605,291
2896,1492.25,ga_tcheby_proxy,mesh9,5,2,0,"[5-2]",1,20,1.59654,0.975,0.591054,1,0.5,2606,291
2897,1492.66,ga_tcheby_proxy,mesh9,1,8,0,"[1-4-5-8]",3,62,4.80756,0.97,0.643454,3,0.5,2607,291
2898,1492.98,ga_tcheby_proxy,mesh9,0,8,0,"[0-3-6-7-8]",4,84,6.42205,0.97,0.643454,4,0.5,2608,291
2899,1494.09,ga_tcheby_proxy,mesh9,2,1,0,"[2-1]",1,22,1.61449,0.97,0.628986,1,0.5,2609,291
2900,1494.66,ga_tcheby_proxy,mesh9,5,0,0,"[5-2-1-0]",3,64,4.82552,0.97,0.636364,3,0.5,2610,291
2901,1494.7,ga_tcheby_proxy,mesh9,4,1,1,"[]",0,0,0,0,0,0,0.5,2610,292
2902,1495.15,ga_tcheby_proxy,mesh9,4,3,0,"[4-3]",1,22,1.61449,0.97,0.636364,1,0.5,2611,292
2903,1495.43,ga_tcheby_proxy,mesh9,6,7,0,"[6-7]",1,22,1.61449,0.97,0.635328,1,0.5,2612,292
2904,1495.74,ga_tcheby_proxy,mesh9,4,1,0,"[4-1]",1,20,1.59654,0.975,0.630058,1,0.5,2613,292
2905,1495.81,ga_tcheby_proxy,mesh9,5,6,0,"[5-8-7-6]",3,64,4.82552,0.97,0.634286,3,0.5,2614,292
2906,1496.02,ga_tcheby_proxy,mesh9,0,7,0,"[0-3-6-7]",3,62,4.80756,0.97,0.644444,3,0.5,2615,292
2907,1496.11,ga_tcheby_proxy,mesh9,7,3,0,"[7-6-3]",2,42,3.21103,0.97,0.636364,2,0.5,2616,292
2908,1496.41,ga_tcheby_proxy,mesh9,7,1,0,"[7-4-1]",2,40,3.19307,0.975,0.631124,2,0.5,2617,292
2909,1496.95,ga_tcheby_proxy,mesh9,1,4,0,"[1-4]",1,20,1.59654,0.975,0.644444,1,0.5,2618,292
2910,1497.15,ga_tcheby_proxy,mesh9,5,4,0,"[5-4]",1,22,1.61449,0.97,0.628986,1,0.5,2619,292
2911,1497.78,ga_tcheby_proxy,mesh9,8,0,0,"[8-7-4-1-0]",4,84,6.42205,0.97,0.637394,4,0.5,2620,292
2912,1497.83,ga_tcheby_proxy,mesh9,5,0,1,"[]",0,0,0,0,0,0,0.5,2620,293
2913,1497.88,ga_tcheby_proxy,mesh9,7,2,1,"[]",0,0,0,0,0,0,0.5,2620,294
2914,1498.09,ga_tcheby_proxy,mesh9,3,2,0,"[3-0-1-2]",3,64,4.82552,0.97,0.632184,3,0.5,2621,294
2915,1499.17,ga_tcheby_proxy,mesh9,5,8,0,"[5-8]",1,20,1.59654,0.975,0.635328,1,0.5,2622,294
2916,1499.19,ga_tcheby_proxy,mesh9,7,5,1,"[]",0,0,0,0,0,0,0.5,2622,295
2917,1499.65,ga_tcheby_proxy,mesh9,2,0,0,"[2-1-0]",2,44,3.22898,0.97,0.638418,2,0.5,2623,295
2918,1499.77,ga_tcheby_proxy,mesh9,7,5,0,"[7-8-5]",2,42,3.21103,0.97,0.628986,2,0.5,2624,295
2919,1499.83,ga_tcheby_proxy,mesh9,2,8,0,"[2-1-4-7-8]",4,84,6.58006,0.902312,0.645429,4,0.5,2625,295
2920,1500.46,ga_tcheby_proxy,mesh9,3,5,0,"[3-4-5]",2,44,3.22898,0.97,0.633238,2,0.5,2626,295
2921,1501.69,ga_tcheby_proxy,mesh9,0,3,0,"[0-3]",1,20,1.59654,0.975,0.645429,1,0.5,2627,295
2922,1502.44,ga_tcheby_proxy,mesh9,5,2,0,"[5-2]",1,20,1.59654,0.975,0.593651,1,0.5,2628,295
2923,1502.47,ga_tcheby_proxy,mesh9,3,7,1,"[]",0,0,0,0,0,0,0.5,2628,296
2924,1502.54,ga_tcheby_proxy,mesh9,6,3,0,"[6-3]",1,20,1.70614,0.910155,0.637394,1,0.5,2629,296
2925,1503.02,ga_tcheby_proxy,mesh9,0,1,0,"[0-1]",1,22,1.61449,0.97,0.632184,1,0.5,2630,296
2926,1503.21,ga_tcheby_proxy,mesh9,1,3,0,"[1-4-3]",2,42,3.21103,0.97,0.646409,2,0.5,2631,296
2927,1503.73,ga_tcheby_proxy,mesh9,0,4,0,"[0-3-4]",2,42,3.21103,0.97,0.646409,2,0.5,2632,296
2928,1503.95,ga_tcheby_proxy,mesh9,2,8,0,"[2-5-8]",2,40,3.19307,0.975,0.644444,2,0.5,2633,296
2929,1504.61,ga_tcheby_proxy,mesh9,0,2,0,"[0-1-2]",2,44,3.22898,0.97,0.633238,2,0.5,2634,296
2930,1504.91,ga_tcheby_proxy,mesh9,2,8,0,"[2-5-8]",2,40,3.19307,0.975,0.645429,2,0.5,2635,296
2931,1505.81,ga_tcheby_proxy,mesh9,6,7,0,"[6-7]",1,22,1.61449,0.97,0.637394,1,0.5,2636,296
2932,1506.73,ga_tcheby_proxy,mesh9,6,3,0,"[6-3]",1,20,1.59654,0.975,0.638418,1,0.5,2637,296
2933,1506.79,ga_tcheby_proxy,mesh9,0,2,1,"[]",0,0,0,0,0,0,0.5,2637,297
2934,1507.06,ga_tcheby_proxy,mesh9,1,7,0,"[1-4-7]",2,40,3.19307,0.975,0.647383,2,0.5,2638,297
2935,1509,ga_tcheby_proxy,mesh9,4,0,0,"[4-3-0]",2,42,3.21103,0.97,0.638418,2,0.5,2639,297
2936,1509.61,ga_tcheby_proxy,mesh9,1,6,0,"[1-0-3-6]",3,62,4.80756,0.97,0.647383,3,0.5,2640,297
2937,1509.76,ga_tcheby_proxy,mesh9,3,7,0,"[3-4-7]",2,42,3.21103,0.97,0.636364,2,0.5,2641,297
2938,1509.81,ga_tcheby_proxy,mesh9,4,7,1,"[]",0,0,0,0,0,0,0.5,2641,298
2939,1510.26,ga_tcheby_proxy,mesh9,3,1,0,"[3-0-1]",2,42,3.21103,0.97,0.634286,2,0.5,2642,298
2940,1510.5,ga_tcheby_proxy,mesh9,1,4,0,"[1-4]",1,20,1.59654,0.975,0.648352,1,0.5,2643,298
2941,1511.06,ga_tcheby_proxy,mesh9,2,8,0,"[2-5-8]",2,40,3.19307,0.975,0.646409,2,0.5,2644,298
2942,1511.82,ga_tcheby_proxy,mesh9,7,5,0,"[7-8-5]",2,42,3.21103,0.97,0.631124,2,0.5,2645,298
2943,1511.98,ga_tcheby_proxy,mesh9,1,6,0,"[1-0-3-6]",3,62,4.80756,0.97,0.648352,3,0.5,2646,298
2944,1512.07,ga_tcheby_proxy,mesh9,1,2,0,"[1-2]",1,22,1.61449,0.97,0.634286,1,0.5,2647,298
2945,1512.55,ga_tcheby_proxy,mesh9,1,0,0,"[1-0]",1,22,1.61449,0.97,0.641457,1,0.5,2648,298
2946,1512.59,ga_tcheby_proxy,mesh9,1,8,1,"[]",0,0,0,0,0,0,0.5,2648,299
2947,1512.7,ga_tcheby_proxy,mesh9,8,3,0,"[8-5-4-3]",3,64,4.82552,0.97,0.639437,3,0.5,2649,299
2948,1513.01,ga_tcheby_proxy,mesh9,2,7,0,"[2-5-8-7]",3,62,4.80756,0.97,0.647383,3,0.5,2650,299
2949,1513.01,ga_tcheby_proxy,mesh9,1,7,0,"[1-4-7]",2,40,3.24686,0.95818,0.649315,2,0.5,2651,299
2950,1514.56,ga_tcheby_proxy,mesh9,0,4,0,"[0-3-4]",2,42,3.21103,0.97,0.649315,2,0.5,2652,299
2951,1514.64,ga_tcheby_proxy,mesh9,3,0,0,"[3-0]",1,20,1.59654,0.975,0.634286,1,0.5,2653,299
2952,1516.18,ga_tcheby_proxy,mesh9,0,3,0,"[0-3]",1,20,1.59654,0.975,0.650273,1,0.5,2654,299
2953,1516.45,ga_tcheby_proxy,mesh9,2,7,0,"[2-5-4-7]",3,62,4.80756,0.97,0.648352,3,0.5,2655,299
2954,1516.53,ga_tcheby_proxy,mesh9,8,0,0,"[8-7-6-3-0]",4,84,6.42205,0.97,0.639437,4,0.5,2656,299
2955,1517.55,ga_tcheby_proxy,mesh9,8,5,0,"[8-5]",1,20,1.59654,0.975,0.614458,1,0.5,2657,299
2956,1517.58,ga_tcheby_proxy,mesh9,8,1,1,"[]",0,0,0,0,0,0,0.5,2657,300
2957,1518.08,ga_tcheby_proxy,mesh9,5,7,0,"[5-4-7]",2,42,3.21103,0.97,0.639437,2,0.5,2658,300
2958,1518.73,ga_tcheby_proxy,mesh9,0,6,0,"[0-3-6]",2,40,3.19307,0.975,0.651226,2,0.5,2659,300
2959,1519.34,ga_tcheby_proxy,mesh9,7,6,0,"[7-6]",1,22,1.61449,0.97,0.627907,1,0.5,2660,300
2960,1519.73,ga_tcheby_proxy,mesh9,2,0,0,"[2-1-0]",2,44,3.22898,0.97,0.642458,2,0.5,2661,300
2961,1519.97,ga_tcheby_proxy,mesh9,8,0,0,"[8-7-6-3-0]",4,84,6.42205,0.97,0.640449,4,0.5,2662,300
2962,1520.42,ga_tcheby_proxy,mesh9,6,4,0,"[6-7-4]",2,42,3.21103,0.97,0.638418,2,0.5,2663,300
2963,1520.88,ga_tcheby_proxy,mesh9,5,3,0,"[5-4-3]",2,44,3.22898,0.97,0.640449,2,0.5,2664,300
2964,1521.2,ga_tcheby_proxy,mesh9,7,0,0,"[7-4-3-0]",3,62,4.80756,0.97,0.641457,3,0.5,2665,300
2965,1521.23,ga_tcheby_proxy,mesh9,8,3,1,"[]",0,0,0,0,0,0,0.5,2665,301
2966,1521.24,ga_tcheby_proxy,mesh9,8,3,1,"[]",0,0,0,0,0,0,0.5,2665,302
2967,1521.39,ga_tcheby_proxy,mesh9,4,6,0,"[4-7-6]",2,42,3.21103,0.97,0.640449,2,0.5,2666,302
2968,1521.47,ga_tcheby_proxy,mesh9,5,2,0,"[5-2]",1,20,1.59654,0.975,0.594937,1,0.5,2667,302
2969,1521.89,ga_tcheby_proxy,mesh9,7,0,0,"[7-6-3-0]",3,62,4.80756,0.97,0.641457,3,0.5,2668,302
2970,1522.25,ga_tcheby_proxy,mesh9,7,8,0,"[7-8]",1,22,1.61449,0.97,0.632184,1,0.5,2669,302
2971,1522.9,ga_tcheby_proxy,mesh9,4,3,0,"[4-3]",1,22,1.61449,0.97,0.642458,1,0.5,2670,302
2972,1523.11,ga_tcheby_proxy,mesh9,1,5,0,"[1-2-5]",2,42,3.21103,0.97,0.649315,2,0.5,2671,302
2973,1523.76,ga_tcheby_proxy,mesh9,1,3,0,"[1-4-3]",2,42,3.21103,0.97,0.650273,2,0.5,2672,302
2974,1524.26,ga_tcheby_proxy,mesh9,4,3,0,"[4-3]",1,22,1.61449,0.97,0.644444,1,0.5,2673,302
2975,1524.66,ga_tcheby_proxy,mesh9,7,6,0,"[7-6]",1,22,1.61449,0.97,0.632184,1,0.5,2674,302
2976,1525.57,ga_tcheby_proxy,mesh9,1,2,0,"[1-2]",1,22,1.61449,0.97,0.636364,1,0.5,2675,302
2977,1525.75,ga_tcheby_proxy,mesh9,8,1,0,"[8-7-4-1]",3,62,4.80756,0.97,0.633238,3,0.5,2676,302
2978,1525.85,ga_tcheby_proxy,mesh9,1,0,0,"[1-0]",1,22,1.61449,0.97,0.643454,1,0.5,2677,302
2979,1526.97,ga_tcheby_proxy,mesh9,4,1,0,"[4-1]",1,20,1.59654,0.975,0.634286,1,0.5,2678,302
2980,1527.05,ga_tcheby_proxy,mesh9,2,4,0,"[2-5-4]",2,42,3.21103,0.97,0.650273,2,0.5,2679,302
2981,1528.35,ga_tcheby_proxy,mesh9,8,0,0,"[8-7-6-3-0]",4,84,6.42205,0.97,0.642458,4,0.5,2680,302
2982,1528.98,ga_tcheby_proxy,mesh9,2,8,0,"[2-5-8]",2,40,3.19307,0.975,0.651226,2,0.5,2681,302
2983,1529.54,ga_tcheby_proxy,mesh9,0,5,0,"[0-1-4-5]",3,64,4.82552,0.97,0.651226,3,0.5,2682,302
2984,1529.7,ga_tcheby_proxy,mesh9,7,0,0,"[7-6-3-0]",3,62,4.80756,0.97,0.643454,3,0.5,2683,302
2985,1529.93,ga_tcheby_proxy,mesh9,8,2,0,"[8-5-2]",2,40,3.19307,0.975,0.615616,2,0.5,2684,302
2986,1530.05,ga_tcheby_proxy,mesh9,1,5,0,"[1-4-5]",2,42,3.21103,0.97,0.652174,2,0.5,2685,302
2987,1530.46,ga_tcheby_proxy,mesh9,7,8,0,"[7-8]",1,22,1.61449,0.97,0.633238,1,0.5,2686,302
2988,1530.59,ga_tcheby_proxy,mesh9,2,0,0,"[2-1-0]",2,44,3.22898,0.97,0.644444,2,0.5,2687,302
2989,1532.77,ga_tcheby_proxy,mesh9,0,4,0,"[0-3-4]",2,42,3.21103,0.97,0.652174,2,0.5,2688,302
2990,1532.81,ga_tcheby_proxy,mesh9,1,8,1,"[]",0,0,0,0,0,0,0.5,2688,303
2991,1533.55,ga_tcheby_proxy,mesh9,4,5,0,"[4-5]",1,22,1.61449,0.97,0.636364,1,0.5,2689,303
2992,1534.01,ga_tcheby_proxy,mesh9,4,1,0,"[4-1]",1,20,1.59654,0.975,0.635328,1,0.5,2690,303
2993,1534.72,ga_tcheby_proxy,mesh9,6,2,0,"[6-7-4-1-2]",4,84,6.42205,0.97,0.639437,4,0.5,2691,303
2994,1534.84,ga_tcheby_proxy,mesh9,1,5,0,"[1-2-5]",2,42,3.21103,0.97,0.652174,2,0.5,2692,303
2995,1534.9,ga_tcheby_proxy,mesh9,4,0,0,"[4-3-0]",2,42,3.35582,0.900689,0.645429,2,0.5,2693,303
2996,1535.08,ga_tcheby_proxy,mesh9,3,0,0,"[3-0]",1,20,1.59654,0.975,0.642458,1,0.5,2694,303
2997,1535.23,ga_tcheby_proxy,mesh9,8,5,0,"[8-5]",1,20,1.59654,0.975,0.616766,1,0.5,2695,303
2998,1535.65,ga_tcheby_proxy,mesh9,5,4,0,"[5-4]",1,22,1.61449,0.97,0.635328,1,0.5,2696,303
2999,1536.19,ga_tcheby_proxy,mesh9,0,8,0,"[0-3-4-7-8]",4,84,6.42205,0.97,0.653117,4,0.5,2697,303
3000,1536.2,ga_tcheby_proxy,mesh9,2,7,1,"[]",0,0,0,0,0,0,0.5,2697,304
3001,1537.04,ga_tcheby_proxy,mesh9,0,7,0,"[0-1-4-7]",3,62,4.80756,0.97,0.653117,3,0.5,2698,304
3002,1537.3,ga_tcheby_proxy,mesh9,2,6,0,"[2-5-8-7-6]",4,84,6.42205,0.97,0.653117,4,0.5,2699,304
3003,1539.16,ga_tcheby_proxy,mesh9,3,6,0,"[3-6]",1,20,1.59654,0.975,0.633238,1,0.5,2700,304
3004,1540.01,ga_tcheby_proxy,mesh9,1,2,0,"[1-2]",1,22,1.61449,0.97,0.639437,1,0.5,2701,304
3005,1540.16,ga_tcheby_proxy,mesh9,0,6,0,"[0-3-6]",2,40,3.19307,0.975,0.654054,2,0.5,2702,304
3006,1540.27,ga_tcheby_proxy,mesh9,0,8,0,"[0-1-4-7-8]",4,84,6.42205,0.97,0.654054,4,0.5,2703,304
3007,1540.72,ga_tcheby_proxy,mesh9,4,7,0,"[4-7]",1,20,1.59654,0.975,0.644444,1,0.5,2704,304
3008,1540.79,ga_tcheby_proxy,mesh9,3,4,0,"[3-4]",1,22,1.72612,0.904694,0.638418,1,0.5,2705,304
3009,1540.94,ga_tcheby_proxy,mesh9,3,8,0,"[3-6-7-8]",3,64,4.82552,0.97,0.640449,3,0.5,2706,304
3010,1541.18,ga_tcheby_proxy,mesh9,4,8,0,"[4-5-8]",2,42,3.21103,0.97,0.642458,2,0.5,2707,304
3011,1541.82,ga_tcheby_proxy,mesh9,3,0,0,"[3-0]",1,20,1.59654,0.975,0.643454,1,0.5,2708,304
3012,1542.66,ga_tcheby_proxy,mesh9,0,8,0,"[0-1-2-5-8]",4,84,6.42205,0.97,0.654054,4,0.5,2709,304
3013,1543.1,ga_tcheby_proxy,mesh9,0,7,0,"[0-3-4-7]",3,62,4.80756,0.97,0.654987,3,0.5,2710,304
3014,1543.11,ga_tcheby_proxy,mesh9,3,2,1,"[]",0,0,0,0,0,0,0.5,2710,305
3015,1543.23,ga_tcheby_proxy,mesh9,0,1,0,"[0-1]",1,22,1.61449,0.97,0.639437,1,0.5,2711,305
3016,1543.49,ga_tcheby_proxy,mesh9,0,4,0,"[0-1-4]",2,42,3.21103,0.97,0.654987,2,0.5,2712,305
3017,1544.74,ga_tcheby_proxy,mesh9,4,2,0,"[4-5-2]",2,42,3.21103,0.97,0.638418,2,0.5,2713,305
3018,1544.76,ga_tcheby_proxy,mesh9,0,6,1,"[]",0,0,0,0,0,0,0.5,2713,306
3019,1546.55,ga_tcheby_proxy,mesh9,3,5,0,"[3-4-5]",2,44,3.22898,0.97,0.640449,2,0.5,2714,306
3020,1546.77,ga_tcheby_proxy,mesh9,4,0,0,"[4-1-0]",2,42,3.21103,0.97,0.645429,2,0.5,2715,306
3021,1548.54,ga_tcheby_proxy,mesh9,0,1,0,"[0-1]",1,22,1.61449,0.97,0.641457,1,0.5,2716,306
3022,1548.91,ga_tcheby_proxy,mesh9,4,1,0,"[4-1]",1,20,1.59654,0.975,0.638418,1,0.5,2717,306
3023,1550.23,ga_tcheby_proxy,mesh9,5,0,0,"[5-4-3-0]",3,64,4.82552,0.97,0.646409,3,0.5,2718,306
3024,1550.56,ga_tcheby_proxy,mesh9,2,4,0,"[2-5-4]",2,42,3.21103,0.97,0.654987,2,0.5,2719,306
3025,1550.61,ga_tcheby_proxy,mesh9,4,7,1,"[]",0,0,0,0,0,0,0.5,2719,307
3026,1550.87,ga_tcheby_proxy,mesh9,8,7,0,"[8-7]",1,22,1.61449,0.97,0.614458,1,0.5,2720,307
3027,1550.98,ga_tcheby_proxy,mesh9,0,6,0,"[0-3-6]",2,40,3.19307,0.975,0.655914,2,0.5,2721,307
3028,1551,ga_tcheby_proxy,mesh9,1,0,1,"[]",0,0,0,0,0,0,0.5,2721,308
3029,1551.62,ga_tcheby_proxy,mesh9,4,8,0,"[4-5-8]",2,42,3.21103,0.97,0.644444,2,0.5,2722,308
3030,1551.86,ga_tcheby_proxy,mesh9,8,4,0,"[8-7-4]",2,42,3.21103,0.97,0.635328,2,0.5,2723,308
3031,1551.9,ga_tcheby_proxy,mesh9,7,8,1,"[]",0,0,0,0,0,0,0.5,2723,309
3032,1552.86,ga_tcheby_proxy,mesh9,8,1,0,"[8-5-2-1]",3,62,4.80756,0.97,0.635328,3,0.5,2724,309
3033,1553.51,ga_tcheby_proxy,mesh9,0,6,0,"[0-3-6]",2,40,3.19307,0.975,0.656836,2,0.5,2725,309
3034,1553.57,ga_tcheby_proxy,mesh9,4,8,1,"[]",0,0,0,0,0,0,0.5,2725,310
3035,1554.36,ga_tcheby_proxy,mesh9,8,4,0,"[8-7-4]",2,42,3.21103,0.97,0.636364,2,0.5,2726,310
3036,1554.6,ga_tcheby_proxy,mesh9,3,6,0,"[3-6]",1,20,1.59654,0.975,0.638418,1,0.5,2727,310
3037,1554.87,ga_tcheby_proxy,mesh9,5,6,0,"[5-8-7-6]",3,64,4.82552,0.97,0.645429,3,0.5,2728,310
3038,1555.04,ga_tcheby_proxy,mesh9,7,5,0,"[7-8-5]",2,42,3.21103,0.97,0.637394,2,0.5,2729,310
3039,1555.86,ga_tcheby_proxy,mesh9,3,4,0,"[3-4]",1,22,1.61449,0.97,0.641457,1,0.5,2730,310
3040,1556.14,ga_tcheby_proxy,mesh9,2,4,0,"[2-1-4]",2,42,3.21103,0.97,0.655914,2,0.5,2731,310
3041,1556.81,ga_tcheby_proxy,mesh9,7,0,0,"[7-6-3-0]",3,62,4.80756,0.97,0.645429,3,0.5,2732,310
3042,1557,ga_tcheby_proxy,mesh9,3,0,0,"[3-0]",1,20,1.59654,0.975,0.646409,1,0.5,2733,310
3043,1557.96,ga_tcheby_proxy,mesh9,2,7,0,"[2-5-8-7]",3,62,4.80756,0.97,0.655914,3,0.5,2734,310
3044,1558.06,ga_tcheby_proxy,mesh9,4,8,0,"[4-7-8]",2,42,3.21103,0.97,0.646409,2,0.5,2735,310
3045,1558.7,ga_tcheby_proxy,mesh9,3,4,0,"[3-4]",1,22,1.61449,0.97,0.642458,1,0.5,2736,310
3046,1559.98,ga_tcheby_proxy,mesh9,5,8,0,"[5-8]",1,20,1.59654,0.975,0.647383,1,0.5,2737,310
3047,1560.62,ga_tcheby_proxy,mesh9,2,0,0,"[2-1-0]",2,44,3.22898,0.97,0.646409,2,0.5,2738,310
3048,1561.77,ga_tcheby_proxy,mesh9,5,2,0,"[5-2]",1,20,1.59654,0.975,0.6,1,0.5,2739,310
3049,1561.85,ga_tcheby_proxy,mesh9,7,5,0,"[7-8-5]",2,42,3.21103,0.97,0.639437,2,0.5,2740,310
3050,1561.99,ga_tcheby_proxy,mesh9,8,4,0,"[8-7-4]",2,42,3.21103,0.97,0.637394,2,0.5,2741,310
3051,1562.04,ga_tcheby_proxy,mesh9,0,5,1,"[]",0,0,0,0,0,0,0.5,2741,311
3052,1563.79,ga_tcheby_proxy,mesh9,0,6,0,"[0-3-6]",2,40,3.19307,0.975,0.657754,2,0.5,2742,311
3053,1563.9,ga_tcheby_proxy,mesh9,0,1,0,"[0-1]",1,22,1.61449,0.97,0.642458,1,0.5,2743,311
3054,1564.86,ga_tcheby_proxy,mesh9,1,8,0,"[1-4-7-8]",3,62,4.80756,0.97,0.656836,3,0.5,2744,311
3055,1565.28,ga_tcheby_proxy,mesh9,8,7,0,"[8-7]",1,22,1.61449,0.97,0.621302,1,0.5,2745,311
3056,1566.08,ga_tcheby_proxy,mesh9,6,5,0,"[6-7-4-5]",3,64,4.82552,0.97,0.641457,3,0.5,2746,311
3057,1566.58,ga_tcheby_proxy,mesh9,8,4,0,"[8-5-4]",2,42,3.21103,0.97,0.638418,2,0.5,2747,311
3058,1567.2,ga_tcheby_proxy,mesh9,2,0,0,"[2-1-0]",2,44,3.22898,0.97,0.647383,2,0.5,2748,311
3059,1567.99,ga_tcheby_proxy,mesh9,7,5,0,"[7-8-5]",2,42,3.21103,0.97,0.641457,2,0.5,2749,311
3060,1569.43,ga_tcheby_proxy,mesh9,5,4,0,"[5-4]",1,22,1.61449,0.97,0.639437,1,0.5,2750,311
3061,1570.25,ga_tcheby_proxy,mesh9,5,7,0,"[5-8-7]",2,42,3.21103,0.97,0.648352,2,0.5,2751,311
3062,1570.36,ga_tcheby_proxy,mesh9,8,7,0,"[8-7]",1,22,1.61449,0.97,0.623529,1,0.5,2752,311
3063,1570.46,ga_tcheby_proxy,mesh9,1,2,0,"[1-2]",1,22,1.61449,0.97,0.641457,1,0.5,2753,311
3064,1571.93,ga_tcheby_proxy,mesh9,2,7,0,"[2-5-8-7]",3,62,4.80756,0.97,0.656836,3,0.5,2754,311
3065,1572.12,ga_tcheby_proxy,mesh9,1,7,0,"[1-4-7]",2,40,3.19307,0.975,0.657754,2,0.5,2755,311
3066,1572.37,ga_tcheby_proxy,mesh9,4,8,0,"[4-7-8]",2,42,3.21103,0.97,0.649315,2,0.5,2756,311
3067,1572.37,ga_tcheby_proxy,mesh9,0,3,0,"[0-3]",1,20,1.70825,0.909171,0.667568,1,0.5,2757,311
3068,1572.82,ga_tcheby_proxy,mesh9,8,7,0,"[8-7]",1,22,1.61449,0.97,0.625731,1,0.5,2758,311
3069,1572.97,ga_tcheby_proxy,mesh9,1,6,0,"[1-4-3-6]",3,62,4.80756,0.97,0.658667,3,0.5,2759,311
3070,1573.9,ga_tcheby_proxy,mesh9,5,4,0,"[5-4]",1,22,1.61449,0.97,0.640449,1,0.5,2760,311
3071,1574.66,ga_tcheby_proxy,mesh9,8,2,0,"[8-5-2]",2,40,3.19307,0.975,0.623529,2,0.5,2761,311
3072,1575.01,ga_tcheby_proxy,mesh9,1,3,0,"[1-0-3]",2,42,3.21103,0.97,0.659574,2,0.5,2762,311
3073,1575.7,ga_tcheby_proxy,mesh9,5,2,0,"[5-2]",1,20,1.59654,0.975,0.602484,1,0.5,2763,311
3074,1576.01,ga_tcheby_proxy,mesh9,4,0,0,"[4-3-0]",2,42,3.21103,0.97,0.648352,2,0.5,2764,311
3075,1576.72,ga_tcheby_proxy,mesh9,1,5,0,"[1-2-5]",2,42,3.21103,0.97,0.657754,2,0.5,2765,311
3076,1576.91,ga_tcheby_proxy,mesh9,3,4,0,"[3-4]",1,22,1.61449,0.97,0.643454,1,0.5,2766,311
3077,1577.28,ga_tcheby_proxy,mesh9,4,7,0,"[4-7]",1,20,1.59654,0.975,0.650273,1,0.5,2767,311
3078,1578.32,ga_tcheby_proxy,mesh9,2,5,0,"[2-5]",1,20,1.59654,0.975,0.658667,1,0.5,2768,311
3079,1578.59,ga_tcheby_proxy,mesh9,3,4,0,"[3-4]",1,22,1.61449,0.97,0.644444,1,0.5,2769,311
3080,1579.45,ga_tcheby_proxy,mesh9,8,0,0,"[8-7-6-3-0]",4,84,6.42205,0.97,0.648352,4,0.5,2770,311
3081,1579.51,ga_tcheby_proxy,mesh9,6,0,1,"[]",0,0,0,0,0,0,0.5,2770,312
3082,1580.04,ga_tcheby_proxy,mesh9,5,8,0,"[5-8]",1,20,1.59654,0.975,0.650273,1,0.5,2771,312
3083,1580.1,ga_tcheby_proxy,mesh9,3,5,1,"[]",0,0,0,0,0,0,0.5,2771,313
3084,1581.63,ga_tcheby_proxy,mesh9,2,7,0,"[2-1-4-7]",3,62,4.80756,0.97,0.659574,3,0.5,2772,313
3085,1581.81,ga_tcheby_proxy,mesh9,7,8,0,"[7-8]",1,22,1.61449,0.97,0.643454,1,0.5,2773,313
3086,1582.22,ga_tcheby_proxy,mesh9,7,5,0,"[7-4-5]",2,42,3.21103,0.97,0.642458,2,0.5,2774,313
3087,1582.61,ga_tcheby_proxy,mesh9,8,6,0,"[8-7-6]",2,44,3.22898,0.97,0.639437,2,0.5,2775,313
3088,1582.74,ga_tcheby_proxy,mesh9,5,4,0,"[5-4]",1,22,1.61449,0.97,0.641457,1,0.5,2776,313
3089,1583.38,ga_tcheby_proxy,mesh9,4,5,0,"[4-5]",1,22,1.61449,0.97,0.643454,1,0.5,2777,313
3090,1584.1,ga_tcheby_proxy,mesh9,3,0,0,"[3-0]",1,20,1.59654,0.975,0.649315,1,0.5,2778,313
3091,1585.02,ga_tcheby_proxy,mesh9,7,3,0,"[7-6-3]",2,42,3.21103,0.97,0.646409,2,0.5,2779,313
3092,1585.38,ga_tcheby_proxy,mesh9,5,8,0,"[5-8]",1,20,1.59654,0.975,0.651226,1,0.5,2780,313
3093,1585.68,ga_tcheby_proxy,mesh9,5,3,0,"[5-4-3]",2,44,3.22898,0.97,0.649315,2,0.5,2781,313
3094,1585.91,ga_tcheby_proxy,mesh9,5,1,0,"[5-2-1]",2,42,3.21103,0.97,0.640449,2,0.5,2782,313
3095,1585.91,ga_tcheby_proxy,mesh9,3,2,0,"[3-4-5-2]",3,64,5.11048,0.913731,0.650838,3,0.5,2783,313
3096,1586.12,ga_tcheby_proxy,mesh9,6,4,0,"[6-7-4]",2,42,3.21103,0.97,0.642458,2,0.5,2784,313
3097,1586.22,ga_tcheby_proxy,mesh9,1,7,0,"[1-4-7]",2,40,3.19307,0.975,0.660477,2,0.5,2785,313
3098,1586.4,ga_tcheby_proxy,mesh9,4,1,0,"[4-1]",1,20,1.59654,0.975,0.639437,1,0.5,2786,313
3099,1586.98,ga_tcheby_proxy,mesh9,7,1,0,"[7-4-1]",2,40,3.19307,0.975,0.641457,2,0.5,2787,313
3100,1587.08,ga_tcheby_proxy,mesh9,6,3,0,"[6-3]",1,20,1.59654,0.975,0.647383,1,0.5,2788,313
3101,1587.9,ga_tcheby_proxy,mesh9,3,6,0,"[3-6]",1,20,1.59654,0.975,0.641457,1,0.5,2789,313
3102,1588.45,ga_tcheby_proxy,mesh9,2,1,0,"[2-1]",1,22,1.61449,0.97,0.641457,1,0.5,2790,313
3103,1589.21,ga_tcheby_proxy,mesh9,5,2,0,"[5-2]",1,20,1.59654,0.975,0.606154,1,0.5,2791,313
3104,1589.31,ga_tcheby_proxy,mesh9,7,5,0,"[7-8-5]",2,42,3.21103,0.97,0.644444,2,0.5,2792,313
3105,1589.5,ga_tcheby_proxy,mesh9,4,8,0,"[4-5-8]",2,42,3.21103,0.97,0.652174,2,0.5,2793,313
3106,1589.53,ga_tcheby_proxy,mesh9,7,2,1,"[]",0,0,0,0,0,0,0.5,2793,314
3107,1589.71,ga_tcheby_proxy,mesh9,5,0,0,"[5-2-1-0]",3,64,4.82552,0.97,0.649315,3,0.5,2794,314
3108,1591.13,ga_tcheby_proxy,mesh9,6,2,0,"[6-7-4-1-2]",4,84,6.42205,0.97,0.643454,4,0.5,2795,314
3109,1591.49,ga_tcheby_proxy,mesh9,8,5,0,"[8-5]",1,20,1.59654,0.975,0.625731,1,0.5,2796,314
3110,1592,ga_tcheby_proxy,mesh9,5,0,0,"[5-4-3-0]",3,64,4.82552,0.97,0.650273,3,0.5,2797,314
3111,1592.23,ga_tcheby_proxy,mesh9,8,0,0,"[8-7-4-1-0]",4,84,6.42205,0.97,0.650273,4,0.5,2798,314
3112,1592.61,ga_tcheby_proxy,mesh9,4,0,0,"[4-3-0]",2,42,3.21103,0.97,0.651226,2,0.5,2799,314
3113,1592.85,ga_tcheby_proxy,mesh9,6,5,0,"[6-7-8-5]",3,64,4.82552,0.97,0.645429,3,0.5,2800,314
3114,1593.95,ga_tcheby_proxy,mesh9,8,2,0,"[8-5-2]",2,40,3.19307,0.975,0.627907,2,0.5,2801,314
3115,1594.44,ga_tcheby_proxy,mesh9,8,0,0,"[8-7-4-1-0]",4,84,6.42205,0.97,0.651226,4,0.5,2802,314
3116,1594.61,ga_tcheby_proxy,mesh9,6,1,0,"[6-7-4-1]",3,62,4.80756,0.97,0.645429,3,0.5,2803,314
3117,1595.06,ga_tcheby_proxy,mesh9,2,4,0,"[2-5-4]",2,42,3.21103,0.97,0.659574,2,0.5,2804,314
3118,1595.78,ga_tcheby_proxy,mesh9,2,6,0,"[2-5-8-7-6]",4,84,6.42205,0.97,0.660477,4,0.5,2805,314
3119,1595.82,ga_tcheby_proxy,mesh9,6,0,1,"[]",0,0,0,0,0,0,0.5,2805,315
3120,1596.07,ga_tcheby_proxy,mesh9,4,8,0,"[4-7-8]",2,42,3.21103,0.97,0.653117,2,0.5,2806,315
3121,1596.13,ga_tcheby_proxy,mesh9,2,3,0,"[2-1-4-3]",3,64,4.93558,0.919239,0.661376,3,0.5,2807,315
3122,1596.63,ga_tcheby_proxy,mesh9,1,2,0,"[1-2]",1,22,1.61449,0.97,0.644444,1,0.5,2808,315
3123,1597.24,ga_tcheby_proxy,mesh9,0,1,0,"[0-1]",1,22,1.61449,0.97,0.643454,1,0.5,2809,315
3124,1597.5,ga_tcheby_proxy,mesh9,2,7,0,"[2-5-4-7]",3,62,4.80756,0.97,0.661376,3,0.5,2810,315
3125,1598.96,ga_tcheby_proxy,mesh9,7,5,0,"[7-4-5]",2,42,3.21103,0.97,0.646409,2,0.5,2811,315
3126,1599.18,ga_tcheby_proxy,mesh9,5,1,0,"[5-2-1]",2,42,3.21103,0.97,0.644444,2,0.5,2812,315
3127,1599.87,ga_tcheby_proxy,mesh9,3,4,0,"[3-4]",1,22,1.61449,0.97,0.646409,1,0.5,2813,315
3128,1601.04,ga_tcheby_proxy,mesh9,6,1,0,"[6-7-4-1]",3,62,4.80756,0.97,0.647383,3,0.5,2814,315
3129,1601.63,ga_tcheby_proxy,mesh9,7,2,0,"[7-8-5-2]",3,62,4.80756,0.97,0.647383,3,0.5,2815,315
3130,1601.79,ga_tcheby_proxy,mesh9,0,7,0,"[0-3-4-7]",3,62,4.80756,0.97,0.660477,3,0.5,2816,315
3131,1602.53,ga_tcheby_proxy,mesh9,1,8,0,"[1-4-5-8]",3,62,4.80756,0.97,0.662269,3,0.5,2817,315
3132,1602.78,ga_tcheby_proxy,mesh9,7,4,0,"[7-4]",1,20,1.59654,0.975,0.648352,1,0.5,2818,315
3133,1602.87,ga_tcheby_proxy,mesh9,3,1,0,"[3-4-1]",2,42,3.21103,0.97,0.648352,2,0.5,2819,315
3134,1603.32,ga_tcheby_proxy,mesh9,4,0,0,"[4-1-0]",2,42,3.21103,0.97,0.652174,2,0.5,2820,315
3135,1603.77,ga_tcheby_proxy,mesh9,5,2,0,"[5-2]",1,20,1.59654,0.975,0.612121,1,0.5,2821,315
3136,1605.02,ga_tcheby_proxy,mesh9,3,7,0,"[3-6-7]",2,42,3.21103,0.97,0.647383,2,0.5,2822,315
3137,1606.43,ga_tcheby_proxy,mesh9,7,2,0,"[7-8-5-2]",3,62,4.80756,0.97,0.648352,3,0.5,2823,315
3138,1606.96,ga_tcheby_proxy,mesh9,0,8,0,"[0-3-6-7-8]",4,84,6.42205,0.97,0.661376,4,0.5,2824,315
3139,1607.07,ga_tcheby_proxy,mesh9,6,3,0,"[6-3]",1,20,1.59654,0.975,0.648352,1,0.5,2825,315
3140,1607.53,ga_tcheby_proxy,mesh9,2,6,0,"[2-5-8-7-6]",4,84,6.42205,0.97,0.662269,4,0.5,2826,315
3141,1607.7,ga_tcheby_proxy,mesh9,6,3,0,"[6-3]",1,20,1.59654,0.975,0.649315,1,0.5,2827,315
3142,1608.52,ga_tcheby_proxy,mesh9,2,0,0,"[2-1-0]",2,44,3.22898,0.97,0.653117,2,0.5,2828,315
3143,1608.83,ga_tcheby_proxy,mesh9,5,4,0,"[5-4]",1,22,1.61449,0.97,0.646409,1,0.5,2829,315
3144,1609.1,ga_tcheby_proxy,mesh9,1,6,0,"[1-0-3-6]",3,62,4.80756,0.97,0.662269,3,0.5,2830,315
3145,1609.22,ga_tcheby_proxy,mesh9,1,6,0,"[1-0-3-6]",3,62,4.80756,0.97,0.663158,3,0.5,2831,315
3146,1609.27,ga_tcheby_proxy,mesh9,0,6,1,"[]",0,0,0,0,0,0,0.5,2831,316
3147,1609.84,ga_tcheby_proxy,mesh9,3,7,0,"[3-6-7]",2,42,3.21103,0.97,0.649315,2,0.5,2832,316
3148,1610.35,ga_tcheby_proxy,mesh9,0,4,0,"[0-1-4]",2,42,3.21103,0.97,0.663158,2,0.5,2833,316
3149,1610.59,ga_tcheby_proxy,mesh9,3,5,0,"[3-4-5]",2,44,3.22898,0.97,0.649315,2,0.5,2834,316
3150,1610.88,ga_tcheby_proxy,mesh9,4,5,0,"[4-5]",1,22,1.61449,0.97,0.649315,1,0.5,2835,316
3151,1611.27,ga_tcheby_proxy,mesh9,1,4,0,"[1-4]",1,20,1.59654,0.975,0.664042,1,0.5,2836,316
3152,1611.33,ga_tcheby_proxy,mesh9,7,3,1,"[]",0,0,0,0,0,0,0.5,2836,317
3153,1611.79,ga_tcheby_proxy,mesh9,7,5,0,"[7-8-5]",2,42,3.21103,0.97,0.650273,2,0.5,2837,317
3154,1612.54,ga_tcheby_proxy,mesh9,3,7,0,"[3-6-7]",2,42,3.21103,0.97,0.650273,2,0.5,2838,317
3155,1612.56,ga_tcheby_proxy,mesh9,2,1,1,"[]",0,0,0,0,0,0,0.5,2838,318
3156,1613.03,ga_tcheby_proxy,mesh9,3,7,0,"[3-6-7]",2,42,3.21103,0.97,0.651226,2,0.5,2839,318
3157,1613.29,ga_tcheby_proxy,mesh9,6,5,0,"[6-3-4-5]",3,64,4.82552,0.97,0.650273,3,0.5,2840,318
3158,1613.31,ga_tcheby_proxy,mesh9,6,4,1,"[]",0,0,0,0,0,0,0.5,2840,319
3159,1614.48,ga_tcheby_proxy,mesh9,4,3,0,"[4-3]",1,22,1.61449,0.97,0.653117,1,0.5,2841,319
3160,1615.24,ga_tcheby_proxy,mesh9,8,1,0,"[8-5-2-1]",3,62,4.80756,0.97,0.646409,3,0.5,2842,319
3161,1615.39,ga_tcheby_proxy,mesh9,2,7,0,"[2-5-4-7]",3,62,4.80756,0.97,0.663158,3,0.5,2843,319
3162,1616.27,ga_tcheby_proxy,mesh9,0,1,0,"[0-1]",1,22,1.61449,0.97,0.645429,1,0.5,2844,319
3163,1616.38,ga_tcheby_proxy,mesh9,4,2,0,"[4-1-2]",2,42,3.21103,0.97,0.648352,2,0.5,2845,319
3164,1616.5,ga_tcheby_proxy,mesh9,6,7,0,"[6-7]",1,22,1.61449,0.97,0.652174,1,0.5,2846,319
3165,1618.01,ga_tcheby_proxy,mesh9,5,8,0,"[5-8]",1,20,1.59654,0.975,0.655914,1,0.5,2847,319
3166,1618.27,ga_tcheby_proxy,mesh9,7,1,0,"[7-4-1]",2,40,3.19307,0.975,0.649315,2,0.5,2848,319
3167,1618.43,ga_tcheby_proxy,mesh9,4,7,0,"[4-7]",1,20,1.59654,0.975,0.656836,1,0.5,2849,319
3168,1618.54,ga_tcheby_proxy,mesh9,0,3,0,"[0-3]",1,20,1.59654,0.975,0.664042,1,0.5,2850,319
3169,1618.6,ga_tcheby_proxy,mesh9,7,1,1,"[]",0,0,0,0,0,0,0.5,2850,320
3170,1618.75,ga_tcheby_proxy,mesh9,8,6,0,"[8-7-6]",2,44,3.22898,0.97,0.643454,2,0.5,2851,320
3171,1619.97,ga_tcheby_proxy,mesh9,7,6,0,"[7-6]",1,22,1.61449,0.97,0.644444,1,0.5,2852,320
3172,1620.2,ga_tcheby_proxy,mesh9,1,2,0,"[1-2]",1,22,1.61449,0.97,0.646409,1,0.5,2853,320
3173,1620.2,ga_tcheby_proxy,mesh9,4,0,0,"[4-3-0]",2,42,3.28801,0.946308,0.655827,2,0.5,2854,320
3174,1620.59,ga_tcheby_proxy,mesh9,7,5,0,"[7-8-5]",2,42,3.21103,0.97,0.651226,2,0.5,2855,320
3175,1622.92,ga_tcheby_proxy,mesh9,8,1,0,"[8-5-2-1]",3,62,4.80756,0.97,0.647383,3,0.5,2856,320
3176,1623.04,ga_tcheby_proxy,mesh9,0,7,0,"[0-1-4-7]",3,62,4.80756,0.97,0.664921,3,0.5,2857,320
3177,1623.13,ga_tcheby_proxy,mesh9,8,0,0,"[8-7-6-3-0]",4,84,6.42205,0.97,0.653117,4,0.5,2858,320
3178,1623.86,ga_tcheby_proxy,mesh9,1,2,0,"[1-2]",1,22,1.61449,0.97,0.647383,1,0.5,2859,320
3179,1624.1,ga_tcheby_proxy,mesh9,2,8,0,"[2-5-8]",2,40,3.19307,0.975,0.664042,2,0.5,2860,320
3180,1624.74,ga_tcheby_proxy,mesh9,8,3,0,"[8-7-6-3]",3,64,4.82552,0.97,0.652174,3,0.5,2861,320
3181,1625.06,ga_tcheby_proxy,mesh9,2,6,0,"[2-5-8-7-6]",4,84,6.42205,0.97,0.664921,4,0.5,2862,320
3182,1625.54,ga_tcheby_proxy,mesh9,5,1,0,"[5-2-1]",2,42,3.21103,0.97,0.648352,2,0.5,2863,320
3183,1625.6,ga_tcheby_proxy,mesh9,3,4,0,"[3-4]",1,22,1.66513,0.939244,0.651226,1,0.5,2864,320
3184,1625.65,ga_tcheby_proxy,mesh9,7,5,1,"[]",0,0,0,0,0,0,0.5,2864,321
3185,1625.96,ga_tcheby_proxy,mesh9,2,8,0,"[2-5-8]",2,40,3.19307,0.975,0.665796,2,0.5,2865,321
3186,1626.85,ga_tcheby_proxy,mesh9,5,1,0,"[5-2-1]",2,42,3.21103,0.97,0.649315,2,0.5,2866,321
3187,1627.72,ga_tcheby_proxy,mesh9,2,6,0,"[2-1-0-3-6]",4,84,6.42205,0.97,0.664921,4,0.5,2867,321
3188,1627.74,ga_tcheby_proxy,mesh9,4,5,1,"[]",0,0,0,0,0,0,0.5,2867,322
3189,1627.87,ga_tcheby_proxy,mesh9,7,1,0,"[7-4-1]",2,40,3.19307,0.975,0.650273,2,0.5,2868,322
3190,1628.09,ga_tcheby_proxy,mesh9,6,0,0,"[6-3-0]",2,40,3.19307,0.975,0.654054,2,0.5,2869,322
3191,1628.44,ga_tcheby_proxy,mesh9,1,4,0,"[1-4]",1,20,1.59654,0.975,0.665796,1,0.5,2870,322
3192,1628.88,ga_tcheby_proxy,mesh9,0,3,0,"[0-3]",1,20,1.59654,0.975,0.665796,1,0.5,2871,322
3193,1629.26,ga_tcheby_proxy,mesh9,1,0,0,"[1-0]",1,22,1.61449,0.97,0.656836,1,0.5,2872,322
3194,1629.99,ga_tcheby_proxy,mesh9,4,3,0,"[4-3]",1,22,1.61449,0.97,0.654987,1,0.5,2873,322
3195,1631.11,ga_tcheby_proxy,mesh9,7,2,0,"[7-4-5-2]",3,62,4.80756,0.97,0.651226,3,0.5,2874,322
3196,1631.14,ga_tcheby_proxy,mesh9,4,8,1,"[]",0,0,0,0,0,0,0.5,2874,323
3197,1631.69,ga_tcheby_proxy,mesh9,8,0,0,"[8-7-6-3-0]",4,84,6.42205,0.97,0.654987,4,0.5,2875,323
3198,1632.11,ga_tcheby_proxy,mesh9,4,7,0,"[4-7]",1,20,1.59654,0.975,0.658667,1,0.5,2876,323
3199,1632.19,ga_tcheby_proxy,mesh9,5,0,0,"[5-4-3-0]",3,64,4.82552,0.97,0.655914,3,0.5,2877,323
3200,1633.17,ga_tcheby_proxy,mesh9,7,1,0,"[7-4-1]",2,40,3.19307,0.975,0.652174,2,0.5,2878,323
3201,1633.64,ga_tcheby_proxy,mesh9,4,5,0,"[4-5]",1,22,1.61449,0.97,0.652174,1,0.5,2879,323
3202,1634.36,ga_tcheby_proxy,mesh9,5,4,0,"[5-4]",1,22,1.61449,0.97,0.649315,1,0.5,2880,323
3203,1635,ga_tcheby_proxy,mesh9,6,3,0,"[6-3]",1,20,1.59654,0.975,0.654987,1,0.5,2881,323
3204,1635.18,ga_tcheby_proxy,mesh9,2,7,0,"[2-5-4-7]",3,62,4.80756,0.97,0.666667,3,0.5,2882,323
3205,1636.29,ga_tcheby_proxy,mesh9,5,2,0,"[5-2]",1,20,1.59654,0.975,0.620178,1,0.5,2883,323
3206,1636.67,ga_tcheby_proxy,mesh9,1,4,0,"[1-4]",1,20,1.59654,0.975,0.666667,1,0.5,2884,323
3207,1637.55,ga_tcheby_proxy,mesh9,3,5,0,"[3-4-5]",2,44,3.22898,0.97,0.653117,2,0.5,2885,323
3208,1637.73,ga_tcheby_proxy,mesh9,6,8,0,"[6-7-8]",2,44,3.22898,0.97,0.653117,2,0.5,2886,323
3209,1639.06,ga_tcheby_proxy,mesh9,6,0,0,"[6-3-0]",2,40,3.19307,0.975,0.656836,2,0.5,2887,323
3210,1639.13,ga_tcheby_proxy,mesh9,2,4,0,"[2-1-4]",2,42,3.21103,0.97,0.667532,2,0.5,2888,323
3211,1639.54,ga_tcheby_proxy,mesh9,8,4,0,"[8-5-4]",2,42,3.21103,0.97,0.651226,2,0.5,2889,323
3212,1640.08,ga_tcheby_proxy,mesh9,0,1,0,"[0-1]",1,22,1.61449,0.97,0.647383,1,0.5,2890,323
3213,1640.57,ga_tcheby_proxy,mesh9,1,5,0,"[1-2-5]",2,42,3.21103,0.97,0.667532,2,0.5,2891,323
3214,1640.6,ga_tcheby_proxy,mesh9,2,1,1,"[]",0,0,0,0,0,0,0.5,2891,324
3215,1640.74,ga_tcheby_proxy,mesh9,4,7,0,"[4-7]",1,20,1.59654,0.975,0.660477,1,0.5,2892,324
3216,1641.37,ga_tcheby_proxy,mesh9,8,6,0,"[8-7-6]",2,44,3.22898,0.97,0.649315,2,0.5,2893,324
3217,1642.57,ga_tcheby_proxy,mesh9,4,6,0,"[4-3-6]",2,42,3.21103,0.97,0.656836,2,0.5,2894,324
3218,1643.1,ga_tcheby_proxy,mesh9,6,5,0,"[6-7-4-5]",3,64,4.82552,0.97,0.654054,3,0.5,2895,324
3219,1643.13,ga_tcheby_proxy,mesh9,8,6,1,"[]",0,0,0,0,0,0,0.5,2895,325
3220,1643.25,ga_tcheby_proxy,mesh9,4,3,0,"[4-3]",1,22,1.61449,0.97,0.657754,1,0.5,2896,325
3221,1643.53,ga_tcheby_proxy,mesh9,2,1,0,"[2-1]",1,22,1.61449,0.97,0.652174,1,0.5,2897,325
3222,1643.66,ga_tcheby_proxy,mesh9,2,5,0,"[2-5]",1,20,1.59654,0.975,0.668394,1,0.5,2898,325
3223,1644.45,ga_tcheby_proxy,mesh9,0,6,0,"[0-3-6]",2,40,3.19307,0.975,0.666667,2,0.5,2899,325
3224,1644.9,ga_tcheby_proxy,mesh9,2,0,0,"[2-1-0]",2,44,3.22898,0.97,0.657754,2,0.5,2900,325
3225,1644.96,ga_tcheby_proxy,mesh9,2,8,1,"[]",0,0,0,0,0,0,0.5,2900,326
3226,1645.48,ga_tcheby_proxy,mesh9,3,0,0,"[3-0]",1,20,1.59654,0.975,0.657754,1,0.5,2901,326
3227,1645.96,ga_tcheby_proxy,mesh9,1,3,0,"[1-0-3]",2,42,3.21103,0.97,0.667532,2,0.5,2902,326
3228,1646.07,ga_tcheby_proxy,mesh9,4,5,0,"[4-5]",1,22,1.61449,0.97,0.654987,1,0.5,2903,326
3229,1646.88,ga_tcheby_proxy,mesh9,1,5,0,"[1-4-5]",2,42,3.21103,0.97,0.668394,2,0.5,2904,326
3230,1646.93,ga_tcheby_proxy,mesh9,6,1,1,"[]",0,0,0,0,0,0,0.5,2904,327
3231,1647.07,ga_tcheby_proxy,mesh9,7,3,0,"[7-6-3]",2,42,3.21103,0.97,0.656836,2,0.5,2905,327
3232,1647.14,ga_tcheby_proxy,mesh9,3,8,0,"[3-4-5-8]",3,64,4.97456,0.927423,0.659574,3,0.5,2906,327
3233,1647.91,ga_tcheby_proxy,mesh9,1,8,0,"[1-4-7-8]",3,62,4.80756,0.97,0.669251,3,0.5,2907,327
3234,1648.48,ga_tcheby_proxy,mesh9,4,1,0,"[4-1]",1,20,1.59654,0.975,0.652174,1,0.5,2908,327
3235,1649.61,ga_tcheby_proxy,mesh9,7,3,0,"[7-6-3]",2,42,3.21103,0.97,0.657754,2,0.5,2909,327
3236,1650.23,ga_tcheby_proxy,mesh9,2,3,0,"[2-1-0-3]",3,64,4.82552,0.97,0.668394,3,0.5,2910,327
3237,1651.49,ga_tcheby_proxy,mesh9,1,0,0,"[1-0]",1,22,1.61449,0.97,0.660477,1,0.5,2911,327
3238,1651.51,ga_tcheby_proxy,mesh9,1,4,1,"[]",0,0,0,0,0,0,0.5,2911,328
3239,1651.93,ga_tcheby_proxy,mesh9,3,7,0,"[3-6-7]",2,42,3.21103,0.97,0.654987,2,0.5,2912,328
3240,1652.01,ga_tcheby_proxy,mesh9,7,6,0,"[7-6]",1,22,1.61449,0.97,0.652174,1,0.5,2913,328
3241,1653.39,ga_tcheby_proxy,mesh9,4,6,0,"[4-3-6]",2,42,3.21103,0.97,0.658667,2,0.5,2914,328
3242,1653.5,ga_tcheby_proxy,mesh9,6,2,0,"[6-7-4-1-2]",4,84,6.42205,0.97,0.655914,4,0.5,2915,328
3243,1653.52,ga_tcheby_proxy,mesh9,7,1,1,"[]",0,0,0,0,0,0,0.5,2915,329
3244,1654.2,ga_tcheby_proxy,mesh9,4,0,0,"[4-3-0]",2,42,3.21103,0.97,0.659574,2,0.5,2916,329
3245,1654.3,ga_tcheby_proxy,mesh9,5,7,0,"[5-8-7]",2,42,3.21103,0.97,0.660477,2,0.5,2917,329
3246,1655.13,ga_tcheby_proxy,mesh9,1,2,0,"[1-2]",1,22,1.61449,0.97,0.650273,1,0.5,2918,329
3247,1657.2,ga_tcheby_proxy,mesh9,6,0,0,"[6-3-0]",2,40,3.19307,0.975,0.659574,2,0.5,2919,329
3248,1658.4,ga_tcheby_proxy,mesh9,6,0,0,"[6-3-0]",2,40,3.19307,0.975,0.660477,2,0.5,2920,329
3249,1658.51,ga_tcheby_proxy,mesh9,6,8,0,"[6-7-8]",2,44,3.22898,0.97,0.656836,2,0.5,2921,329
3250,1658.75,ga_tcheby_proxy,mesh9,2,6,0,"[2-5-4-7-6]",4,84,6.42205,0.97,0.669251,4,0.5,2922,329
3251,1659.07,ga_tcheby_proxy,mesh9,2,6,0,"[2-1-0-3-6]",4,84,6.42205,0.97,0.669251,4,0.5,2923,329
3252,1659.74,ga_tcheby_proxy,mesh9,4,2,0,"[4-1-2]",2,42,3.21103,0.97,0.654054,2,0.5,2924,329
3253,1659.91,ga_tcheby_proxy,mesh9,2,6,0,"[2-5-8-7-6]",4,84,6.42205,0.97,0.670103,4,0.5,2925,329
3254,1659.92,ga_tcheby_proxy,mesh9,3,2,1,"[]",0,0,0,0,0,0,0.5,2925,330
3255,1660,ga_tcheby_proxy,mesh9,4,0,0,"[4-3-0]",2,42,3.21103,0.97,0.661376,2,0.5,2926,330
3256,1660.17,ga_tcheby_proxy,mesh9,1,2,0,"[1-2]",1,22,1.61449,0.97,0.652174,1,0.5,2927,330
3257,1660.21,ga_tcheby_proxy,mesh9,2,1,1,"[]",0,0,0,0,0,0,0.5,2927,331
3258,1660.49,ga_tcheby_proxy,mesh9,3,8,0,"[3-6-7-8]",3,64,4.82552,0.97,0.657754,3,0.5,2928,331
3259,1661.73,ga_tcheby_proxy,mesh9,8,2,0,"[8-5-2]",2,40,3.19307,0.975,0.636364,2,0.5,2929,331
3260,1662.28,ga_tcheby_proxy,mesh9,4,7,0,"[4-7]",1,20,1.59654,0.975,0.663158,1,0.5,2930,331
3261,1662.9,ga_tcheby_proxy,mesh9,7,8,0,"[7-8]",1,22,1.61449,0.97,0.655914,1,0.5,2931,331
3262,1663.07,ga_tcheby_proxy,mesh9,4,6,0,"[4-3-6]",2,42,3.21103,0.97,0.661376,2,0.5,2932,331
3263,1663.22,ga_tcheby_proxy,mesh9,3,1,0,"[3-4-1]",2,42,3.21103,0.97,0.654987,2,0.5,2933,331
3264,1664.7,ga_tcheby_proxy,mesh9,7,2,0,"[7-4-1-2]",3,62,4.80756,0.97,0.655914,3,0.5,2934,331
3265,1664.73,ga_tcheby_proxy,mesh9,4,3,1,"[]",0,0,0,0,0,0,0.5,2934,332
3266,1664.85,ga_tcheby_proxy,mesh9,5,8,0,"[5-8]",1,20,1.59654,0.975,0.662269,1,0.5,2935,332
3267,1665.63,ga_tcheby_proxy,mesh9,2,6,0,"[2-1-4-7-6]",4,84,6.42205,0.97,0.670103,4,0.5,2936,332
3268,1666.5,ga_tcheby_proxy,mesh9,7,0,0,"[7-6-3-0]",3,62,4.80756,0.97,0.662269,3,0.5,2937,332
3269,1667.01,ga_tcheby_proxy,mesh9,6,3,0,"[6-3]",1,20,1.59654,0.975,0.661376,1,0.5,2938,332
3270,1667.64,ga_tcheby_proxy,mesh9,1,0,0,"[1-0]",1,22,1.61449,0.97,0.662269,1,0.5,2939,332
3271,1667.72,ga_tcheby_proxy,mesh9,7,5,0,"[7-8-5]",2,42,3.21103,0.97,0.656836,2,0.5,2940,332
3272,1667.81,ga_tcheby_proxy,mesh9,4,0,0,"[4-1-0]",2,42,3.21103,0.97,0.663158,2,0.5,2941,332
3273,1668.63,ga_tcheby_proxy,mesh9,8,3,0,"[8-7-6-3]",3,64,4.82552,0.97,0.662269,3,0.5,2942,332
3274,1669.57,ga_tcheby_proxy,mesh9,4,7,0,"[4-7]",1,20,1.59654,0.975,0.664921,1,0.5,2943,332
3275,1669.61,ga_tcheby_proxy,mesh9,7,4,1,"[]",0,0,0,0,0,0,0.5,2943,333
3276,1670.66,ga_tcheby_proxy,mesh9,0,6,0,"[0-3-6]",2,40,3.19307,0.975,0.670103,2,0.5,2944,333
3277,1670.97,ga_tcheby_proxy,mesh9,0,7,0,"[0-3-6-7]",3,62,4.80756,0.97,0.670951,3,0.5,2945,333
3278,1671.04,ga_tcheby_proxy,mesh9,5,3,1,"[]",0,0,0,0,0,0,0.5,2945,334
3279,1671.38,ga_tcheby_proxy,mesh9,2,3,0,"[2-1-4-3]",3,64,4.82552,0.97,0.670951,3,0.5,2946,334
3280,1671.8,ga_tcheby_proxy,mesh9,4,1,0,"[4-1]",1,20,1.59654,0.975,0.657754,1,0.5,2947,334
3281,1672.04,ga_tcheby_proxy,mesh9,0,8,0,"[0-1-2-5-8]",4,84,6.42205,0.97,0.670951,4,0.5,2948,334
3282,1672.38,ga_tcheby_proxy,mesh9,7,3,0,"[7-4-3]",2,42,3.21103,0.97,0.663158,2,0.5,2949,334
3283,1673.27,ga_tcheby_proxy,mesh9,5,7,0,"[5-8-7]",2,42,3.21103,0.97,0.664042,2,0.5,2950,334
3284,1673.76,ga_tcheby_proxy,mesh9,2,8,0,"[2-5-8]",2,40,3.19307,0.975,0.671795,2,0.5,2951,334
3285,1673.86,ga_tcheby_proxy,mesh9,5,4,0,"[5-4]",1,22,1.61449,0.97,0.653117,1,0.5,2952,334
3286,1674.31,ga_tcheby_proxy,mesh9,8,7,0,"[8-7]",1,22,1.61449,0.97,0.643454,1,0.5,2953,334
3287,1674.36,ga_tcheby_proxy,mesh9,0,4,1,"[]",0,0,0,0,0,0,0.5,2953,335
3288,1675.12,ga_tcheby_proxy,mesh9,0,4,0,"[0-1-4]",2,42,3.21103,0.97,0.671795,2,0.5,2954,335
3289,1675.17,ga_tcheby_proxy,mesh9,5,4,1,"[]",0,0,0,0,0,0,0.5,2954,336
3290,1675.72,ga_tcheby_proxy,mesh9,3,4,0,"[3-4]",1,22,1.61449,0.97,0.654987,1,0.5,2955,336
3291,1676.1,ga_tcheby_proxy,mesh9,7,6,0,"[7-6]",1,22,1.61449,0.97,0.657754,1,0.5,2956,336
3292,1676.81,ga_tcheby_proxy,mesh9,8,2,0,"[8-5-2]",2,40,3.19307,0.975,0.638418,2,0.5,2957,336
3293,1677.32,ga_tcheby_proxy,mesh9,1,2,0,"[1-2]",1,22,1.61449,0.97,0.654987,1,0.5,2958,336
3294,1677.47,ga_tcheby_proxy,mesh9,8,1,0,"[8-5-2-1]",3,62,4.80756,0.97,0.657754,3,0.5,2959,336
3295,1677.78,ga_tcheby_proxy,mesh9,8,4,0,"[8-5-4]",2,42,3.21103,0.97,0.654054,2,0.5,2960,336
3296,1677.78,ga_tcheby_proxy,mesh9,7,2,0,"[7-4-5-2]",3,62,5.00713,0.929781,0.659517,3,0.5,2961,336
3297,1678.24,ga_tcheby_proxy,mesh9,8,3,0,"[8-7-6-3]",3,64,4.82552,0.97,0.663158,3,0.5,2962,336
3298,1678.28,ga_tcheby_proxy,mesh9,3,4,1,"[]",0,0,0,0,0,0,0.5,2962,337
3299,1679.29,ga_tcheby_proxy,mesh9,3,2,0,"[3-4-1-2]",3,64,4.82552,0.97,0.658667,3,0.5,2963,337
3300,1680.4,ga_tcheby_proxy,mesh9,1,5,0,"[1-2-5]",2,42,3.21103,0.97,0.672634,2,0.5,2964,337
3301,1680.67,ga_tcheby_proxy,mesh9,3,0,0,"[3-0]",1,20,1.59654,0.975,0.663158,1,0.5,2965,337
3302,1681.07,ga_tcheby_proxy,mesh9,3,6,0,"[3-6]",1,20,1.59654,0.975,0.658667,1,0.5,2966,337
3303,1681.18,ga_tcheby_proxy,mesh9,7,6,0,"[7-6]",1,22,1.61449,0.97,0.659574,1,0.5,2967,337
3304,1681.39,ga_tcheby_proxy,mesh9,7,8,0,"[7-8]",1,22,1.61449,0.97,0.657754,1,0.5,2968,337
3305,1681.44,ga_tcheby_proxy,mesh9,8,7,1,"[]",0,0,0,0,0,0,0.5,2968,338
3306,1681.84,ga_tcheby_proxy,mesh9,4,1,0,"[4-1]",1,20,1.59654,0.975,0.659574,1,0.5,2969,338
3307,1683.32,ga_tcheby_proxy,mesh9,1,6,0,"[1-0-3-6]",3,62,4.80756,0.97,0.671795,3,0.5,2970,338
3308,1683.84,ga_tcheby_proxy,mesh9,8,1,0,"[8-5-2-1]",3,62,4.80756,0.97,0.658667,3,0.5,2971,338
3309,1684.38,ga_tcheby_proxy,mesh9,0,2,0,"[0-1-2]",2,44,3.22898,0.97,0.657754,2,0.5,2972,338
3310,1684.61,ga_tcheby_proxy,mesh9,7,0,0,"[7-4-3-0]",3,62,4.80756,0.97,0.664042,3,0.5,2973,338
3311,1684.77,ga_tcheby_proxy,mesh9,0,3,0,"[0-3]",1,20,1.59654,0.975,0.672634,1,0.5,2974,338
3312,1686.16,ga_tcheby_proxy,mesh9,4,1,0,"[4-1]",1,20,1.59654,0.975,0.660477,1,0.5,2975,338
3313,1686.44,ga_tcheby_proxy,mesh9,3,0,0,"[3-0]",1,20,1.59654,0.975,0.664921,1,0.5,2976,338
3314,1686.53,ga_tcheby_proxy,mesh9,6,5,0,"[6-7-4-5]",3,64,4.82552,0.97,0.659574,3,0.5,2977,338
3315,1686.78,ga_tcheby_proxy,mesh9,3,8,0,"[3-6-7-8]",3,64,4.82552,0.97,0.660477,3,0.5,2978,338
3316,1687.12,ga_tcheby_proxy,mesh9,6,8,0,"[6-7-8]",2,44,3.22898,0.97,0.661376,2,0.5,2979,338
3317,1687.84,ga_tcheby_proxy,mesh9,6,1,0,"[6-7-4-1]",3,62,4.80756,0.97,0.662269,3,0.5,2980,338
3318,1688.43,ga_tcheby_proxy,mesh9,0,7,0,"[0-1-4-7]",3,62,4.80756,0.97,0.672634,3,0.5,2981,338
3319,1689.43,ga_tcheby_proxy,mesh9,0,2,0,"[0-1-2]",2,44,3.22898,0.97,0.658667,2,0.5,2982,338
3320,1690.16,ga_tcheby_proxy,mesh9,5,3,0,"[5-4-3]",2,44,3.22898,0.97,0.664921,2,0.5,2983,338
3321,1690.16,ga_tcheby_proxy,mesh9,3,1,0,"[3-4-1]",2,42,3.25514,0.956289,0.662269,2,0.5,2984,338
3322,1692.22,ga_tcheby_proxy,mesh9,2,8,0,"[2-5-8]",2,40,3.19307,0.975,0.673469,2,0.5,2985,338
3323,1692.48,ga_tcheby_proxy,mesh9,3,8,0,"[3-6-7-8]",3,64,4.82552,0.97,0.663158,3,0.5,2986,338
3324,1692.61,ga_tcheby_proxy,mesh9,3,6,0,"[3-6]",1,20,1.59654,0.975,0.662269,1,0.5,2987,338
3325,1694.89,ga_tcheby_proxy,mesh9,0,3,0,"[0-3]",1,20,1.59654,0.975,0.673469,1,0.5,2988,338
3326,1695.2,ga_tcheby_proxy,mesh9,3,6,0,"[3-6]",1,20,1.59654,0.975,0.663158,1,0.5,2989,338
3327,1695.72,ga_tcheby_proxy,mesh9,6,2,0,"[6-7-4-1-2]",4,84,6.42205,0.97,0.664042,4,0.5,2990,338
3328,1695.74,ga_tcheby_proxy,mesh9,1,7,1,"[]",0,0,0,0,0,0,0.5,2990,339
3329,1696.51,ga_tcheby_proxy,mesh9,1,4,0,"[1-4]",1,20,1.59654,0.975,0.673469,1,0.5,2991,339
3330,1696.97,ga_tcheby_proxy,mesh9,1,3,0,"[1-0-3]",2,42,3.21103,0.97,0.6743,2,0.5,2992,339
3331,1697.44,ga_tcheby_proxy,mesh9,5,3,0,"[5-4-3]",2,44,3.22898,0.97,0.665796,2,0.5,2993,339
3332,1698.76,ga_tcheby_proxy,mesh9,7,5,0,"[7-4-5]",2,42,3.21103,0.97,0.661376,2,0.5,2994,339
3333,1699.46,ga_tcheby_proxy,mesh9,0,2,0,"[0-1-2]",2,44,3.22898,0.97,0.660477,2,0.5,2995,339
3334,1700.25,ga_tcheby_proxy,mesh9,3,1,0,"[3-4-1]",2,42,3.21103,0.97,0.664042,2,0.5,2996,339
3335,1701.75,ga_tcheby_proxy,mesh9,1,5,0,"[1-4-5]",2,42,3.21103,0.97,0.6743,2,0.5,2997,339
3336,1701.8,ga_tcheby_proxy,mesh9,8,4,1,"[]",0,0,0,0,0,0,0.5,2997,340
3337,1701.97,ga_tcheby_proxy,mesh9,8,3,0,"[8-7-6-3]",3,64,4.82552,0.97,0.664042,3,0.5,2998,340
3338,1702.17,ga_tcheby_proxy,mesh9,2,6,0,"[2-5-4-7-6]",4,84,6.42205,0.97,0.6743,4,0.5,2999,340
3339,1704.07,ga_tcheby_proxy,mesh9,3,8,0,"[3-6-7-8]",3,64,4.82552,0.97,0.664921,3,0.5,3000,340
3340,1706.96,ga_tcheby_proxy,mesh9,7,0,0,"[7-4-1-0]",3,62,4.80756,0.97,0.665796,3,0.5,3001,340
3341,1707.43,ga_tcheby_proxy,mesh9,8,7,0,"[8-7]",1,22,1.61449,0.97,0.646409,1,0.5,3002,340
3342,1708.24,ga_tcheby_proxy,mesh9,3,8,0,"[3-6-7-8]",3,64,4.82552,0.97,0.665796,3,0.5,3003,340
3343,1708.83,ga_tcheby_proxy,mesh9,5,8,0,"[5-8]",1,20,1.59654,0.975,0.666667,1,0.5,3004,340
3344,1709.61,ga_tcheby_proxy,mesh9,5,8,0,"[5-8]",1,20,1.59654,0.975,0.667532,1,0.5,3005,340
3345,1710.12,ga_tcheby_proxy,mesh9,1,2,0,"[1-2]",1,22,1.61449,0.97,0.661376,1,0.5,3006,340
3346,1710.56,ga_tcheby_proxy,mesh9,0,2,0,"[0-1-2]",2,44,3.22898,0.97,0.662269,2,0.5,3007,340
3347,1711.19,ga_tcheby_proxy,mesh9,3,7,0,"[3-6-7]",2,42,3.21103,0.97,0.666667,2,0.5,3008,340
3348,1711.29,ga_tcheby_proxy,mesh9,4,6,0,"[4-3-6]",2,42,3.21103,0.97,0.666667,2,0.5,3009,340
3349,1711.39,ga_tcheby_proxy,mesh9,1,0,0,"[1-0]",1,22,1.61449,0.97,0.666667,1,0.5,3010,340
3350,1713.92,ga_tcheby_proxy,mesh9,1,0,0,"[1-0]",1,22,1.61449,0.97,0.667532,1,0.5,3011,340
3351,1714.13,ga_tcheby_proxy,mesh9,4,0,0,"[4-3-0]",2,42,3.21103,0.97,0.667532,2,0.5,3012,340
3352,1714.32,ga_tcheby_proxy,mesh9,5,4,0,"[5-4]",1,22,1.61449,0.97,0.657754,1,0.5,3013,340
3353,1714.63,ga_tcheby_proxy,mesh9,1,0,0,"[1-0]",1,22,1.61449,0.97,0.668394,1,0.5,3014,340
3354,1714.64,ga_tcheby_proxy,mesh9,1,0,1,"[]",0,0,0,0,0,0,0.5,3014,341
3355,1714.87,ga_tcheby_proxy,mesh9,4,2,0,"[4-5-2]",2,42,3.21103,0.97,0.661376,2,0.5,3015,341
3356,1715.13,ga_tcheby_proxy,mesh9,0,8,0,"[0-1-4-7-8]",4,84,6.42205,0.97,0.675127,4,0.5,3016,341
3357,1715.22,ga_tcheby_proxy,mesh9,6,8,0,"[6-7-8]",2,44,3.22898,0.97,0.667532,2,0.5,3017,341
3358,1715.59,ga_tcheby_proxy,mesh9,1,6,0,"[1-0-3-6]",3,62,4.80756,0.97,0.675127,3,0.5,3018,341
3359,1715.63,ga_tcheby_proxy,mesh9,0,2,1,"[]",0,0,0,0,0,0,0.5,3018,342
3360,1716.86,ga_tcheby_proxy,mesh9,6,8,0,"[6-7-8]",2,44,3.22898,0.97,0.668394,2,0.5,3019,342
3361,1717.24,ga_tcheby_proxy,mesh9,1,3,0,"[1-4-3]",2,42,3.21103,0.97,0.675949,2,0.5,3020,342
3362,1717.42,ga_tcheby_proxy,mesh9,1,5,0,"[1-2-5]",2,42,3.21103,0.97,0.675127,2,0.5,3021,342
3363,1717.75,ga_tcheby_proxy,mesh9,3,2,0,"[3-4-5-2]",3,64,4.82552,0.97,0.662269,3,0.5,3022,342
3364,1717.85,ga_tcheby_proxy,mesh9,5,7,0,"[5-4-7]",2,42,3.21103,0.97,0.668394,2,0.5,3023,342
3365,1718.42,ga_tcheby_proxy,mesh9,8,5,0,"[8-5]",1,20,1.59654,0.975,0.642458,1,0.5,3024,342
3366,1720.24,ga_tcheby_proxy,mesh9,0,2,0,"[0-1-2]",2,44,3.22898,0.97,0.664042,2,0.5,3025,342
3367,1720.7,ga_tcheby_proxy,mesh9,4,2,0,"[4-5-2]",2,42,3.21103,0.97,0.663158,2,0.5,3026,342
3368,1720.96,ga_tcheby_proxy,mesh9,8,7,0,"[8-7]",1,22,1.61449,0.97,0.647383,1,0.5,3027,342
3369,1721,ga_tcheby_proxy,mesh9,0,4,1,"[]",0,0,0,0,0,0,0.5,3027,343
3370,1721.34,ga_tcheby_proxy,mesh9,7,8,0,"[7-8]",1,22,1.61449,0.97,0.665796,1,0.5,3028,343
3371,1721.71,ga_tcheby_proxy,mesh9,0,6,0,"[0-3-6]",2,40,3.19307,0.975,0.675949,2,0.5,3029,343
3372,1721.72,ga_tcheby_proxy,mesh9,4,7,1,"[]",0,0,0,0,0,0,0.5,3029,344
3373,1722.81,ga_tcheby_proxy,mesh9,7,5,0,"[7-4-5]",2,42,3.21103,0.97,0.664042,2,0.5,3030,344
3374,1723.5,ga_tcheby_proxy,mesh9,8,3,0,"[8-7-6-3]",3,64,4.82552,0.97,0.664921,3,0.5,3031,344
3375,1723.85,ga_tcheby_proxy,mesh9,5,0,0,"[5-4-3-0]",3,64,4.82552,0.97,0.669251,3,0.5,3032,344
3376,1724.54,ga_tcheby_proxy,mesh9,7,2,0,"[7-4-5-2]",3,62,4.80756,0.97,0.664921,3,0.5,3033,344
3377,1724.82,ga_tcheby_proxy,mesh9,3,2,0,"[3-4-5-2]",3,64,4.82552,0.97,0.665796,3,0.5,3034,344
3378,1724.86,ga_tcheby_proxy,mesh9,3,0,1,"[]",0,0,0,0,0,0,0.5,3034,345
3379,1725.68,ga_tcheby_proxy,mesh9,8,3,0,"[8-7-6-3]",3,64,4.82552,0.97,0.665796,3,0.5,3035,345
3380,1726.74,ga_tcheby_proxy,mesh9,6,0,0,"[6-3-0]",2,40,3.19307,0.975,0.667532,2,0.5,3036,345
3381,1727.03,ga_tcheby_proxy,mesh9,1,7,0,"[1-4-7]",2,40,3.19307,0.975,0.676768,2,0.5,3037,345
3382,1727.09,ga_tcheby_proxy,mesh9,1,4,0,"[1-4]",1,20,1.59654,0.975,0.677582,1,0.5,3038,345
3383,1727.91,ga_tcheby_proxy,mesh9,5,4,0,"[5-4]",1,22,1.61449,0.97,0.660477,1,0.5,3039,345
3384,1727.97,ga_tcheby_proxy,mesh9,7,8,1,"[]",0,0,0,0,0,0,0.5,3039,346
3385,1728.16,ga_tcheby_proxy,mesh9,5,1,0,"[5-2-1]",2,42,3.21103,0.97,0.659574,2,0.5,3040,346
3386,1728.27,ga_tcheby_proxy,mesh9,3,5,0,"[3-4-5]",2,44,3.22898,0.97,0.666667,2,0.5,3041,346
3387,1728.67,ga_tcheby_proxy,mesh9,1,3,0,"[1-0-3]",2,42,3.21103,0.97,0.676768,2,0.5,3042,346
3388,1729.02,ga_tcheby_proxy,mesh9,6,7,0,"[6-7]",1,22,1.61449,0.97,0.669251,1,0.5,3043,346
3389,1729.4,ga_tcheby_proxy,mesh9,0,7,0,"[0-3-4-7]",3,62,4.80756,0.97,0.677582,3,0.5,3044,346
3390,1729.66,ga_tcheby_proxy,mesh9,7,4,0,"[7-4]",1,20,1.59654,0.975,0.664921,1,0.5,3045,346
3391,1729.83,ga_tcheby_proxy,mesh9,3,5,0,"[3-4-5]",2,44,3.22898,0.97,0.667532,2,0.5,3046,346
3392,1730.49,ga_tcheby_proxy,mesh9,8,5,0,"[8-5]",1,20,1.59654,0.975,0.643454,1,0.5,3047,346
3393,1730.56,ga_tcheby_proxy,mesh9,0,1,0,"[0-1]",1,22,1.61449,0.97,0.656836,1,0.5,3048,346
3394,1730.57,ga_tcheby_proxy,mesh9,4,5,1,"[]",0,0,0,0,0,0,0.5,3048,347
3395,1730.59,ga_tcheby_proxy,mesh9,4,3,1,"[]",0,0,0,0,0,0,0.5,3048,348
3396,1730.68,ga_tcheby_proxy,mesh9,0,3,0,"[0-3]",1,20,1.59654,0.975,0.678392,1,0.5,3049,348
3397,1731.58,ga_tcheby_proxy,mesh9,2,8,0,"[2-5-8]",2,40,3.19307,0.975,0.675949,2,0.5,3050,348
3398,1731.68,ga_tcheby_proxy,mesh9,8,3,0,"[8-7-6-3]",3,64,4.82552,0.97,0.667532,3,0.5,3051,348
3399,1732.96,ga_tcheby_proxy,mesh9,8,0,0,"[8-7-6-3-0]",4,84,6.42205,0.97,0.668394,4,0.5,3052,348
3400,1733.86,ga_tcheby_proxy,mesh9,5,0,0,"[5-4-3-0]",3,64,4.82552,0.97,0.670103,3,0.5,3053,348
3401,1734.04,ga_tcheby_proxy,mesh9,1,6,0,"[1-4-7-6]",3,62,4.80756,0.97,0.678392,3,0.5,3054,348
3402,1734.11,ga_tcheby_proxy,mesh9,3,5,0,"[3-4-5]",2,44,3.36408,0.916129,0.668394,2,0.5,3055,348
3403,1734.76,ga_tcheby_proxy,mesh9,6,4,0,"[6-3-4]",2,42,3.21103,0.97,0.669251,2,0.5,3056,348
3404,1735.87,ga_tcheby_proxy,mesh9,2,3,0,"[2-5-4-3]",3,64,4.82552,0.97,0.676768,3,0.5,3057,348
3405,1735.99,ga_tcheby_proxy,mesh9,6,2,0,"[6-7-4-1-2]",4,84,6.42205,0.97,0.670103,4,0.5,3058,348
3406,1736.11,ga_tcheby_proxy,mesh9,4,7,0,"[4-7]",1,20,1.59654,0.975,0.671795,1,0.5,3059,348
3407,1736.13,ga_tcheby_proxy,mesh9,4,6,1,"[]",0,0,0,0,0,0,0.5,3059,349
3408,1736.66,ga_tcheby_proxy,mesh9,2,8,0,"[2-5-8]",2,40,3.19307,0.975,0.677582,2,0.5,3060,349
3409,1737.09,ga_tcheby_proxy,mesh9,8,0,0,"[8-7-6-3-0]",4,84,6.42205,0.97,0.670103,4,0.5,3061,349
3410,1737.38,ga_tcheby_proxy,mesh9,0,3,0,"[0-3]",1,20,1.59654,0.975,0.679198,1,0.5,3062,349
3411,1737.77,ga_tcheby_proxy,mesh9,8,7,0,"[8-7]",1,22,1.61449,0.97,0.653117,1,0.5,3063,349
3412,1737.91,ga_tcheby_proxy,mesh9,1,4,0,"[1-4]",1,20,1.59654,0.975,0.679198,1,0.5,3064,349
3413,1738.49,ga_tcheby_proxy,mesh9,4,1,0,"[4-1]",1,20,1.59654,0.975,0.666667,1,0.5,3065,349
3414,1738.56,ga_tcheby_proxy,mesh9,3,1,0,"[3-4-1]",2,42,3.21103,0.97,0.667532,2,0.5,3066,349
3415,1738.87,ga_tcheby_proxy,mesh9,6,4,0,"[6-3-4]",2,42,3.21103,0.97,0.670951,2,0.5,3067,349
3416,1739.31,ga_tcheby_proxy,mesh9,4,6,0,"[4-3-6]",2,42,3.21103,0.97,0.671795,2,0.5,3068,349
3417,1739.73,ga_tcheby_proxy,mesh9,7,4,0,"[7-4]",1,20,1.59654,0.975,0.666667,1,0.5,3069,349
3418,1741.54,ga_tcheby_proxy,mesh9,8,5,0,"[8-5]",1,20,1.59654,0.975,0.644444,1,0.5,3070,349
3419,1742.86,ga_tcheby_proxy,mesh9,1,5,0,"[1-2-5]",2,42,3.21103,0.97,0.678392,2,0.5,3071,349
3420,1742.99,ga_tcheby_proxy,mesh9,7,4,0,"[7-4]",1,20,1.59654,0.975,0.667532,1,0.5,3072,349
3421,1743,ga_tcheby_proxy,mesh9,1,7,1,"[]",0,0,0,0,0,0,0.5,3072,350
3422,1743.52,ga_tcheby_proxy,mesh9,1,4,0,"[1-4]",1,20,1.59654,0.975,0.68,1,0.5,3073,350
3423,1743.84,ga_tcheby_proxy,mesh9,6,8,0,"[6-7-8]",2,44,3.22898,0.97,0.670951,2,0.5,3074,350
3424,1744.46,ga_tcheby_proxy,mesh9,1,6,0,"[1-0-3-6]",3,62,4.80756,0.97,0.68,3,0.5,3075,350
3425,1744.85,ga_tcheby_proxy,mesh9,5,7,0,"[5-8-7]",2,42,3.21103,0.97,0.670103,2,0.5,3076,350
3426,1745.06,ga_tcheby_proxy,mesh9,1,5,0,"[1-2-5]",2,42,3.21103,0.97,0.679198,2,0.5,3077,350
3427,1745.83,ga_tcheby_proxy,mesh9,0,2,0,"[0-1-2]",2,44,3.22898,0.97,0.667532,2,0.5,3078,350
3428,1746.68,ga_tcheby_proxy,mesh9,7,4,0,"[7-4]",1,20,1.59654,0.975,0.668394,1,0.5,3079,350
3429,1746.81,ga_tcheby_proxy,mesh9,2,6,0,"[2-5-4-7-6]",4,84,6.42205,0.97,0.68,4,0.5,3080,350
3430,1746.91,ga_tcheby_proxy,mesh9,0,8,0,"[0-1-4-7-8]",4,84,6.42205,0.97,0.680798,4,0.5,3081,350
3431,1748.15,ga_tcheby_proxy,mesh9,1,5,0,"[1-2-5]",2,42,3.21103,0.97,0.680798,2,0.5,3082,350
3432,1748.26,ga_tcheby_proxy,mesh9,6,8,0,"[6-7-8]",2,44,3.22898,0.97,0.671795,2,0.5,3083,350
3433,1748.86,ga_tcheby_proxy,mesh9,5,3,0,"[5-4-3]",2,44,3.22898,0.97,0.672634,2,0.5,3084,350
3434,1749.35,ga_tcheby_proxy,mesh9,4,8,0,"[4-5-8]",2,42,3.21103,0.97,0.670951,2,0.5,3085,350
3435,1751.53,ga_tcheby_proxy,mesh9,0,3,0,"[0-3]",1,20,1.59654,0.975,0.680798,1,0.5,3086,350
3436,1752.23,ga_tcheby_proxy,mesh9,4,7,0,"[4-7]",1,20,1.59654,0.975,0.6743,1,0.5,3087,350
3437,1752.7,ga_tcheby_proxy,mesh9,3,6,0,"[3-6]",1,20,1.59654,0.975,0.670951,1,0.5,3088,350
3438,1753.32,ga_tcheby_proxy,mesh9,0,3,0,"[0-3]",1,20,1.59654,0.975,0.681592,1,0.5,3089,350
3439,1754.1,ga_tcheby_proxy,mesh9,7,2,0,"[7-8-5-2]",3,62,4.80756,0.97,0.669251,3,0.5,3090,350
3440,1754.39,ga_tcheby_proxy,mesh9,8,7,0,"[8-7]",1,22,1.61449,0.97,0.654987,1,0.5,3091,350
3441,1754.49,ga_tcheby_proxy,mesh9,8,7,0,"[8-7]",1,22,1.61449,0.97,0.655914,1,0.5,3092,350
3442,1755.06,ga_tcheby_proxy,mesh9,8,3,0,"[8-7-6-3]",3,64,4.82552,0.97,0.671795,3,0.5,3093,350
3443,1755.15,ga_tcheby_proxy,mesh9,6,1,0,"[6-3-4-1]",3,62,4.80756,0.97,0.672634,3,0.5,3094,350
3444,1755.18,ga_tcheby_proxy,mesh9,2,4,1,"[]",0,0,0,0,0,0,0.5,3094,351
3445,1755.71,ga_tcheby_proxy,mesh9,6,2,0,"[6-7-4-1-2]",4,84,6.42205,0.97,0.672634,4,0.5,3095,351
3446,1755.77,ga_tcheby_proxy,mesh9,1,0,1,"[]",0,0,0,0,0,0,0.5,3095,352
3447,1757.27,ga_tcheby_proxy,mesh9,4,7,0,"[4-7]",1,20,1.59654,0.975,0.675127,1,0.5,3096,352
3448,1757.88,ga_tcheby_proxy,mesh9,6,5,0,"[6-3-4-5]",3,64,4.82552,0.97,0.673469,3,0.5,3097,352
3449,1758.5,ga_tcheby_proxy,mesh9,1,7,0,"[1-4-7]",2,40,3.19307,0.975,0.681592,2,0.5,3098,352
3450,1758.72,ga_tcheby_proxy,mesh9,2,5,0,"[2-5]",1,20,1.59654,0.975,0.681592,1,0.5,3099,352
3451,1758.88,ga_tcheby_proxy,mesh9,6,1,0,"[6-7-4-1]",3,62,4.80756,0.97,0.673469,3,0.5,3100,352
3452,1759.71,ga_tcheby_proxy,mesh9,5,2,0,"[5-2]",1,20,1.59654,0.975,0.634286,1,0.5,3101,352
3453,1759.77,ga_tcheby_proxy,mesh9,6,0,1,"[]",0,0,0,0,0,0,0.5,3101,353
3454,1760.74,ga_tcheby_proxy,mesh9,7,0,0,"[7-4-1-0]",3,62,4.80756,0.97,0.671795,3,0.5,3102,353
3455,1761.36,ga_tcheby_proxy,mesh9,6,7,0,"[6-7]",1,22,1.61449,0.97,0.6743,1,0.5,3103,353
3456,1763.21,ga_tcheby_proxy,mesh9,2,8,0,"[2-5-8]",2,40,3.19307,0.975,0.682382,2,0.5,3104,353
3457,1763.85,ga_tcheby_proxy,mesh9,0,1,0,"[0-1]",1,22,1.61449,0.97,0.659574,1,0.5,3105,353
3458,1764.02,ga_tcheby_proxy,mesh9,4,3,0,"[4-3]",1,22,1.61449,0.97,0.673469,1,0.5,3106,353
3459,1764.18,ga_tcheby_proxy,mesh9,8,1,0,"[8-5-2-1]",3,62,4.80756,0.97,0.660477,3,0.5,3107,353
3460,1764.74,ga_tcheby_proxy,mesh9,5,0,0,"[5-2-1-0]",3,64,4.82552,0.97,0.672634,3,0.5,3108,353
3461,1765.29,ga_tcheby_proxy,mesh9,7,3,0,"[7-4-3]",2,42,3.21103,0.97,0.6743,2,0.5,3109,353
3462,1766.76,ga_tcheby_proxy,mesh9,7,0,0,"[7-4-1-0]",3,62,4.80756,0.97,0.673469,3,0.5,3110,353
3463,1766.9,ga_tcheby_proxy,mesh9,6,7,0,"[6-7]",1,22,1.61449,0.97,0.675127,1,0.5,3111,353
3464,1767.6,ga_tcheby_proxy,mesh9,4,2,0,"[4-5-2]",2,42,3.21103,0.97,0.670951,2,0.5,3112,353
3465,1768.02,ga_tcheby_proxy,mesh9,3,7,0,"[3-6-7]",2,42,3.21103,0.97,0.675949,2,0.5,3113,353
3466,1768.08,ga_tcheby_proxy,mesh9,7,6,0,"[7-6]",1,22,1.68432,0.928092,0.669251,1,0.5,3114,353
3467,1768.38,ga_tcheby_proxy,mesh9,5,3,0,"[5-4-3]",2,44,3.22898,0.97,0.675127,2,0.5,3115,353
3468,1768.48,ga_tcheby_proxy,mesh9,3,1,0,"[3-0-1]",2,42,3.21103,0.97,0.670951,2,0.5,3116,353
3469,1768.91,ga_tcheby_proxy,mesh9,7,3,0,"[7-6-3]",2,42,3.21103,0.97,0.6743,2,0.5,3117,353
3470,1769.27,ga_tcheby_proxy,mesh9,4,5,0,"[4-5]",1,22,1.61449,0.97,0.671795,1,0.5,3118,353
3471,1770.06,ga_tcheby_proxy,mesh9,3,2,0,"[3-0-1-2]",3,64,4.82552,0.97,0.671795,3,0.5,3119,353
3472,1770.44,ga_tcheby_proxy,mesh9,3,5,0,"[3-4-5]",2,44,3.22898,0.97,0.672634,2,0.5,3120,353
3473,1770.62,ga_tcheby_proxy,mesh9,7,3,0,"[7-6-3]",2,42,3.21103,0.97,0.675127,2,0.5,3121,353
3474,1771.04,ga_tcheby_proxy,mesh9,4,1,0,"[4-1]",1,20,1.59654,0.975,0.672634,1,0.5,3122,353
3475,1771.9,ga_tcheby_proxy,mesh9,4,8,0,"[4-5-8]",2,42,3.21103,0.97,0.673469,2,0.5,3123,353
3476,1771.92,ga_tcheby_proxy,mesh9,3,4,1,"[]",0,0,0,0,0,0,0.5,3123,354
3477,1772.01,ga_tcheby_proxy,mesh9,7,8,0,"[7-8]",1,22,1.61449,0.97,0.670103,1,0.5,3124,354
3478,1772.2,ga_tcheby_proxy,mesh9,5,0,0,"[5-2-1-0]",3,64,4.82552,0.97,0.6743,3,0.5,3125,354
3479,1772.85,ga_tcheby_proxy,mesh9,3,6,0,"[3-6]",1,20,1.59654,0.975,0.672634,1,0.5,3126,354
3480,1773.06,ga_tcheby_proxy,mesh9,3,8,0,"[3-4-5-8]",3,64,4.82552,0.97,0.6743,3,0.5,3127,354
3481,1773.98,ga_tcheby_proxy,mesh9,5,8,0,"[5-8]",1,20,1.59654,0.975,0.6743,1,0.5,3128,354
3482,1774,ga_tcheby_proxy,mesh9,7,1,1,"[]",0,0,0,0,0,0,0.5,3128,355
3483,1774.4,ga_tcheby_proxy,mesh9,7,8,0,"[7-8]",1,22,1.61449,0.97,0.670951,1,0.5,3129,355
3484,1774.74,ga_tcheby_proxy,mesh9,1,6,0,"[1-0-3-6]",3,62,4.80756,0.97,0.682382,3,0.5,3130,355
3485,1775.69,ga_tcheby_proxy,mesh9,4,3,0,"[4-3]",1,22,1.61449,0.97,0.675949,1,0.5,3131,355
3486,1776.22,ga_tcheby_proxy,mesh9,5,8,0,"[5-8]",1,20,1.59654,0.975,0.675127,1,0.5,3132,355
3487,1776.43,ga_tcheby_proxy,mesh9,2,1,0,"[2-1]",1,22,1.61449,0.97,0.663158,1,0.5,3133,355
3488,1776.68,ga_tcheby_proxy,mesh9,6,5,0,"[6-3-4-5]",3,64,4.82552,0.97,0.675949,3,0.5,3134,355
3489,1776.9,ga_tcheby_proxy,mesh9,5,4,0,"[5-4]",1,22,1.61449,0.97,0.665796,1,0.5,3135,355
3490,1777.4,ga_tcheby_proxy,mesh9,1,4,0,"[1-4]",1,20,1.59654,0.975,0.682382,1,0.5,3136,355
3491,1777.94,ga_tcheby_proxy,mesh9,3,5,0,"[3-4-5]",2,44,3.22898,0.97,0.675949,2,0.5,3137,355
3492,1778.09,ga_tcheby_proxy,mesh9,2,8,0,"[2-5-8]",2,40,3.19307,0.975,0.683168,2,0.5,3138,355
3493,1779.44,ga_tcheby_proxy,mesh9,3,6,0,"[3-6]",1,20,1.59654,0.975,0.6743,1,0.5,3139,355
3494,1780.18,ga_tcheby_proxy,mesh9,7,5,0,"[7-8-5]",2,42,3.21103,0.97,0.671795,2,0.5,3140,355
3495,1780.38,ga_tcheby_proxy,mesh9,4,3,0,"[4-3]",1,22,1.61449,0.97,0.676768,1,0.5,3141,355
3496,1780.55,ga_tcheby_proxy,mesh9,1,6,0,"[1-0-3-6]",3,62,4.80756,0.97,0.683168,3,0.5,3142,355
3497,1781.96,ga_tcheby_proxy,mesh9,5,6,0,"[5-8-7-6]",3,64,4.82552,0.97,0.676768,3,0.5,3143,355
3498,1783.01,ga_tcheby_proxy,mesh9,3,4,0,"[3-4]",1,22,1.61449,0.97,0.671795,1,0.5,3144,355
3499,1783.21,ga_tcheby_proxy,mesh9,7,2,0,"[7-8-5-2]",3,62,4.80756,0.97,0.672634,3,0.5,3145,355
3500,1783.61,ga_tcheby_proxy,mesh9,2,3,0,"[2-1-4-3]",3,64,4.82552,0.97,0.683168,3,0.5,3146,355
3501,1784.23,ga_tcheby_proxy,mesh9,8,1,0,"[8-5-2-1]",3,62,4.80756,0.97,0.664921,3,0.5,3147,355
3502,1784.55,ga_tcheby_proxy,mesh9,6,1,0,"[6-7-4-1]",3,62,4.80756,0.97,0.676768,3,0.5,3148,355
3503,1785.43,ga_tcheby_proxy,mesh9,2,7,0,"[2-5-4-7]",3,62,4.80756,0.97,0.683951,3,0.5,3149,355
3504,1785.72,ga_tcheby_proxy,mesh9,4,8,0,"[4-5-8]",2,42,3.21103,0.97,0.677582,2,0.5,3150,355
3505,1785.95,ga_tcheby_proxy,mesh9,4,0,0,"[4-1-0]",2,42,3.21103,0.97,0.676768,2,0.5,3151,355
3506,1786.85,ga_tcheby_proxy,mesh9,3,0,0,"[3-0]",1,20,1.59654,0.975,0.672634,1,0.5,3152,355
3507,1787.18,ga_tcheby_proxy,mesh9,4,3,0,"[4-3]",1,22,1.61449,0.97,0.678392,1,0.5,3153,355
3508,1787.41,ga_tcheby_proxy,mesh9,6,1,0,"[6-3-0-1]",3,62,4.80756,0.97,0.676768,3,0.5,3154,355
3509,1787.86,ga_tcheby_proxy,mesh9,1,5,0,"[1-4-5]",2,42,3.21103,0.97,0.683951,2,0.5,3155,355
3510,1787.97,ga_tcheby_proxy,mesh9,3,8,0,"[3-4-7-8]",3,64,4.82552,0.97,0.677582,3,0.5,3156,355
3511,1788.32,ga_tcheby_proxy,mesh9,7,2,0,"[7-8-5-2]",3,62,4.80756,0.97,0.6743,3,0.5,3157,355
3512,1788.54,ga_tcheby_proxy,mesh9,7,5,0,"[7-8-5]",2,42,3.21103,0.97,0.675127,2,0.5,3158,355
3513,1789.94,ga_tcheby_proxy,mesh9,1,5,0,"[1-2-5]",2,42,3.21103,0.97,0.684729,2,0.5,3159,355
3514,1790.5,ga_tcheby_proxy,mesh9,7,6,0,"[7-6]",1,22,1.61449,0.97,0.672634,1,0.5,3160,355
3515,1790.75,ga_tcheby_proxy,mesh9,2,0,0,"[2-1-0]",2,44,3.22898,0.97,0.677582,2,0.5,3161,355
3516,1791.87,ga_tcheby_proxy,mesh9,1,5,0,"[1-4-5]",2,42,3.21103,0.97,0.684729,2,0.5,3162,355
3517,1792.05,ga_tcheby_proxy,mesh9,0,7,0,"[0-3-4-7]",3,62,4.80756,0.97,0.683951,3,0.5,3163,355
3518,1792.08,ga_tcheby_proxy,mesh9,1,4,1,"[]",0,0,0,0,0,0,0.5,3163,356
3519,1792.35,ga_tcheby_proxy,mesh9,4,5,0,"[4-5]",1,22,1.61449,0.97,0.679198,1,0.5,3164,356
3520,1792.43,ga_tcheby_proxy,mesh9,8,2,0,"[8-5-2]",2,40,3.19307,0.975,0.652174,2,0.5,3165,356
3521,1792.62,ga_tcheby_proxy,mesh9,1,3,0,"[1-0-3]",2,42,3.21103,0.97,0.684729,2,0.5,3166,356
3522,1793.13,ga_tcheby_proxy,mesh9,1,4,0,"[1-4]",1,20,1.59654,0.975,0.685504,1,0.5,3167,356
3523,1794.78,ga_tcheby_proxy,mesh9,4,7,0,"[4-7]",1,20,1.59654,0.975,0.679198,1,0.5,3168,356
3524,1795.95,ga_tcheby_proxy,mesh9,6,0,0,"[6-3-0]",2,40,3.19307,0.975,0.677582,2,0.5,3169,356
3525,1796.19,ga_tcheby_proxy,mesh9,8,7,0,"[8-7]",1,22,1.61449,0.97,0.658667,1,0.5,3170,356
3526,1796.3,ga_tcheby_proxy,mesh9,3,2,0,"[3-4-1-2]",3,64,4.82552,0.97,0.675127,3,0.5,3171,356
3527,1796.73,ga_tcheby_proxy,mesh9,8,2,0,"[8-5-2]",2,40,3.19307,0.975,0.653117,2,0.5,3172,356
3528,1797.09,ga_tcheby_proxy,mesh9,6,3,0,"[6-3]",1,20,1.59654,0.975,0.678392,1,0.5,3173,356
3529,1797.13,ga_tcheby_proxy,mesh9,0,5,1,"[]",0,0,0,0,0,0,0.5,3173,357
3530,1797.74,ga_tcheby_proxy,mesh9,8,4,0,"[8-5-4]",2,42,3.21103,0.97,0.667532,2,0.5,3174,357
3531,1798.47,ga_tcheby_proxy,mesh9,0,2,0,"[0-1-2]",2,44,3.22898,0.97,0.672634,2,0.5,3175,357
3532,1799.6,ga_tcheby_proxy,mesh9,8,4,0,"[8-5-4]",2,42,3.21103,0.97,0.668394,2,0.5,3176,357
3533,1801.48,ga_tcheby_proxy,mesh9,2,7,0,"[2-5-8-7]",3,62,4.80756,0.97,0.685504,3,0.5,3177,357
3534,1801.51,ga_tcheby_proxy,mesh9,7,1,1,"[]",0,0,0,0,0,0,0.5,3177,358
3535,1802.15,ga_tcheby_proxy,mesh9,0,4,0,"[0-3-4]",2,42,3.21103,0.97,0.685504,2,0.5,3178,358
3536,1802.19,ga_tcheby_proxy,mesh9,6,4,1,"[]",0,0,0,0,0,0,0.5,3178,359
3537,1802.51,ga_tcheby_proxy,mesh9,0,4,0,"[0-3-4]",2,42,3.21103,0.97,0.686275,2,0.5,3179,359
3538,1802.97,ga_tcheby_proxy,mesh9,2,5,0,"[2-5]",1,20,1.59654,0.975,0.686275,1,0.5,3180,359
3539,1802.99,ga_tcheby_proxy,mesh9,8,3,1,"[]",0,0,0,0,0,0,0.5,3180,360
3540,1804.48,ga_tcheby_proxy,mesh9,6,1,0,"[6-7-4-1]",3,62,4.80756,0.97,0.677582,3,0.5,3181,360
3541,1805.28,ga_tcheby_proxy,mesh9,2,7,0,"[2-1-4-7]",3,62,4.80756,0.97,0.686275,3,0.5,3182,360
3542,1805.91,ga_tcheby_proxy,mesh9,1,8,0,"[1-4-5-8]",3,62,4.80756,0.97,0.687042,3,0.5,3183,360
3543,1806.2,ga_tcheby_proxy,mesh9,6,0,0,"[6-3-0]",2,40,3.19307,0.975,0.679198,2,0.5,3184,360
3544,1806.71,ga_tcheby_proxy,mesh9,7,6,0,"[7-6]",1,22,1.61449,0.97,0.673469,1,0.5,3185,360
3545,1806.84,ga_tcheby_proxy,mesh9,5,0,0,"[5-4-1-0]",3,64,4.82552,0.97,0.679198,3,0.5,3186,360
3546,1807.47,ga_tcheby_proxy,mesh9,6,1,0,"[6-7-4-1]",3,62,4.80756,0.97,0.678392,3,0.5,3187,360
3547,1807.73,ga_tcheby_proxy,mesh9,6,4,0,"[6-7-4]",2,42,3.21103,0.97,0.679198,2,0.5,3188,360
3548,1808.85,ga_tcheby_proxy,mesh9,2,8,0,"[2-5-8]",2,40,3.19307,0.975,0.687042,2,0.5,3189,360
3549,1809.23,ga_tcheby_proxy,mesh9,7,4,0,"[7-4]",1,20,1.59654,0.975,0.676768,1,0.5,3190,360
3550,1809.41,ga_tcheby_proxy,mesh9,7,8,0,"[7-8]",1,22,1.61449,0.97,0.675949,1,0.5,3191,360
3551,1809.74,ga_tcheby_proxy,mesh9,1,8,0,"[1-4-5-8]",3,62,4.80756,0.97,0.687805,3,0.5,3192,360
3552,1809.87,ga_tcheby_proxy,mesh9,8,3,0,"[8-7-4-3]",3,64,4.82552,0.97,0.679198,3,0.5,3193,360
3553,1810.38,ga_tcheby_proxy,mesh9,1,7,0,"[1-4-7]",2,40,3.19307,0.975,0.688564,2,0.5,3194,360
3554,1810.66,ga_tcheby_proxy,mesh9,1,5,0,"[1-2-5]",2,42,3.21103,0.97,0.687805,2,0.5,3195,360
3555,1810.67,ga_tcheby_proxy,mesh9,0,3,1,"[]",0,0,0,0,0,0,0.5,3195,361
3556,1811.17,ga_tcheby_proxy,mesh9,2,1,0,"[2-1]",1,22,1.61449,0.97,0.667532,1,0.5,3196,361
3557,1811.41,ga_tcheby_proxy,mesh9,4,6,0,"[4-3-6]",2,42,3.21103,0.97,0.68,2,0.5,3197,361
3558,1811.48,ga_tcheby_proxy,mesh9,6,8,0,"[6-3-4-7-8]",4,84,6.48383,0.942924,0.681592,4,0.5,3198,361
3559,1811.67,ga_tcheby_proxy,mesh9,0,7,0,"[0-3-4-7]",3,62,4.80756,0.97,0.687042,3,0.5,3199,361
3560,1812.39,ga_tcheby_proxy,mesh9,0,4,0,"[0-3-4]",2,42,3.21103,0.97,0.687805,2,0.5,3200,361
3561,1812.75,ga_tcheby_proxy,mesh9,3,5,0,"[3-4-5]",2,44,3.22898,0.97,0.681592,2,0.5,3201,361
3562,1812.81,ga_tcheby_proxy,mesh9,3,7,1,"[]",0,0,0,0,0,0,0.5,3201,362
3563,1815.03,ga_tcheby_proxy,mesh9,7,1,0,"[7-4-1]",2,40,3.19307,0.975,0.678392,2,0.5,3202,362
3564,1815.84,ga_tcheby_proxy,mesh9,3,2,0,"[3-0-1-2]",3,64,4.82552,0.97,0.675949,3,0.5,3203,362
3565,1815.88,ga_tcheby_proxy,mesh9,4,1,1,"[]",0,0,0,0,0,0,0.5,3203,363
3566,1815.98,ga_tcheby_proxy,mesh9,0,8,0,"[0-3-6-7-8]",4,84,6.42205,0.97,0.688564,4,0.5,3204,363
3567,1816.1,ga_tcheby_proxy,mesh9,2,8,0,"[2-5-8]",2,40,3.19307,0.975,0.688564,2,0.5,3205,363
3568,1816.48,ga_tcheby_proxy,mesh9,3,4,0,"[3-4]",1,22,1.61449,0.97,0.68,1,0.5,3206,363
3569,1817.07,ga_tcheby_proxy,mesh9,1,7,0,"[1-4-7]",2,40,3.19307,0.975,0.68932,2,0.5,3207,363
3570,1817.54,ga_tcheby_proxy,mesh9,4,6,0,"[4-3-6]",2,42,3.21103,0.97,0.680798,2,0.5,3208,363
3571,1817.77,ga_tcheby_proxy,mesh9,8,0,0,"[8-7-4-1-0]",4,84,6.42205,0.97,0.68,4,0.5,3209,363
3572,1818.63,ga_tcheby_proxy,mesh9,8,6,0,"[8-7-6]",2,44,3.22898,0.97,0.6743,2,0.5,3210,363
3573,1819.83,ga_tcheby_proxy,mesh9,4,5,0,"[4-5]",1,22,1.61449,0.97,0.682382,1,0.5,3211,363
3574,1819.85,ga_tcheby_proxy,mesh9,8,6,1,"[]",0,0,0,0,0,0,0.5,3211,364
3575,1820.82,ga_tcheby_proxy,mesh9,2,3,0,"[2-5-4-3]",3,64,4.82552,0.97,0.68932,3,0.5,3212,364
3576,1820.86,ga_tcheby_proxy,mesh9,7,1,1,"[]",0,0,0,0,0,0,0.5,3212,365
3577,1821,ga_tcheby_proxy,mesh9,7,0,0,"[7-6-3-0]",3,62,4.80756,0.97,0.680798,3,0.5,3213,365
3578,1821.76,ga_tcheby_proxy,mesh9,2,1,0,"[2-1]",1,22,1.61449,0.97,0.668394,1,0.5,3214,365
3579,1821.85,ga_tcheby_proxy,mesh9,6,4,0,"[6-7-4]",2,42,3.21103,0.97,0.680798,2,0.5,3215,365
3580,1821.92,ga_tcheby_proxy,mesh9,6,2,0,"[6-7-4-5-2]",4,84,6.53584,0.927034,0.683168,4,0.5,3216,365
3581,1822.06,ga_tcheby_proxy,mesh9,4,8,0,"[4-5-8]",2,42,3.21103,0.97,0.683951,2,0.5,3217,365
3582,1822.36,ga_tcheby_proxy,mesh9,3,6,0,"[3-6]",1,20,1.59654,0.975,0.678392,1,0.5,3218,365
3583,1823.55,ga_tcheby_proxy,mesh9,3,0,0,"[3-0]",1,20,1.59654,0.975,0.677582,1,0.5,3219,365
3584,1824.05,ga_tcheby_proxy,mesh9,2,6,0,"[2-1-0-3-6]",4,84,6.42205,0.97,0.68932,4,0.5,3220,365
3585,1824.13,ga_tcheby_proxy,mesh9,0,6,0,"[0-3-6]",2,40,3.19307,0.975,0.690073,2,0.5,3221,365
3586,1825.69,ga_tcheby_proxy,mesh9,7,3,0,"[7-6-3]",2,42,3.21103,0.97,0.681592,2,0.5,3222,365
3587,1826.11,ga_tcheby_proxy,mesh9,5,8,0,"[5-8]",1,20,1.59654,0.975,0.683168,1,0.5,3223,365
3588,1826.26,ga_tcheby_proxy,mesh9,4,1,0,"[4-1]",1,20,1.59654,0.975,0.68,1,0.5,3224,365
3589,1826.4,ga_tcheby_proxy,mesh9,7,2,0,"[7-8-5-2]",3,62,4.80756,0.97,0.678392,3,0.5,3225,365
3590,1826.49,ga_tcheby_proxy,mesh9,5,0,0,"[5-2-1-0]",3,64,4.82552,0.97,0.681592,3,0.5,3226,365
3591,1826.97,ga_tcheby_proxy,mesh9,2,0,0,"[2-1-0]",2,44,3.22898,0.97,0.682382,2,0.5,3227,365
3592,1827.27,ga_tcheby_proxy,mesh9,8,0,0,"[8-5-4-3-0]",4,84,6.42205,0.97,0.682382,4,0.5,3228,365
3593,1827.79,ga_tcheby_proxy,mesh9,2,0,0,"[2-1-0]",2,44,3.22898,0.97,0.683168,2,0.5,3229,365
3594,1827.87,ga_tcheby_proxy,mesh9,1,3,0,"[1-0-3]",2,42,3.21103,0.97,0.690821,2,0.5,3230,365
3595,1828.69,ga_tcheby_proxy,mesh9,6,3,0,"[6-3]",1,20,1.59654,0.975,0.682382,1,0.5,3231,365
3596,1828.77,ga_tcheby_proxy,mesh9,8,6,0,"[8-7-6]",2,44,3.22898,0.97,0.676768,2,0.5,3232,365
3597,1829.52,ga_tcheby_proxy,mesh9,0,2,0,"[0-1-2]",2,44,3.22898,0.97,0.675127,2,0.5,3233,365
3598,1829.88,ga_tcheby_proxy,mesh9,8,3,0,"[8-5-4-3]",3,64,4.82552,0.97,0.683168,3,0.5,3234,365
3599,1830.01,ga_tcheby_proxy,mesh9,3,4,0,"[3-4]",1,22,1.61449,0.97,0.680798,1,0.5,3235,365
3600,1830.07,ga_tcheby_proxy,mesh9,0,1,1,"[]",0,0,0,0,0,0,0.5,3235,366
3601,1830.46,ga_tcheby_proxy,mesh9,0,7,0,"[0-1-4-7]",3,62,4.80756,0.97,0.690073,3,0.5,3236,366
3602,1830.51,ga_tcheby_proxy,mesh9,8,5,1,"[]",0,0,0,0,0,0,0.5,3236,367
3603,1831.47,ga_tcheby_proxy,mesh9,2,4,0,"[2-5-4]",2,42,3.21103,0.97,0.690073,2,0.5,3237,367
3604,1832.88,ga_tcheby_proxy,mesh9,6,4,0,"[6-7-4]",2,42,3.21103,0.97,0.682382,2,0.5,3238,367
3605,1833.43,ga_tcheby_proxy,mesh9,3,8,0,"[3-6-7-8]",3,64,4.82552,0.97,0.683168,3,0.5,3239,367
3606,1833.51,ga_tcheby_proxy,mesh9,4,0,0,"[4-3-0]",2,42,3.21103,0.97,0.683951,2,0.5,3240,367
3607,1833.53,ga_tcheby_proxy,mesh9,0,7,1,"[]",0,0,0,0,0,0,0.5,3240,368
3608,1833.68,ga_tcheby_proxy,mesh9,1,4,0,"[1-4]",1,20,1.59654,0.975,0.690821,1,0.5,3241,368
3609,1833.88,ga_tcheby_proxy,mesh9,6,0,0,"[6-3-0]",2,40,3.19307,0.975,0.683168,2,0.5,3242,368
3610,1833.91,ga_tcheby_proxy,mesh9,4,3,1,"[]",0,0,0,0,0,0,0.5,3242,369
3611,1834.82,ga_tcheby_proxy,mesh9,6,3,0,"[6-3]",1,20,1.59654,0.975,0.683951,1,0.5,3243,369
3612,1835.78,ga_tcheby_proxy,mesh9,4,7,0,"[4-7]",1,20,1.59654,0.975,0.684729,1,0.5,3244,369
3613,1836.17,ga_tcheby_proxy,mesh9,8,0,0,"[8-7-4-1-0]",4,84,6.42205,0.97,0.684729,4,0.5,3245,369
3614,1837.73,ga_tcheby_proxy,mesh9,6,7,0,"[6-7]",1,22,1.61449,0.97,0.683951,1,0.5,3246,369
3615,1838.25,ga_tcheby_proxy,mesh9,6,4,0,"[6-7-4]",2,42,3.21103,0.97,0.684729,2,0.5,3247,369
3616,1838.34,ga_tcheby_proxy,mesh9,5,4,0,"[5-4]",1,22,1.61449,0.97,0.673469,1,0.5,3248,369
3617,1838.55,ga_tcheby_proxy,mesh9,0,8,0,"[0-1-2-5-8]",4,84,6.42205,0.97,0.690821,4,0.5,3249,369
3618,1838.59,ga_tcheby_proxy,mesh9,3,2,1,"[]",0,0,0,0,0,0,0.5,3249,370
3619,1838.65,ga_tcheby_proxy,mesh9,0,3,1,"[]",0,0,0,0,0,0,0.5,3249,371
3620,1838.81,ga_tcheby_proxy,mesh9,6,3,0,"[6-3]",1,20,1.59654,0.975,0.684729,1,0.5,3250,371
3621,1841.45,ga_tcheby_proxy,mesh9,2,0,0,"[2-1-0]",2,44,3.22898,0.97,0.685504,2,0.5,3251,371
3622,1841.65,ga_tcheby_proxy,mesh9,8,2,0,"[8-5-2]",2,40,3.19307,0.975,0.658667,2,0.5,3252,371
3623,1842.03,ga_tcheby_proxy,mesh9,0,3,0,"[0-3]",1,20,1.59654,0.975,0.691566,1,0.5,3253,371
3624,1842.35,ga_tcheby_proxy,mesh9,8,3,0,"[8-5-4-3]",3,64,4.82552,0.97,0.684729,3,0.5,3254,371
3625,1843.05,ga_tcheby_proxy,mesh9,3,0,0,"[3-0]",1,20,1.59654,0.975,0.680798,1,0.5,3255,371
3626,1844.43,ga_tcheby_proxy,mesh9,4,7,0,"[4-7]",1,20,1.59654,0.975,0.685504,1,0.5,3256,371
3627,1844.47,ga_tcheby_proxy,mesh9,5,2,1,"[]",0,0,0,0,0,0,0.5,3256,372
3628,1844.62,ga_tcheby_proxy,mesh9,1,3,0,"[1-4-3]",2,42,3.21103,0.97,0.691566,2,0.5,3257,372
3629,1844.64,ga_tcheby_proxy,mesh9,1,0,1,"[]",0,0,0,0,0,0,0.5,3257,373
3630,1845.25,ga_tcheby_proxy,mesh9,4,3,0,"[4-3]",1,22,1.61449,0.97,0.686275,1,0.5,3258,373
3631,1846.15,ga_tcheby_proxy,mesh9,6,3,0,"[6-3]",1,20,1.59654,0.975,0.685504,1,0.5,3259,373
3632,1846.31,ga_tcheby_proxy,mesh9,0,5,0,"[0-1-2-5]",3,64,4.82552,0.97,0.691566,3,0.5,3260,373
3633,1847.06,ga_tcheby_proxy,mesh9,5,0,0,"[5-4-1-0]",3,64,4.82552,0.97,0.686275,3,0.5,3261,373
3634,1848.25,ga_tcheby_proxy,mesh9,4,6,0,"[4-7-6]",2,42,3.21103,0.97,0.686275,2,0.5,3262,373
3635,1848.57,ga_tcheby_proxy,mesh9,1,4,0,"[1-4]",1,20,1.59654,0.975,0.692308,1,0.5,3263,373
3636,1849.03,ga_tcheby_proxy,mesh9,1,5,0,"[1-2-5]",2,42,3.21103,0.97,0.692308,2,0.5,3264,373
3637,1850.44,ga_tcheby_proxy,mesh9,6,0,0,"[6-3-0]",2,40,3.19307,0.975,0.686275,2,0.5,3265,373
3638,1851.24,ga_tcheby_proxy,mesh9,4,7,0,"[4-7]",1,20,1.59654,0.975,0.687042,1,0.5,3266,373
3639,1851.43,ga_tcheby_proxy,mesh9,7,1,0,"[7-4-1]",2,40,3.19307,0.975,0.683951,2,0.5,3267,373
3640,1852.22,ga_tcheby_proxy,mesh9,7,0,0,"[7-6-3-0]",3,62,4.80756,0.97,0.687042,3,0.5,3268,373
3641,1852.62,ga_tcheby_proxy,mesh9,6,0,0,"[6-3-0]",2,40,3.19307,0.975,0.687805,2,0.5,3269,373
3642,1852.88,ga_tcheby_proxy,mesh9,6,7,0,"[6-7]",1,22,1.61449,0.97,0.685504,1,0.5,3270,373
3643,1853.95,ga_tcheby_proxy,mesh9,1,4,0,"[1-4]",1,20,1.59654,0.975,0.693046,1,0.5,3271,373
3644,1854.12,ga_tcheby_proxy,mesh9,5,3,0,"[5-4-3]",2,44,3.22898,0.97,0.687042,2,0.5,3272,373
3645,1854.5,ga_tcheby_proxy,mesh9,7,5,0,"[7-8-5]",2,42,3.21103,0.97,0.68,2,0.5,3273,373
3646,1854.8,ga_tcheby_proxy,mesh9,2,8,0,"[2-5-8]",2,40,3.19307,0.975,0.693046,2,0.5,3274,373
3647,1855.24,ga_tcheby_proxy,mesh9,3,5,0,"[3-4-5]",2,44,3.22898,0.97,0.684729,2,0.5,3275,373
3648,1855.76,ga_tcheby_proxy,mesh9,1,8,0,"[1-4-7-8]",3,62,4.80756,0.97,0.69378,3,0.5,3276,373
3649,1856.03,ga_tcheby_proxy,mesh9,1,4,0,"[1-4]",1,20,1.59654,0.975,0.694511,1,0.5,3277,373
3650,1856.16,ga_tcheby_proxy,mesh9,8,7,0,"[8-7]",1,22,1.61449,0.97,0.664921,1,0.5,3278,373
3651,1856.72,ga_tcheby_proxy,mesh9,1,7,0,"[1-4-7]",2,40,3.19307,0.975,0.695238,2,0.5,3279,373
3652,1857.01,ga_tcheby_proxy,mesh9,8,6,0,"[8-7-6]",2,44,3.22898,0.97,0.679198,2,0.5,3280,373
3653,1857.1,ga_tcheby_proxy,mesh9,0,8,0,"[0-3-6-7-8]",4,84,6.42205,0.97,0.692308,4,0.5,3281,373
3654,1857.45,ga_tcheby_proxy,mesh9,3,1,0,"[3-4-1]",2,42,3.21103,0.97,0.683168,2,0.5,3282,373
3655,1858.66,ga_tcheby_proxy,mesh9,5,6,0,"[5-8-7-6]",3,64,4.82552,0.97,0.685504,3,0.5,3283,373
3656,1859.16,ga_tcheby_proxy,mesh9,6,3,0,"[6-3]",1,20,1.59654,0.975,0.688564,1,0.5,3284,373
3657,1859.45,ga_tcheby_proxy,mesh9,7,8,0,"[7-8]",1,22,1.61449,0.97,0.682382,1,0.5,3285,373
3658,1860.28,ga_tcheby_proxy,mesh9,6,4,0,"[6-7-4]",2,42,3.21103,0.97,0.687042,2,0.5,3286,373
3659,1860.64,ga_tcheby_proxy,mesh9,6,2,0,"[6-7-4-1-2]",4,84,6.42205,0.97,0.687805,4,0.5,3287,373
3660,1860.64,ga_tcheby_proxy,mesh9,2,5,0,"[2-5]",1,20,1.69803,0.914727,0.697115,1,0.5,3288,373
3661,1861.32,ga_tcheby_proxy,mesh9,4,0,0,"[4-1-0]",2,42,3.21103,0.97,0.687042,2,0.5,3289,373
3662,1861.32,ga_tcheby_proxy,mesh9,7,6,0,"[7-6]",1,22,1.65913,0.942857,0.684211,1,0.5,3290,373
3663,1861.49,ga_tcheby_proxy,mesh9,3,4,0,"[3-4]",1,22,1.61449,0.97,0.683168,1,0.5,3291,373
3664,1862.05,ga_tcheby_proxy,mesh9,4,6,0,"[4-3-6]",2,42,3.21103,0.97,0.687805,2,0.5,3292,373
3665,1862.41,ga_tcheby_proxy,mesh9,5,7,0,"[5-8-7]",2,42,3.21103,0.97,0.686275,2,0.5,3293,373
3666,1862.95,ga_tcheby_proxy,mesh9,8,6,0,"[8-7-6]",2,44,3.22898,0.97,0.681592,2,0.5,3294,373
3667,1863.46,ga_tcheby_proxy,mesh9,1,8,0,"[1-2-5-8]",3,62,4.80756,0.97,0.694511,3,0.5,3295,373
3668,1863.49,ga_tcheby_proxy,mesh9,5,2,1,"[]",0,0,0,0,0,0,0.5,3295,374
3669,1863.93,ga_tcheby_proxy,mesh9,5,3,0,"[5-4-3]",2,44,3.22898,0.97,0.688564,2,0.5,3296,374
3670,1863.93,ga_tcheby_proxy,mesh9,1,2,1,"[]",0,0,0,0,0,0,0.5,3296,375
3671,1864,ga_tcheby_proxy,mesh9,6,7,1,"[]",0,0,0,0,0,0,0.5,3296,376
3672,1864.47,ga_tcheby_proxy,mesh9,1,2,0,"[1-2]",1,22,1.61449,0.97,0.68,1,0.5,3297,376
3673,1864.68,ga_tcheby_proxy,mesh9,7,0,0,"[7-4-1-0]",3,62,4.80756,0.97,0.687805,3,0.5,3298,376
3674,1865.22,ga_tcheby_proxy,mesh9,8,1,0,"[8-5-2-1]",3,62,4.80756,0.97,0.673469,3,0.5,3299,376
3675,1865.46,ga_tcheby_proxy,mesh9,6,8,0,"[6-7-8]",2,44,3.22898,0.97,0.688564,2,0.5,3300,376
3676,1865.57,ga_tcheby_proxy,mesh9,1,5,0,"[1-2-5]",2,42,3.21103,0.97,0.695238,2,0.5,3301,376
3677,1865.83,ga_tcheby_proxy,mesh9,3,2,0,"[3-0-1-2]",3,64,4.82552,0.97,0.683951,3,0.5,3302,376
3678,1866.45,ga_tcheby_proxy,mesh9,1,3,0,"[1-0-3]",2,42,3.21103,0.97,0.693046,2,0.5,3303,376
3679,1867.35,ga_tcheby_proxy,mesh9,7,1,0,"[7-4-1]",2,40,3.19307,0.975,0.687042,2,0.5,3304,376
3680,1868.38,ga_tcheby_proxy,mesh9,4,7,0,"[4-7]",1,20,1.59654,0.975,0.68932,1,0.5,3305,376
3681,1868.78,ga_tcheby_proxy,mesh9,2,4,0,"[2-5-4]",2,42,3.21103,0.97,0.695962,2,0.5,3306,376
3682,1868.79,ga_tcheby_proxy,mesh9,6,2,1,"[]",0,0,0,0,0,0,0.5,3306,377
3683,1869.02,ga_tcheby_proxy,mesh9,2,0,0,"[2-1-0]",2,44,3.22898,0.97,0.68932,2,0.5,3307,377
3684,1869.08,ga_tcheby_proxy,mesh9,7,6,0,"[7-6]",1,22,1.61449,0.97,0.682382,1,0.5,3308,377
3685,1869.46,ga_tcheby_proxy,mesh9,6,4,0,"[6-7-4]",2,42,3.21103,0.97,0.68932,2,0.5,3309,377
3686,1869.61,ga_tcheby_proxy,mesh9,8,5,0,"[8-5]",1,20,1.59654,0.975,0.662269,1,0.5,3310,377
3687,1869.72,ga_tcheby_proxy,mesh9,7,6,0,"[7-6]",1,22,1.61449,0.97,0.683168,1,0.5,3311,377
3688,1870.17,ga_tcheby_proxy,mesh9,2,8,0,"[2-5-8]",2,40,3.19307,0.975,0.696682,2,0.5,3312,377
3689,1870.91,ga_tcheby_proxy,mesh9,5,6,0,"[5-8-7-6]",3,64,4.82552,0.97,0.688564,3,0.5,3313,377
3690,1871.4,ga_tcheby_proxy,mesh9,7,1,0,"[7-4-1]",2,40,3.19307,0.975,0.688564,2,0.5,3314,377
3691,1872.2,ga_tcheby_proxy,mesh9,7,8,0,"[7-8]",1,22,1.61449,0.97,0.683951,1,0.5,3315,377
3692,1873,ga_tcheby_proxy,mesh9,6,5,0,"[6-3-4-5]",3,64,4.82552,0.97,0.68932,3,0.5,3316,377
3693,1873.06,ga_tcheby_proxy,mesh9,4,6,1,"[]",0,0,0,0,0,0,0.5,3316,378
3694,1873.29,ga_tcheby_proxy,mesh9,0,7,0,"[0-3-6-7]",3,62,4.80756,0.97,0.69378,3,0.5,3317,378
3695,1874.1,ga_tcheby_proxy,mesh9,6,4,0,"[6-3-4]",2,42,3.21103,0.97,0.690073,2,0.5,3318,378
3696,1874.94,ga_tcheby_proxy,mesh9,2,4,0,"[2-1-4]",2,42,3.21103,0.97,0.695962,2,0.5,3319,378
3697,1875.3,ga_tcheby_proxy,mesh9,2,6,0,"[2-1-0-3-6]",4,84,6.42205,0.97,0.694511,4,0.5,3320,378
3698,1875.49,ga_tcheby_proxy,mesh9,2,5,0,"[2-5]",1,20,1.59654,0.975,0.6974,1,0.5,3321,378
3699,1876.16,ga_tcheby_proxy,mesh9,3,5,0,"[3-4-5]",2,44,3.22898,0.97,0.686275,2,0.5,3322,378
3700,1876.49,ga_tcheby_proxy,mesh9,8,0,0,"[8-5-4-3-0]",4,84,6.42205,0.97,0.68932,4,0.5,3323,378
3701,1876.71,ga_tcheby_proxy,mesh9,6,7,0,"[6-7]",1,22,1.61449,0.97,0.690821,1,0.5,3324,378
3702,1877.08,ga_tcheby_proxy,mesh9,8,1,0,"[8-5-2-1]",3,62,4.80756,0.97,0.676768,3,0.5,3325,378
3703,1877.76,ga_tcheby_proxy,mesh9,4,2,0,"[4-5-2]",2,42,3.21103,0.97,0.687042,2,0.5,3326,378
3704,1877.79,ga_tcheby_proxy,mesh9,5,2,1,"[]",0,0,0,0,0,0,0.5,3326,379
3705,1878.78,ga_tcheby_proxy,mesh9,5,2,0,"[5-2]",1,20,1.59654,0.975,0.651226,1,0.5,3327,379
3706,1879.02,ga_tcheby_proxy,mesh9,1,7,0,"[1-4-7]",2,40,3.19307,0.975,0.696682,2,0.5,3328,379
3707,1879.07,ga_tcheby_proxy,mesh9,2,0,1,"[]",0,0,0,0,0,0,0.5,3328,380
3708,1879.58,ga_tcheby_proxy,mesh9,8,7,0,"[8-7]",1,22,1.61449,0.97,0.670103,1,0.5,3329,380
3709,1881.14,ga_tcheby_proxy,mesh9,2,8,0,"[2-5-8]",2,40,3.19307,0.975,0.698113,2,0.5,3330,380
3710,1881.56,ga_tcheby_proxy,mesh9,1,3,0,"[1-0-3]",2,42,3.21103,0.97,0.695238,2,0.5,3331,380
3711,1881.92,ga_tcheby_proxy,mesh9,3,1,0,"[3-0-1]",2,42,3.21103,0.97,0.685504,2,0.5,3332,380
3712,1882.11,ga_tcheby_proxy,mesh9,6,2,0,"[6-3-0-1-2]",4,84,6.42205,0.97,0.690821,4,0.5,3333,380
3713,1882.45,ga_tcheby_proxy,mesh9,1,8,0,"[1-4-5-8]",3,62,4.80756,0.97,0.6974,3,0.5,3334,380
3714,1882.56,ga_tcheby_proxy,mesh9,1,6,0,"[1-0-3-6]",3,62,4.80756,0.97,0.695962,3,0.5,3335,380
3715,1883.03,ga_tcheby_proxy,mesh9,2,1,0,"[2-1]",1,22,1.61449,0.97,0.677582,1,0.5,3336,380
3716,1883.42,ga_tcheby_proxy,mesh9,5,0,0,"[5-4-3-0]",3,64,4.82552,0.97,0.690073,3,0.5,3337,380
3717,1883.85,ga_tcheby_proxy,mesh9,4,7,0,"[4-7]",1,20,1.59654,0.975,0.690821,1,0.5,3338,380
3718,1884.15,ga_tcheby_proxy,mesh9,1,2,0,"[1-2]",1,22,1.61449,0.97,0.683168,1,0.5,3339,380
3719,1884.28,ga_tcheby_proxy,mesh9,8,0,0,"[8-5-4-3-0]",4,84,6.42205,0.97,0.690821,4,0.5,3340,380
3720,1884.39,ga_tcheby_proxy,mesh9,2,8,0,"[2-5-8]",2,40,3.19307,0.975,0.698824,2,0.5,3341,380
3721,1884.61,ga_tcheby_proxy,mesh9,8,0,0,"[8-5-4-3-0]",4,84,6.42205,0.97,0.691566,4,0.5,3342,380
3722,1884.68,ga_tcheby_proxy,mesh9,3,2,0,"[3-4-5-2]",3,64,4.89733,0.931518,0.688564,3,0.5,3343,380
3723,1884.75,ga_tcheby_proxy,mesh9,2,8,0,"[2-5-8]",2,40,3.19307,0.975,0.699531,2,0.5,3344,380
3724,1884.83,ga_tcheby_proxy,mesh9,1,4,0,"[1-4]",1,20,1.59654,0.975,0.698113,1,0.5,3345,380
3725,1885.03,ga_tcheby_proxy,mesh9,7,2,0,"[7-8-5-2]",3,62,4.80756,0.97,0.684729,3,0.5,3346,380
3726,1885.86,ga_tcheby_proxy,mesh9,8,7,0,"[8-7]",1,22,1.61449,0.97,0.670951,1,0.5,3347,380
3727,1886.71,ga_tcheby_proxy,mesh9,2,1,0,"[2-1]",1,22,1.61449,0.97,0.678392,1,0.5,3348,380
3728,1887.19,ga_tcheby_proxy,mesh9,2,0,0,"[2-1-0]",2,44,3.22898,0.97,0.692308,2,0.5,3349,380
3729,1887.52,ga_tcheby_proxy,mesh9,0,4,0,"[0-3-4]",2,42,3.21103,0.97,0.696682,2,0.5,3350,380
3730,1887.97,ga_tcheby_proxy,mesh9,0,1,0,"[0-1]",1,22,1.61449,0.97,0.670951,1,0.5,3351,380
3731,1888.1,ga_tcheby_proxy,mesh9,6,3,0,"[6-3]",1,20,1.59654,0.975,0.691566,1,0.5,3352,380
3732,1888.6,ga_tcheby_proxy,mesh9,6,5,0,"[6-7-8-5]",3,64,4.82552,0.97,0.691566,3,0.5,3353,380
3733,1889.18,ga_tcheby_proxy,mesh9,0,5,0,"[0-3-4-5]",3,64,4.82552,0.97,0.6974,3,0.5,3354,380
3734,1889.59,ga_tcheby_proxy,mesh9,5,4,0,"[5-4]",1,22,1.61449,0.97,0.681592,1,0.5,3355,380
3735,1889.74,ga_tcheby_proxy,mesh9,2,1,0,"[2-1]",1,22,1.61449,0.97,0.68,1,0.5,3356,380
3736,1890.27,ga_tcheby_proxy,mesh9,4,7,0,"[4-7]",1,20,1.59654,0.975,0.691566,1,0.5,3357,380
3737,1890.79,ga_tcheby_proxy,mesh9,6,1,0,"[6-7-4-1]",3,62,4.80756,0.97,0.692308,3,0.5,3358,380
3738,1890.9,ga_tcheby_proxy,mesh9,2,0,0,"[2-1-0]",2,44,3.22898,0.97,0.693046,2,0.5,3359,380
3739,1890.92,ga_tcheby_proxy,mesh9,0,2,1,"[]",0,0,0,0,0,0,0.5,3359,381
3740,1891.12,ga_tcheby_proxy,mesh9,7,5,0,"[7-8-5]",2,42,3.21103,0.97,0.686275,2,0.5,3360,381
3741,1893.16,ga_tcheby_proxy,mesh9,8,6,0,"[8-7-6]",2,44,3.22898,0.97,0.684729,2,0.5,3361,381
3742,1893.38,ga_tcheby_proxy,mesh9,5,8,0,"[5-8]",1,20,1.59654,0.975,0.692308,1,0.5,3362,381
3743,1893.64,ga_tcheby_proxy,mesh9,0,8,0,"[0-3-6-7-8]",4,84,6.42205,0.97,0.698113,4,0.5,3363,381
3744,1893.72,ga_tcheby_proxy,mesh9,7,3,0,"[7-4-3]",2,42,3.21103,0.97,0.692308,2,0.5,3364,381
3745,1894.23,ga_tcheby_proxy,mesh9,6,4,0,"[6-3-4]",2,42,3.21103,0.97,0.692308,2,0.5,3365,381
3746,1894.25,ga_tcheby_proxy,mesh9,7,3,1,"[]",0,0,0,0,0,0,0.5,3365,382
3747,1894.92,ga_tcheby_proxy,mesh9,7,8,0,"[7-8]",1,22,1.61449,0.97,0.687805,1,0.5,3366,382
3748,1895.18,ga_tcheby_proxy,mesh9,6,4,0,"[6-3-4]",2,42,3.21103,0.97,0.693046,2,0.5,3367,382
3749,1895.38,ga_tcheby_proxy,mesh9,0,3,0,"[0-3]",1,20,1.59654,0.975,0.698824,1,0.5,3368,382
3750,1896.36,ga_tcheby_proxy,mesh9,0,1,0,"[0-1]",1,22,1.61449,0.97,0.671795,1,0.5,3369,382
3751,1896.89,ga_tcheby_proxy,mesh9,2,7,0,"[2-1-4-7]",3,62,4.80756,0.97,0.698824,3,0.5,3370,382
3752,1897.1,ga_tcheby_proxy,mesh9,1,5,0,"[1-4-5]",2,42,3.21103,0.97,0.699531,2,0.5,3371,382
3753,1897.71,ga_tcheby_proxy,mesh9,4,1,0,"[4-1]",1,20,1.59654,0.975,0.688564,1,0.5,3372,382
3754,1897.88,ga_tcheby_proxy,mesh9,1,2,0,"[1-2]",1,22,1.61449,0.97,0.683951,1,0.5,3373,382
3755,1898.29,ga_tcheby_proxy,mesh9,1,8,0,"[1-2-5-8]",3,62,4.80756,0.97,0.700234,3,0.5,3374,382
3756,1899.22,ga_tcheby_proxy,mesh9,2,4,0,"[2-1-4]",2,42,3.21103,0.97,0.700234,2,0.5,3375,382
3757,1900.86,ga_tcheby_proxy,mesh9,3,0,0,"[3-0]",1,20,1.59654,0.975,0.68932,1,0.5,3376,382
3758,1901.12,ga_tcheby_proxy,mesh9,0,3,0,"[0-3]",1,20,1.59654,0.975,0.699531,1,0.5,3377,382
3759,1901.59,ga_tcheby_proxy,mesh9,1,5,0,"[1-2-5]",2,42,3.21103,0.97,0.700935,2,0.5,3378,382
3760,1901.87,ga_tcheby_proxy,mesh9,6,0,0,"[6-3-0]",2,40,3.19307,0.975,0.69378,2,0.5,3379,382
3761,1902.32,ga_tcheby_proxy,mesh9,5,3,0,"[5-4-3]",2,44,3.22898,0.97,0.693046,2,0.5,3380,382
3762,1902.62,ga_tcheby_proxy,mesh9,2,3,0,"[2-1-0-3]",3,64,4.82552,0.97,0.700234,3,0.5,3381,382
3763,1902.63,ga_tcheby_proxy,mesh9,8,5,1,"[]",0,0,0,0,0,0,0.5,3381,383
3764,1904.27,ga_tcheby_proxy,mesh9,2,4,0,"[2-1-4]",2,42,3.21103,0.97,0.700935,2,0.5,3382,383
3765,1904.44,ga_tcheby_proxy,mesh9,7,2,0,"[7-8-5-2]",3,62,4.80756,0.97,0.688564,3,0.5,3383,383
3766,1904.51,ga_tcheby_proxy,mesh9,7,5,0,"[7-8-5]",2,42,3.25523,0.943041,0.68932,2,0.5,3384,383
3767,1906.93,ga_tcheby_proxy,mesh9,1,0,0,"[1-0]",1,22,1.61449,0.97,0.694511,1,0.5,3385,383
3768,1907.03,ga_tcheby_proxy,mesh9,0,3,0,"[0-3]",1,20,1.59654,0.975,0.700935,1,0.5,3386,383
3769,1907.17,ga_tcheby_proxy,mesh9,1,5,0,"[1-4-5]",2,42,3.21103,0.97,0.701632,2,0.5,3387,383
3770,1907.34,ga_tcheby_proxy,mesh9,5,8,0,"[5-8]",1,20,1.59654,0.975,0.69378,1,0.5,3388,383
3771,1907.47,ga_tcheby_proxy,mesh9,0,7,0,"[0-3-6-7]",3,62,4.80756,0.97,0.701632,3,0.5,3389,383
3772,1909.2,ga_tcheby_proxy,mesh9,3,8,0,"[3-4-7-8]",3,64,4.82552,0.97,0.693046,3,0.5,3390,383
3773,1909.61,ga_tcheby_proxy,mesh9,7,2,0,"[7-4-1-2]",3,62,4.80756,0.97,0.690821,3,0.5,3391,383
3774,1910.72,ga_tcheby_proxy,mesh9,7,3,0,"[7-4-3]",2,42,3.21103,0.97,0.69378,2,0.5,3392,383
3775,1910.84,ga_tcheby_proxy,mesh9,4,1,0,"[4-1]",1,20,1.59654,0.975,0.690073,1,0.5,3393,383
3776,1911.11,ga_tcheby_proxy,mesh9,1,5,0,"[1-2-5]",2,42,3.21103,0.97,0.701632,2,0.5,3394,383
3777,1911.29,ga_tcheby_proxy,mesh9,4,1,0,"[4-1]",1,20,1.59654,0.975,0.690821,1,0.5,3395,383
3778,1911.45,ga_tcheby_proxy,mesh9,3,4,0,"[3-4]",1,22,1.61449,0.97,0.690821,1,0.5,3396,383
3779,1911.49,ga_tcheby_proxy,mesh9,1,0,1,"[]",0,0,0,0,0,0,0.5,3396,384
3780,1912.36,ga_tcheby_proxy,mesh9,2,3,0,"[2-1-0-3]",3,64,4.82552,0.97,0.702326,3,0.5,3397,384
3781,1912.65,ga_tcheby_proxy,mesh9,7,8,0,"[7-8]",1,22,1.61449,0.97,0.690821,1,0.5,3398,384
3782,1913.48,ga_tcheby_proxy,mesh9,8,4,0,"[8-5-4]",2,42,3.21103,0.97,0.683168,2,0.5,3399,384
3783,1914.25,ga_tcheby_proxy,mesh9,0,8,0,"[0-1-4-7-8]",4,84,6.42205,0.97,0.702326,4,0.5,3400,384
3784,1914.49,ga_tcheby_proxy,mesh9,6,8,0,"[6-7-8]",2,44,3.22898,0.97,0.694511,2,0.5,3401,384
3785,1914.55,ga_tcheby_proxy,mesh9,0,3,0,"[0-3]",1,20,1.59654,0.975,0.703016,1,0.5,3402,384
3786,1914.57,ga_tcheby_proxy,mesh9,1,5,1,"[]",0,0,0,0,0,0,0.5,3402,385
3787,1915.6,ga_tcheby_proxy,mesh9,0,2,0,"[0-1-2]",2,44,3.22898,0.97,0.687805,2,0.5,3403,385
3788,1915.62,ga_tcheby_proxy,mesh9,6,0,1,"[]",0,0,0,0,0,0,0.5,3403,386
3789,1915.72,ga_tcheby_proxy,mesh9,1,7,0,"[1-4-7]",2,40,3.19307,0.975,0.703016,2,0.5,3404,386
3790,1915.78,ga_tcheby_proxy,mesh9,8,2,0,"[8-5-2]",2,40,3.19307,0.975,0.671795,2,0.5,3405,386
3791,1915.91,ga_tcheby_proxy,mesh9,6,8,0,"[6-7-8]",2,44,3.22898,0.97,0.695238,2,0.5,3406,386
3792,1916.27,ga_tcheby_proxy,mesh9,6,3,0,"[6-3]",1,20,1.59654,0.975,0.694511,1,0.5,3407,386
3793,1916.36,ga_tcheby_proxy,mesh9,8,0,0,"[8-5-4-3-0]",4,84,6.42205,0.97,0.694511,4,0.5,3408,386
3794,1916.76,ga_tcheby_proxy,mesh9,6,2,0,"[6-3-4-1-2]",4,84,6.42205,0.97,0.695238,4,0.5,3409,386
3795,1917.28,ga_tcheby_proxy,mesh9,8,6,0,"[8-7-6]",2,44,3.22898,0.97,0.685504,2,0.5,3410,386
3796,1917.67,ga_tcheby_proxy,mesh9,0,4,0,"[0-3-4]",2,42,3.21103,0.97,0.703704,2,0.5,3411,386
3797,1917.7,ga_tcheby_proxy,mesh9,3,6,1,"[]",0,0,0,0,0,0,0.5,3411,387
3798,1918.01,ga_tcheby_proxy,mesh9,4,0,0,"[4-3-0]",2,42,3.21103,0.97,0.695238,2,0.5,3412,387
3799,1918.16,ga_tcheby_proxy,mesh9,4,8,0,"[4-5-8]",2,42,3.21103,0.97,0.694511,2,0.5,3413,387
3800,1918.26,ga_tcheby_proxy,mesh9,4,8,0,"[4-5-8]",2,42,3.21103,0.97,0.695238,2,0.5,3414,387
3801,1918.79,ga_tcheby_proxy,mesh9,5,6,0,"[5-4-7-6]",3,64,4.82552,0.97,0.695238,3,0.5,3415,387
3802,1919.88,ga_tcheby_proxy,mesh9,5,0,0,"[5-2-1-0]",3,64,4.82552,0.97,0.695962,3,0.5,3416,387
3803,1920.66,ga_tcheby_proxy,mesh9,5,0,0,"[5-4-3-0]",3,64,4.82552,0.97,0.695962,3,0.5,3417,387
3804,1921.22,ga_tcheby_proxy,mesh9,3,8,0,"[3-4-7-8]",3,64,4.82552,0.97,0.695962,3,0.5,3418,387
3805,1921.81,ga_tcheby_proxy,mesh9,5,4,0,"[5-4]",1,22,1.61449,0.97,0.686275,1,0.5,3419,387
3806,1921.87,ga_tcheby_proxy,mesh9,6,8,1,"[]",0,0,0,0,0,0,0.5,3419,388
3807,1921.91,ga_tcheby_proxy,mesh9,7,5,1,"[]",0,0,0,0,0,0,0.5,3419,389
3808,1924.09,ga_tcheby_proxy,mesh9,5,2,0,"[5-2]",1,20,1.59654,0.975,0.656836,1,0.5,3420,389
3809,1925.24,ga_tcheby_proxy,mesh9,5,0,0,"[5-2-1-0]",3,64,4.82552,0.97,0.696682,3,0.5,3421,389
3810,1925.89,ga_tcheby_proxy,mesh9,6,4,0,"[6-3-4]",2,42,3.21103,0.97,0.695962,2,0.5,3422,389
3811,1926.17,ga_tcheby_proxy,mesh9,5,2,0,"[5-2]",1,20,1.59654,0.975,0.658667,1,0.5,3423,389
3812,1927.53,ga_tcheby_proxy,mesh9,6,7,0,"[6-7]",1,22,1.61449,0.97,0.695962,1,0.5,3424,389
3813,1927.85,ga_tcheby_proxy,mesh9,6,5,0,"[6-3-4-5]",3,64,4.82552,0.97,0.696682,3,0.5,3425,389
3814,1929.12,ga_tcheby_proxy,mesh9,4,2,0,"[4-1-2]",2,42,3.21103,0.97,0.692308,2,0.5,3426,389
3815,1929.44,ga_tcheby_proxy,mesh9,2,6,0,"[2-5-4-7-6]",4,84,6.42205,0.97,0.702326,4,0.5,3427,389
3816,1929.51,ga_tcheby_proxy,mesh9,0,7,0,"[0-1-4-7]",3,62,4.80756,0.97,0.703704,3,0.5,3428,389
3817,1929.85,ga_tcheby_proxy,mesh9,4,6,0,"[4-3-6]",2,42,3.21103,0.97,0.696682,2,0.5,3429,389
3818,1930.13,ga_tcheby_proxy,mesh9,1,7,0,"[1-4-7]",2,40,3.19307,0.975,0.704388,2,0.5,3430,389
3819,1930.43,ga_tcheby_proxy,mesh9,0,2,0,"[0-1-2]",2,44,3.22898,0.97,0.690073,2,0.5,3431,389
3820,1930.45,ga_tcheby_proxy,mesh9,0,5,1,"[]",0,0,0,0,0,0,0.5,3431,390
3821,1930.48,ga_tcheby_proxy,mesh9,2,8,1,"[]",0,0,0,0,0,0,0.5,3431,391
3822,1930.5,ga_tcheby_proxy,mesh9,1,2,1,"[]",0,0,0,0,0,0,0.5,3431,392
3823,1930.68,ga_tcheby_proxy,mesh9,3,1,0,"[3-0-1]",2,42,3.21103,0.97,0.693046,2,0.5,3432,392
3824,1930.81,ga_tcheby_proxy,mesh9,5,4,0,"[5-4]",1,22,1.61449,0.97,0.687805,1,0.5,3433,392
3825,1931.61,ga_tcheby_proxy,mesh9,5,6,0,"[5-8-7-6]",3,64,4.82552,0.97,0.695962,3,0.5,3434,392
3826,1932.26,ga_tcheby_proxy,mesh9,1,7,0,"[1-4-7]",2,40,3.19307,0.975,0.705069,2,0.5,3435,392
3827,1932.36,ga_tcheby_proxy,mesh9,7,3,0,"[7-6-3]",2,42,3.21103,0.97,0.6974,2,0.5,3436,392
3828,1932.66,ga_tcheby_proxy,mesh9,0,7,0,"[0-3-6-7]",3,62,4.80756,0.97,0.704388,3,0.5,3437,392
3829,1932.79,ga_tcheby_proxy,mesh9,8,4,0,"[8-5-4]",2,42,3.21103,0.97,0.688564,2,0.5,3438,392
3830,1933.13,ga_tcheby_proxy,mesh9,1,7,0,"[1-4-7]",2,40,3.19307,0.975,0.705747,2,0.5,3439,392
3831,1933.33,ga_tcheby_proxy,mesh9,0,3,0,"[0-3]",1,20,1.59654,0.975,0.705069,1,0.5,3440,392
3832,1933.49,ga_tcheby_proxy,mesh9,6,0,0,"[6-3-0]",2,40,3.19307,0.975,0.698113,2,0.5,3441,392
3833,1933.55,ga_tcheby_proxy,mesh9,5,7,1,"[]",0,0,0,0,0,0,0.5,3441,393
3834,1933.88,ga_tcheby_proxy,mesh9,3,0,0,"[3-0]",1,20,1.59654,0.975,0.694511,1,0.5,3442,393
3835,1934.56,ga_tcheby_proxy,mesh9,0,3,0,"[0-3]",1,20,1.59654,0.975,0.705747,1,0.5,3443,393
3836,1935.43,ga_tcheby_proxy,mesh9,4,2,0,"[4-1-2]",2,42,3.21103,0.97,0.693046,2,0.5,3444,393
3837,1936.48,ga_tcheby_proxy,mesh9,8,3,0,"[8-5-4-3]",3,64,4.82552,0.97,0.6974,3,0.5,3445,393
3838,1936.66,ga_tcheby_proxy,mesh9,1,0,0,"[1-0]",1,22,1.61449,0.97,0.6974,1,0.5,3446,393
3839,1936.72,ga_tcheby_proxy,mesh9,7,4,1,"[]",0,0,0,0,0,0,0.5,3446,394
3840,1937.12,ga_tcheby_proxy,mesh9,0,1,0,"[0-1]",1,22,1.61449,0.97,0.676768,1,0.5,3447,394
3841,1937.31,ga_tcheby_proxy,mesh9,5,3,0,"[5-4-3]",2,44,3.22898,0.97,0.698113,2,0.5,3448,394
3842,1937.46,ga_tcheby_proxy,mesh9,0,6,0,"[0-3-6]",2,40,3.19307,0.975,0.706422,2,0.5,3449,394
3843,1937.55,ga_tcheby_proxy,mesh9,4,8,0,"[4-5-8]",2,42,3.21103,0.97,0.696682,2,0.5,3450,394
3844,1938.09,ga_tcheby_proxy,mesh9,3,7,0,"[3-6-7]",2,42,3.21103,0.97,0.6974,2,0.5,3451,394
3845,1938.58,ga_tcheby_proxy,mesh9,7,8,0,"[7-8]",1,22,1.61449,0.97,0.694511,1,0.5,3452,394
3846,1939.05,ga_tcheby_proxy,mesh9,6,4,0,"[6-7-4]",2,42,3.21103,0.97,0.698113,2,0.5,3453,394
3847,1939.37,ga_tcheby_proxy,mesh9,7,8,0,"[7-8]",1,22,1.61449,0.97,0.695238,1,0.5,3454,394
3848,1940.04,ga_tcheby_proxy,mesh9,2,1,0,"[2-1]",1,22,1.61449,0.97,0.687042,1,0.5,3455,394
3849,1940.28,ga_tcheby_proxy,mesh9,3,7,0,"[3-6-7]",2,42,3.21103,0.97,0.698824,2,0.5,3456,394
3850,1940.51,ga_tcheby_proxy,mesh9,1,2,0,"[1-2]",1,22,1.61449,0.97,0.691566,1,0.5,3457,394
3851,1940.52,ga_tcheby_proxy,mesh9,2,1,1,"[]",0,0,0,0,0,0,0.5,3457,395
3852,1941.69,ga_tcheby_proxy,mesh9,6,0,0,"[6-3-0]",2,40,3.19307,0.975,0.698824,2,0.5,3458,395
3853,1941.94,ga_tcheby_proxy,mesh9,4,1,0,"[4-1]",1,20,1.59654,0.975,0.69378,1,0.5,3459,395
3854,1942,ga_tcheby_proxy,mesh9,4,7,0,"[4-7]",1,20,1.67984,0.92492,0.700234,1,0.5,3460,395
3855,1942.35,ga_tcheby_proxy,mesh9,0,5,0,"[0-1-2-5]",3,64,4.82552,0.97,0.703016,3,0.5,3461,395
3856,1943.01,ga_tcheby_proxy,mesh9,1,6,0,"[1-4-7-6]",3,62,4.80756,0.97,0.706422,3,0.5,3462,395
3857,1943.06,ga_tcheby_proxy,mesh9,8,5,0,"[8-5]",1,20,1.679,0.9254,0.675127,1,0.5,3463,395
3858,1945.97,ga_tcheby_proxy,mesh9,1,8,0,"[1-2-5-8]",3,62,4.80756,0.97,0.703704,3,0.5,3464,395
3859,1946.76,ga_tcheby_proxy,mesh9,6,7,0,"[6-7]",1,22,1.61449,0.97,0.699531,1,0.5,3465,395
3860,1946.8,ga_tcheby_proxy,mesh9,6,4,1,"[]",0,0,0,0,0,0,0.5,3465,396
3861,1947.09,ga_tcheby_proxy,mesh9,2,4,0,"[2-5-4]",2,42,3.21103,0.97,0.704388,2,0.5,3466,396
3862,1947.21,ga_tcheby_proxy,mesh9,0,5,0,"[0-1-2-5]",3,64,4.82552,0.97,0.705069,3,0.5,3467,396
3863,1947.28,ga_tcheby_proxy,mesh9,2,4,0,"[2-5-4]",2,42,3.21103,0.97,0.705747,2,0.5,3468,396
3864,1947.7,ga_tcheby_proxy,mesh9,5,8,0,"[5-8]",1,20,1.59654,0.975,0.698113,1,0.5,3469,396
3865,1947.91,ga_tcheby_proxy,mesh9,3,8,0,"[3-4-5-8]",3,64,4.82552,0.97,0.698824,3,0.5,3470,396
3866,1948,ga_tcheby_proxy,mesh9,5,2,0,"[5-2]",1,20,1.59654,0.975,0.659574,1,0.5,3471,396
3867,1949.41,ga_tcheby_proxy,mesh9,3,8,0,"[3-4-5-8]",3,64,4.82552,0.97,0.699531,3,0.5,3472,396
3868,1949.81,ga_tcheby_proxy,mesh9,5,8,0,"[5-8]",1,20,1.59654,0.975,0.700234,1,0.5,3473,396
3869,1949.83,ga_tcheby_proxy,mesh9,8,5,1,"[]",0,0,0,0,0,0,0.5,3473,397
3870,1951.47,ga_tcheby_proxy,mesh9,4,2,0,"[4-1-2]",2,42,3.21103,0.97,0.694511,2,0.5,3474,397
3871,1951.85,ga_tcheby_proxy,mesh9,4,0,0,"[4-1-0]",2,42,3.21103,0.97,0.698113,2,0.5,3475,397
3872,1952.39,ga_tcheby_proxy,mesh9,4,2,0,"[4-1-2]",2,42,3.21103,0.97,0.695962,2,0.5,3476,397
3873,1952.95,ga_tcheby_proxy,mesh9,8,2,0,"[8-5-2]",2,40,3.19307,0.975,0.675949,2,0.5,3477,397
3874,1953.12,ga_tcheby_proxy,mesh9,1,3,0,"[1-0-3]",2,42,3.21103,0.97,0.707094,2,0.5,3478,397
3875,1953.14,ga_tcheby_proxy,mesh9,7,6,1,"[]",0,0,0,0,0,0,0.5,3478,398
3876,1953.35,ga_tcheby_proxy,mesh9,3,2,0,"[3-0-1-2]",3,64,4.82552,0.97,0.695962,3,0.5,3479,398
3877,1953.97,ga_tcheby_proxy,mesh9,6,7,0,"[6-7]",1,22,1.61449,0.97,0.700234,1,0.5,3480,398
3878,1954.34,ga_tcheby_proxy,mesh9,5,6,0,"[5-4-3-6]",3,64,4.82552,0.97,0.698824,3,0.5,3481,398
3879,1954.44,ga_tcheby_proxy,mesh9,4,2,0,"[4-5-2]",2,42,3.21103,0.97,0.695962,2,0.5,3482,398
3880,1955.56,ga_tcheby_proxy,mesh9,2,4,0,"[2-5-4]",2,42,3.21103,0.97,0.706422,2,0.5,3483,398
3881,1955.72,ga_tcheby_proxy,mesh9,7,2,0,"[7-8-5-2]",3,62,4.80756,0.97,0.695962,3,0.5,3484,398
3882,1956.86,ga_tcheby_proxy,mesh9,2,3,0,"[2-1-4-3]",3,64,4.82552,0.97,0.707094,3,0.5,3485,398
3883,1957.22,ga_tcheby_proxy,mesh9,5,3,0,"[5-4-3]",2,44,3.22898,0.97,0.700234,2,0.5,3486,398
3884,1957.46,ga_tcheby_proxy,mesh9,7,0,0,"[7-6-3-0]",3,62,4.80756,0.97,0.699531,3,0.5,3487,398
3885,1957.78,ga_tcheby_proxy,mesh9,4,8,0,"[4-5-8]",2,42,3.21103,0.97,0.700935,2,0.5,3488,398
3886,1958.05,ga_tcheby_proxy,mesh9,8,0,0,"[8-7-4-1-0]",4,84,6.42205,0.97,0.699531,4,0.5,3489,398
3887,1958.5,ga_tcheby_proxy,mesh9,1,4,0,"[1-4]",1,20,1.59654,0.975,0.707763,1,0.5,3490,398
3888,1958.73,ga_tcheby_proxy,mesh9,6,2,0,"[6-3-4-1-2]",4,84,6.42205,0.97,0.700234,4,0.5,3491,398
3889,1959.42,ga_tcheby_proxy,mesh9,5,8,0,"[5-8]",1,20,1.59654,0.975,0.701632,1,0.5,3492,398
3890,1960.46,ga_tcheby_proxy,mesh9,4,3,0,"[4-3]",1,22,1.61449,0.97,0.700935,1,0.5,3493,398
3891,1960.58,ga_tcheby_proxy,mesh9,1,8,0,"[1-2-5-8]",3,62,4.80756,0.97,0.707094,3,0.5,3494,398
3892,1962.49,ga_tcheby_proxy,mesh9,3,6,0,"[3-6]",1,20,1.59654,0.975,0.691566,1,0.5,3495,398
3893,1962.65,ga_tcheby_proxy,mesh9,4,1,0,"[4-1]",1,20,1.59654,0.975,0.698113,1,0.5,3496,398
3894,1962.73,ga_tcheby_proxy,mesh9,6,8,0,"[6-7-8]",2,44,3.22898,0.97,0.700935,2,0.5,3497,398
3895,1962.8,ga_tcheby_proxy,mesh9,3,8,0,"[3-4-7-8]",3,64,4.87972,0.93715,0.701632,3,0.5,3498,398
3896,1963.16,ga_tcheby_proxy,mesh9,1,4,0,"[1-4]",1,20,1.59654,0.975,0.708428,1,0.5,3499,398
3897,1963.71,ga_tcheby_proxy,mesh9,5,0,0,"[5-4-1-0]",3,64,4.82552,0.97,0.700234,3,0.5,3500,398
3898,1963.81,ga_tcheby_proxy,mesh9,7,2,0,"[7-4-5-2]",3,62,4.80756,0.97,0.6974,3,0.5,3501,398
3899,1965.75,ga_tcheby_proxy,mesh9,4,1,0,"[4-1]",1,20,1.59654,0.975,0.699531,1,0.5,3502,398
3900,1965.89,ga_tcheby_proxy,mesh9,8,4,0,"[8-7-4]",2,42,3.21103,0.97,0.694511,2,0.5,3503,398
3901,1966.58,ga_tcheby_proxy,mesh9,7,6,0,"[7-6]",1,22,1.61449,0.97,0.690821,1,0.5,3504,398
3902,1966.58,ga_tcheby_proxy,mesh9,8,1,1,"[]",0,0,0,0,0,0,0.5,3504,399
3903,1967.23,ga_tcheby_proxy,mesh9,0,8,0,"[0-3-4-7-8]",4,84,6.42205,0.97,0.707763,4,0.5,3505,399
3904,1967.38,ga_tcheby_proxy,mesh9,7,2,0,"[7-4-5-2]",3,62,4.80756,0.97,0.698113,3,0.5,3506,399
3905,1967.67,ga_tcheby_proxy,mesh9,2,7,0,"[2-5-4-7]",3,62,4.80756,0.97,0.707763,3,0.5,3507,399
3906,1970.91,ga_tcheby_proxy,mesh9,5,7,0,"[5-8-7]",2,42,3.21103,0.97,0.703016,2,0.5,3508,399
3907,1971.63,ga_tcheby_proxy,mesh9,0,5,0,"[0-3-4-5]",3,64,4.82552,0.97,0.708428,3,0.5,3509,399
3908,1971.91,ga_tcheby_proxy,mesh9,7,0,0,"[7-4-1-0]",3,62,4.80756,0.97,0.700935,3,0.5,3510,399
3909,1972.43,ga_tcheby_proxy,mesh9,1,5,0,"[1-2-5]",2,42,3.21103,0.97,0.708428,2,0.5,3511,399
3910,1972.8,ga_tcheby_proxy,mesh9,6,0,0,"[6-3-0]",2,40,3.19307,0.975,0.700935,2,0.5,3512,399
3911,1973.09,ga_tcheby_proxy,mesh9,4,8,0,"[4-7-8]",2,42,3.21103,0.97,0.703704,2,0.5,3513,399
3912,1973.42,ga_tcheby_proxy,mesh9,6,5,0,"[6-3-4-5]",3,64,4.82552,0.97,0.701632,3,0.5,3514,399
3913,1973.83,ga_tcheby_proxy,mesh9,4,7,0,"[4-7]",1,20,1.59654,0.975,0.704388,1,0.5,3515,399
3914,1973.94,ga_tcheby_proxy,mesh9,2,3,0,"[2-5-4-3]",3,64,4.82552,0.97,0.709091,3,0.5,3516,399
3915,1974.45,ga_tcheby_proxy,mesh9,7,4,0,"[7-4]",1,20,1.59654,0.975,0.696682,1,0.5,3517,399
3916,1974.8,ga_tcheby_proxy,mesh9,7,3,0,"[7-6-3]",2,42,3.21103,0.97,0.702326,2,0.5,3518,399
3917,1974.99,ga_tcheby_proxy,mesh9,8,0,0,"[8-5-4-1-0]",4,84,6.42205,0.97,0.701632,4,0.5,3519,399
3918,1975.03,ga_tcheby_proxy,mesh9,4,0,1,"[]",0,0,0,0,0,0,0.5,3519,400
3919,1976.57,ga_tcheby_proxy,mesh9,6,8,0,"[6-7-8]",2,44,3.22898,0.97,0.701632,2,0.5,3520,400
3920,1976.59,ga_tcheby_proxy,mesh9,8,5,1,"[]",0,0,0,0,0,0,0.5,3520,401
3921,1977.2,ga_tcheby_proxy,mesh9,8,5,0,"[8-5]",1,20,1.59654,0.975,0.678392,1,0.5,3521,401
3922,1977.62,ga_tcheby_proxy,mesh9,0,1,0,"[0-1]",1,22,1.61449,0.97,0.68,1,0.5,3522,401
3923,1977.88,ga_tcheby_proxy,mesh9,6,5,0,"[6-7-8-5]",3,64,4.82552,0.97,0.702326,3,0.5,3523,401
3924,1978.21,ga_tcheby_proxy,mesh9,0,5,0,"[0-1-4-5]",3,64,4.82552,0.97,0.709091,3,0.5,3524,401
3925,1978.29,ga_tcheby_proxy,mesh9,0,3,0,"[0-3]",1,20,1.59654,0.975,0.709091,1,0.5,3525,401
3926,1978.38,ga_tcheby_proxy,mesh9,8,0,0,"[8-7-4-1-0]",4,84,6.42205,0.97,0.702326,4,0.5,3526,401
3927,1979.09,ga_tcheby_proxy,mesh9,3,6,0,"[3-6]",1,20,1.59654,0.975,0.692308,1,0.5,3527,401
3928,1979.2,ga_tcheby_proxy,mesh9,2,0,0,"[2-1-0]",2,44,3.22898,0.97,0.703016,2,0.5,3528,401
3929,1979.38,ga_tcheby_proxy,mesh9,4,1,0,"[4-1]",1,20,1.59654,0.975,0.702326,1,0.5,3529,401
3930,1979.66,ga_tcheby_proxy,mesh9,5,0,0,"[5-4-3-0]",3,64,4.82552,0.97,0.702326,3,0.5,3530,401
3931,1979.82,ga_tcheby_proxy,mesh9,5,6,0,"[5-4-3-6]",3,64,4.82552,0.97,0.703016,3,0.5,3531,401
3932,1980.05,ga_tcheby_proxy,mesh9,6,2,0,"[6-3-4-1-2]",4,84,6.42205,0.97,0.703016,4,0.5,3532,401
3933,1980.25,ga_tcheby_proxy,mesh9,7,6,0,"[7-6]",1,22,1.61449,0.97,0.692308,1,0.5,3533,401
3934,1980.41,ga_tcheby_proxy,mesh9,0,1,0,"[0-1]",1,22,1.61449,0.97,0.681592,1,0.5,3534,401
3935,1980.51,ga_tcheby_proxy,mesh9,1,4,0,"[1-4]",1,20,1.59654,0.975,0.709751,1,0.5,3535,401
3936,1981.09,ga_tcheby_proxy,mesh9,1,0,0,"[1-0]",1,22,1.61449,0.97,0.703704,1,0.5,3536,401
3937,1981.73,ga_tcheby_proxy,mesh9,8,0,0,"[8-7-4-3-0]",4,84,6.42205,0.97,0.703704,4,0.5,3537,401
3938,1981.98,ga_tcheby_proxy,mesh9,3,6,0,"[3-6]",1,20,1.59654,0.975,0.69378,1,0.5,3538,401
3939,1982.72,ga_tcheby_proxy,mesh9,6,8,0,"[6-7-8]",2,44,3.22898,0.97,0.703016,2,0.5,3539,401
3940,1982.89,ga_tcheby_proxy,mesh9,5,1,0,"[5-2-1]",2,42,3.21103,0.97,0.68932,2,0.5,3540,401
3941,1983.85,ga_tcheby_proxy,mesh9,4,3,0,"[4-3]",1,22,1.61449,0.97,0.704388,1,0.5,3541,401
3942,1984.35,ga_tcheby_proxy,mesh9,2,3,0,"[2-5-4-3]",3,64,4.82552,0.97,0.709751,3,0.5,3542,401
3943,1985.48,ga_tcheby_proxy,mesh9,8,0,0,"[8-7-6-3-0]",4,84,6.42205,0.97,0.703704,4,0.5,3543,401
3944,1985.75,ga_tcheby_proxy,mesh9,8,7,0,"[8-7]",1,22,1.61449,0.97,0.679198,1,0.5,3544,401
3945,1986.25,ga_tcheby_proxy,mesh9,7,6,0,"[7-6]",1,22,1.61449,0.97,0.69378,1,0.5,3545,401
3946,1987.17,ga_tcheby_proxy,mesh9,6,0,0,"[6-3-0]",2,40,3.19307,0.975,0.704388,2,0.5,3546,401
3947,1987.96,ga_tcheby_proxy,mesh9,4,6,0,"[4-7-6]",2,42,3.21103,0.97,0.705069,2,0.5,3547,401
3948,1988.3,ga_tcheby_proxy,mesh9,3,1,0,"[3-0-1]",2,42,3.21103,0.97,0.700935,2,0.5,3548,401
3949,1989.43,ga_tcheby_proxy,mesh9,2,8,0,"[2-5-8]",2,40,3.19307,0.975,0.710407,2,0.5,3549,401
3950,1989.66,ga_tcheby_proxy,mesh9,2,0,0,"[2-1-0]",2,44,3.22898,0.97,0.704388,2,0.5,3550,401
3951,1989.98,ga_tcheby_proxy,mesh9,0,7,0,"[0-3-4-7]",3,62,4.80756,0.97,0.709751,3,0.5,3551,401
3952,1990.34,ga_tcheby_proxy,mesh9,4,8,0,"[4-5-8]",2,42,3.21103,0.97,0.704388,2,0.5,3552,401
3953,1990.46,ga_tcheby_proxy,mesh9,5,6,0,"[5-8-7-6]",3,64,4.82552,0.97,0.705069,3,0.5,3553,401
3954,1991.51,ga_tcheby_proxy,mesh9,8,1,0,"[8-5-2-1]",3,62,4.80756,0.97,0.690821,3,0.5,3554,401
3955,1991.71,ga_tcheby_proxy,mesh9,6,4,0,"[6-7-4]",2,42,3.21103,0.97,0.703704,2,0.5,3555,401
3956,1991.86,ga_tcheby_proxy,mesh9,8,7,0,"[8-7]",1,22,1.61449,0.97,0.680798,1,0.5,3556,401
3957,1991.87,ga_tcheby_proxy,mesh9,5,6,1,"[]",0,0,0,0,0,0,0.5,3556,402
3958,1993.05,ga_tcheby_proxy,mesh9,0,3,0,"[0-3]",1,20,1.59654,0.975,0.710407,1,0.5,3557,402
3959,1993.17,ga_tcheby_proxy,mesh9,1,5,0,"[1-4-5]",2,42,3.21103,0.97,0.710407,2,0.5,3558,402
3960,1995.76,ga_tcheby_proxy,mesh9,6,0,0,"[6-3-0]",2,40,3.19307,0.975,0.705069,2,0.5,3559,402
3961,1995.89,ga_tcheby_proxy,mesh9,1,2,0,"[1-2]",1,22,1.61449,0.97,0.699531,1,0.5,3560,402
3962,1995.92,ga_tcheby_proxy,mesh9,5,2,1,"[]",0,0,0,0,0,0,0.5,3560,403
3963,1996.16,ga_tcheby_proxy,mesh9,1,0,0,"[1-0]",1,22,1.61449,0.97,0.705069,1,0.5,3561,403
3964,1996.33,ga_tcheby_proxy,mesh9,4,6,0,"[4-3-6]",2,42,3.21103,0.97,0.705747,2,0.5,3562,403
3965,1996.36,ga_tcheby_proxy,mesh9,8,4,1,"[]",0,0,0,0,0,0,0.5,3562,404
3966,1996.73,ga_tcheby_proxy,mesh9,6,7,0,"[6-7]",1,22,1.61449,0.97,0.704388,1,0.5,3563,404
3967,1996.83,ga_tcheby_proxy,mesh9,8,2,0,"[8-5-2]",2,40,3.19307,0.975,0.680798,2,0.5,3564,404
3968,1996.83,ga_tcheby_proxy,mesh9,1,3,0,"[1-4-3]",2,42,3.30109,0.94282,0.711061,2,0.5,3565,404
3969,1997,ga_tcheby_proxy,mesh9,3,4,0,"[3-4]",1,22,1.61449,0.97,0.701632,1,0.5,3566,404
3970,1997.58,ga_tcheby_proxy,mesh9,8,6,0,"[8-7-6]",2,44,3.22898,0.97,0.695962,2,0.5,3567,404
3971,1997.58,ga_tcheby_proxy,mesh9,4,7,1,"[]",0,0,0,0,0,0,0.5,3567,405
3972,1998.02,ga_tcheby_proxy,mesh9,2,0,0,"[2-1-0]",2,44,3.22898,0.97,0.705747,2,0.5,3568,405
3973,1998.11,ga_tcheby_proxy,mesh9,8,7,0,"[8-7]",1,22,1.61449,0.97,0.682382,1,0.5,3569,405
3974,1998.69,ga_tcheby_proxy,mesh9,0,3,0,"[0-3]",1,20,1.59654,0.975,0.711061,1,0.5,3570,405
3975,2000.22,ga_tcheby_proxy,mesh9,2,5,0,"[2-5]",1,20,1.59654,0.975,0.711061,1,0.5,3571,405
3976,2000.27,ga_tcheby_proxy,mesh9,7,5,1,"[]",0,0,0,0,0,0,0.5,3571,406
3977,2001.09,ga_tcheby_proxy,mesh9,1,4,0,"[1-4]",1,20,1.59654,0.975,0.711712,1,0.5,3572,406
3978,2001.22,ga_tcheby_proxy,mesh9,2,4,0,"[2-5-4]",2,42,3.21103,0.97,0.711712,2,0.5,3573,406
3979,2001.32,ga_tcheby_proxy,mesh9,5,0,0,"[5-2-1-0]",3,64,4.82552,0.97,0.706422,3,0.5,3574,406
3980,2001.91,ga_tcheby_proxy,mesh9,3,8,0,"[3-6-7-8]",3,64,4.82552,0.97,0.705069,3,0.5,3575,406
3981,2002.46,ga_tcheby_proxy,mesh9,6,5,0,"[6-3-4-5]",3,64,4.82552,0.97,0.705747,3,0.5,3576,406
3982,2003.18,ga_tcheby_proxy,mesh9,7,8,0,"[7-8]",1,22,1.61449,0.97,0.702326,1,0.5,3577,406
3983,2003.98,ga_tcheby_proxy,mesh9,3,6,0,"[3-6]",1,20,1.59654,0.975,0.695962,1,0.5,3578,406
3984,2004.15,ga_tcheby_proxy,mesh9,7,6,0,"[7-6]",1,22,1.61449,0.97,0.696682,1,0.5,3579,406
3985,2004.59,ga_tcheby_proxy,mesh9,6,2,0,"[6-7-4-1-2]",4,84,6.42205,0.97,0.705747,4,0.5,3580,406
3986,2004.6,ga_tcheby_proxy,mesh9,2,5,1,"[]",0,0,0,0,0,0,0.5,3580,407
3987,2004.76,ga_tcheby_proxy,mesh9,8,0,0,"[8-7-6-3-0]",4,84,6.42205,0.97,0.706422,4,0.5,3581,407
3988,2006.84,ga_tcheby_proxy,mesh9,8,6,0,"[8-7-6]",2,44,3.22898,0.97,0.698113,2,0.5,3582,407
3989,2006.94,ga_tcheby_proxy,mesh9,4,5,0,"[4-5]",1,22,1.61449,0.97,0.703016,1,0.5,3583,407
3990,2007.33,ga_tcheby_proxy,mesh9,1,8,0,"[1-2-5-8]",3,62,4.80756,0.97,0.71236,3,0.5,3584,407
3991,2007.44,ga_tcheby_proxy,mesh9,4,0,0,"[4-3-0]",2,42,3.21103,0.97,0.707094,2,0.5,3585,407
3992,2007.58,ga_tcheby_proxy,mesh9,1,5,0,"[1-4-5]",2,42,3.21103,0.97,0.71236,2,0.5,3586,407
3993,2007.72,ga_tcheby_proxy,mesh9,5,4,0,"[5-4]",1,22,1.61449,0.97,0.700234,1,0.5,3587,407
3994,2008.19,ga_tcheby_proxy,mesh9,1,6,0,"[1-0-3-6]",3,62,4.80756,0.97,0.711712,3,0.5,3588,407
3995,2008.72,ga_tcheby_proxy,mesh9,2,6,0,"[2-1-0-3-6]",4,84,6.42205,0.97,0.71236,4,0.5,3589,407
3996,2009.17,ga_tcheby_proxy,mesh9,4,3,0,"[4-3]",1,22,1.61449,0.97,0.707763,1,0.5,3590,407
3997,2009.22,ga_tcheby_proxy,mesh9,4,6,1,"[]",0,0,0,0,0,0,0.5,3590,408
3998,2009.33,ga_tcheby_proxy,mesh9,2,0,0,"[2-1-0]",2,44,3.22898,0.97,0.708428,2,0.5,3591,408
3999,2009.34,ga_tcheby_proxy,mesh9,2,6,1,"[]",0,0,0,0,0,0,0.5,3591,409
4000,2011.49,ga_tcheby_proxy,mesh9,5,7,0,"[5-8-7]",2,42,3.21103,0.97,0.706422,2,0.5,3592,409
4001,2011.64,ga_tcheby_proxy,mesh9,7,5,0,"[7-8-5]",2,42,3.21103,0.97,0.703016,2,0.5,3593,409
4002,2012.36,ga_tcheby_proxy,mesh9,0,2,0,"[0-1-2]",2,44,3.22898,0.97,0.701632,2,0.5,3594,409
4003,2012.88,ga_tcheby_proxy,mesh9,3,0,0,"[3-0]",1,20,1.59654,0.975,0.703704,1,0.5,3595,409
4004,2013.01,ga_tcheby_proxy,mesh9,2,5,0,"[2-5]",1,20,1.59654,0.975,0.713004,1,0.5,3596,409
4005,2013.56,ga_tcheby_proxy,mesh9,1,2,0,"[1-2]",1,22,1.61449,0.97,0.702326,1,0.5,3597,409
4006,2013.85,ga_tcheby_proxy,mesh9,0,6,0,"[0-3-6]",2,40,3.19307,0.975,0.713004,2,0.5,3598,409
4007,2017.69,ga_tcheby_proxy,mesh9,6,5,0,"[6-7-8-5]",3,64,4.82552,0.97,0.706422,3,0.5,3599,409
4008,2017.84,ga_tcheby_proxy,mesh9,0,7,0,"[0-1-4-7]",3,62,4.80756,0.97,0.713004,3,0.5,3600,409
4009,2018.08,ga_tcheby_proxy,mesh9,5,6,0,"[5-4-7-6]",3,64,4.82552,0.97,0.707094,3,0.5,3601,409
4010,2019.18,ga_tcheby_proxy,mesh9,2,8,0,"[2-5-8]",2,40,3.19307,0.975,0.713647,2,0.5,3602,409
4011,2019.8,ga_tcheby_proxy,mesh9,5,8,0,"[5-8]",1,20,1.59654,0.975,0.707763,1,0.5,3603,409
4012,2020.03,ga_tcheby_proxy,mesh9,4,7,0,"[4-7]",1,20,1.59654,0.975,0.707763,1,0.5,3604,409
4013,2020.18,ga_tcheby_proxy,mesh9,7,6,0,"[7-6]",1,22,1.61449,0.97,0.699531,1,0.5,3605,409
4014,2020.42,ga_tcheby_proxy,mesh9,6,5,0,"[6-7-4-5]",3,64,4.82552,0.97,0.707094,3,0.5,3606,409
4015,2020.59,ga_tcheby_proxy,mesh9,5,7,0,"[5-4-7]",2,42,3.21103,0.97,0.708428,2,0.5,3607,409
4016,2020.77,ga_tcheby_proxy,mesh9,0,3,0,"[0-3]",1,20,1.59654,0.975,0.713647,1,0.5,3608,409
4017,2020.81,ga_tcheby_proxy,mesh9,3,5,1,"[]",0,0,0,0,0,0,0.5,3608,410
4018,2021,ga_tcheby_proxy,mesh9,5,7,0,"[5-8-7]",2,42,3.21103,0.97,0.708428,2,0.5,3609,410
4019,2021.05,ga_tcheby_proxy,mesh9,7,5,1,"[]",0,0,0,0,0,0,0.5,3609,411
4020,2021.18,ga_tcheby_proxy,mesh9,0,2,0,"[0-1-2]",2,44,3.22898,0.97,0.703016,2,0.5,3610,411
4021,2023.34,ga_tcheby_proxy,mesh9,1,8,0,"[1-4-5-8]",3,62,4.80756,0.97,0.713647,3,0.5,3611,411
4022,2023.43,ga_tcheby_proxy,mesh9,8,6,0,"[8-7-6]",2,44,3.22898,0.97,0.700234,2,0.5,3612,411
4023,2023.57,ga_tcheby_proxy,mesh9,4,3,0,"[4-3]",1,22,1.61449,0.97,0.708428,1,0.5,3613,411
4024,2024.33,ga_tcheby_proxy,mesh9,3,4,0,"[3-4]",1,22,1.61449,0.97,0.703016,1,0.5,3614,411
4025,2024.43,ga_tcheby_proxy,mesh9,5,8,0,"[5-8]",1,20,1.59654,0.975,0.709751,1,0.5,3615,411
4026,2025.09,ga_tcheby_proxy,mesh9,4,1,0,"[4-1]",1,20,1.59654,0.975,0.704388,1,0.5,3616,411
4027,2025.15,ga_tcheby_proxy,mesh9,3,2,0,"[3-6-7-8-5-2]",5,104,8.24437,0.918974,0.707763,5,0.5,3617,411
4028,2025.86,ga_tcheby_proxy,mesh9,2,5,0,"[2-5]",1,20,1.59654,0.975,0.714286,1,0.5,3618,411
4029,2026,ga_tcheby_proxy,mesh9,1,7,0,"[1-4-7]",2,40,3.19307,0.975,0.714286,2,0.5,3619,411
4030,2026.4,ga_tcheby_proxy,mesh9,8,2,0,"[8-5-2]",2,40,3.19307,0.975,0.683951,2,0.5,3620,411
4031,2027.1,ga_tcheby_proxy,mesh9,4,6,0,"[4-3-6]",2,42,3.21103,0.97,0.709091,2,0.5,3621,411
4032,2027.77,ga_tcheby_proxy,mesh9,2,4,0,"[2-5-4]",2,42,3.21103,0.97,0.714922,2,0.5,3622,411
4033,2028.56,ga_tcheby_proxy,mesh9,0,4,0,"[0-3-4]",2,42,3.21103,0.97,0.714286,2,0.5,3623,411
4034,2029.12,ga_tcheby_proxy,mesh9,6,5,0,"[6-3-4-5]",3,64,4.82552,0.97,0.707094,3,0.5,3624,411
4035,2029.33,ga_tcheby_proxy,mesh9,6,4,0,"[6-3-4]",2,42,3.21103,0.97,0.707763,2,0.5,3625,411
4036,2029.88,ga_tcheby_proxy,mesh9,7,8,0,"[7-8]",1,22,1.61449,0.97,0.705069,1,0.5,3626,411
4037,2030.68,ga_tcheby_proxy,mesh9,0,2,0,"[0-1-2]",2,44,3.22898,0.97,0.703704,2,0.5,3627,411
4038,2030.68,ga_tcheby_proxy,mesh9,2,4,0,"[2-1-4]",2,42,3.36727,0.922383,0.714922,2,0.5,3628,411
4039,2030.81,ga_tcheby_proxy,mesh9,0,7,0,"[0-3-4-7]",3,62,4.80756,0.97,0.714922,3,0.5,3629,411
4040,2030.97,ga_tcheby_proxy,mesh9,5,0,0,"[5-4-1-0]",3,64,4.82552,0.97,0.709091,3,0.5,3630,411
4041,2031.32,ga_tcheby_proxy,mesh9,6,3,0,"[6-3]",1,20,1.59654,0.975,0.708428,1,0.5,3631,411
4042,2031.62,ga_tcheby_proxy,mesh9,8,7,0,"[8-7]",1,22,1.61449,0.97,0.687042,1,0.5,3632,411
4043,2031.94,ga_tcheby_proxy,mesh9,7,8,0,"[7-8]",1,22,1.61449,0.97,0.705747,1,0.5,3633,411
4044,2032.29,ga_tcheby_proxy,mesh9,7,3,0,"[7-6-3]",2,42,3.21103,0.97,0.709091,2,0.5,3634,411
4045,2032.65,ga_tcheby_proxy,mesh9,5,0,0,"[5-2-1-0]",3,64,4.82552,0.97,0.709751,3,0.5,3635,411
4046,2032.77,ga_tcheby_proxy,mesh9,6,3,0,"[6-3]",1,20,1.59654,0.975,0.709751,1,0.5,3636,411
4047,2034.36,ga_tcheby_proxy,mesh9,6,1,0,"[6-7-4-1]",3,62,4.80756,0.97,0.708428,3,0.5,3637,411
4048,2034.48,ga_tcheby_proxy,mesh9,0,3,0,"[0-3]",1,20,1.59654,0.975,0.715556,1,0.5,3638,411
4049,2034.73,ga_tcheby_proxy,mesh9,1,3,0,"[1-4-3]",2,42,3.21103,0.97,0.715556,2,0.5,3639,411
4050,2034.75,ga_tcheby_proxy,mesh9,3,0,1,"[]",0,0,0,0,0,0,0.5,3639,412
4051,2036.01,ga_tcheby_proxy,mesh9,6,1,0,"[6-7-4-1]",3,62,4.80756,0.97,0.709091,3,0.5,3640,412
4052,2036.23,ga_tcheby_proxy,mesh9,6,8,0,"[6-7-8]",2,44,3.22898,0.97,0.709751,2,0.5,3641,412
4053,2036.9,ga_tcheby_proxy,mesh9,8,3,0,"[8-7-4-3]",3,64,4.82552,0.97,0.710407,3,0.5,3642,412
4054,2036.92,ga_tcheby_proxy,mesh9,1,8,1,"[]",0,0,0,0,0,0,0.5,3642,413
4055,2037.27,ga_tcheby_proxy,mesh9,3,7,0,"[3-6-7]",2,42,3.21103,0.97,0.710407,2,0.5,3643,413
4056,2037.65,ga_tcheby_proxy,mesh9,0,3,0,"[0-3]",1,20,1.59654,0.975,0.716186,1,0.5,3644,413
4057,2038.72,ga_tcheby_proxy,mesh9,1,3,0,"[1-4-3]",2,42,3.21103,0.97,0.716186,2,0.5,3645,413
4058,2039.23,ga_tcheby_proxy,mesh9,7,5,0,"[7-4-5]",2,42,3.21103,0.97,0.706422,2,0.5,3646,413
4059,2039.42,ga_tcheby_proxy,mesh9,3,0,0,"[3-0]",1,20,1.59654,0.975,0.704388,1,0.5,3647,413
4060,2039.5,ga_tcheby_proxy,mesh9,2,1,0,"[2-1]",1,22,1.61449,0.97,0.695962,1,0.5,3648,413
4061,2039.5,ga_tcheby_proxy,mesh9,8,2,0,"[8-5-2]",2,40,3.38911,0.916209,0.689826,2,0.5,3649,413
4062,2039.74,ga_tcheby_proxy,mesh9,3,8,0,"[3-4-7-8]",3,64,4.82552,0.97,0.710407,3,0.5,3650,413
4063,2039.88,ga_tcheby_proxy,mesh9,2,4,0,"[2-5-4]",2,42,3.21103,0.97,0.715556,2,0.5,3651,413
4064,2040.41,ga_tcheby_proxy,mesh9,3,4,0,"[3-4]",1,22,1.61449,0.97,0.707094,1,0.5,3652,413
4065,2042.22,ga_tcheby_proxy,mesh9,5,0,0,"[5-4-1-0]",3,64,4.82552,0.97,0.710407,3,0.5,3653,413
4066,2042.25,ga_tcheby_proxy,mesh9,1,7,1,"[]",0,0,0,0,0,0,0.5,3653,414
4067,2042.66,ga_tcheby_proxy,mesh9,4,3,0,"[4-3]",1,22,1.61449,0.97,0.711712,1,0.5,3654,414
4068,2042.88,ga_tcheby_proxy,mesh9,4,7,0,"[4-7]",1,20,1.59654,0.975,0.711061,1,0.5,3655,414
4069,2044.19,ga_tcheby_proxy,mesh9,2,0,0,"[2-1-0]",2,44,3.22898,0.97,0.711061,2,0.5,3656,414
4070,2044.23,ga_tcheby_proxy,mesh9,5,6,1,"[]",0,0,0,0,0,0,0.5,3656,415
4071,2045.09,ga_tcheby_proxy,mesh9,4,7,0,"[4-7]",1,20,1.59654,0.975,0.711712,1,0.5,3657,415
4072,2045.33,ga_tcheby_proxy,mesh9,8,4,0,"[8-7-4]",2,42,3.21103,0.97,0.703704,2,0.5,3658,415
4073,2046.15,ga_tcheby_proxy,mesh9,8,2,0,"[8-5-2]",2,40,3.19307,0.975,0.685504,2,0.5,3659,415
4074,2046.26,ga_tcheby_proxy,mesh9,4,5,0,"[4-5]",1,22,1.61449,0.97,0.707094,1,0.5,3660,415
4075,2046.79,ga_tcheby_proxy,mesh9,2,5,0,"[2-5]",1,20,1.59654,0.975,0.716186,1,0.5,3661,415
4076,2046.93,ga_tcheby_proxy,mesh9,6,5,0,"[6-3-4-5]",3,64,4.82552,0.97,0.710407,3,0.5,3662,415
4077,2047.08,ga_tcheby_proxy,mesh9,4,5,0,"[4-5]",1,22,1.61449,0.97,0.708428,1,0.5,3663,415
4078,2047.93,ga_tcheby_proxy,mesh9,8,7,0,"[8-7]",1,22,1.61449,0.97,0.68932,1,0.5,3664,415
4079,2048.13,ga_tcheby_proxy,mesh9,3,2,0,"[3-0-1-2]",3,64,4.82552,0.97,0.705069,3,0.5,3665,415
4080,2049.13,ga_tcheby_proxy,mesh9,1,8,0,"[1-2-5-8]",3,62,4.80756,0.97,0.716814,3,0.5,3666,415
4081,2049.15,ga_tcheby_proxy,mesh9,3,4,1,"[]",0,0,0,0,0,0,0.5,3666,416
4082,2049.65,ga_tcheby_proxy,mesh9,2,3,0,"[2-1-0-3]",3,64,4.82552,0.97,0.716814,3,0.5,3667,416
4083,2049.73,ga_tcheby_proxy,mesh9,6,3,0,"[6-3]",1,20,1.59654,0.975,0.711061,1,0.5,3668,416
4084,2049.79,ga_tcheby_proxy,mesh9,6,3,1,"[]",0,0,0,0,0,0,0.5,3668,417
4085,2050.67,ga_tcheby_proxy,mesh9,3,5,0,"[3-4-5]",2,44,3.22898,0.97,0.709091,2,0.5,3669,417
4086,2050.76,ga_tcheby_proxy,mesh9,3,8,0,"[3-6-7-8]",3,64,4.82552,0.97,0.711061,3,0.5,3670,417
4087,2051.38,ga_tcheby_proxy,mesh9,8,5,0,"[8-5]",1,20,1.59654,0.975,0.686275,1,0.5,3671,417
4088,2051.82,ga_tcheby_proxy,mesh9,1,6,0,"[1-4-3-6]",3,62,4.80756,0.97,0.716814,3,0.5,3672,417
4089,2052.31,ga_tcheby_proxy,mesh9,3,2,0,"[3-0-1-2]",3,64,4.82552,0.97,0.705747,3,0.5,3673,417
4090,2052.69,ga_tcheby_proxy,mesh9,0,4,0,"[0-1-4]",2,42,3.21103,0.97,0.717439,2,0.5,3674,417
4091,2052.8,ga_tcheby_proxy,mesh9,7,5,0,"[7-8-5]",2,42,3.21103,0.97,0.708428,2,0.5,3675,417
4092,2052.88,ga_tcheby_proxy,mesh9,1,2,0,"[1-2]",1,22,1.61449,0.97,0.706422,1,0.5,3676,417
4093,2053.22,ga_tcheby_proxy,mesh9,2,0,0,"[2-1-0]",2,44,3.22898,0.97,0.71236,2,0.5,3677,417
4094,2053.98,ga_tcheby_proxy,mesh9,8,4,0,"[8-7-4]",2,42,3.21103,0.97,0.704388,2,0.5,3678,417
4095,2054.39,ga_tcheby_proxy,mesh9,8,3,0,"[8-7-6-3]",3,64,4.82552,0.97,0.711712,3,0.5,3679,417
4096,2055.22,ga_tcheby_proxy,mesh9,0,6,0,"[0-3-6]",2,40,3.19307,0.975,0.717439,2,0.5,3680,417
4097,2055.78,ga_tcheby_proxy,mesh9,1,5,0,"[1-2-5]",2,42,3.21103,0.97,0.717439,2,0.5,3681,417
4098,2056.99,ga_tcheby_proxy,mesh9,5,0,0,"[5-4-3-0]",3,64,4.82552,0.97,0.713004,3,0.5,3682,417
4099,2057.04,ga_tcheby_proxy,mesh9,0,4,1,"[]",0,0,0,0,0,0,0.5,3682,418
4100,2057.26,ga_tcheby_proxy,mesh9,1,8,0,"[1-2-5-8]",3,62,4.80756,0.97,0.718062,3,0.5,3683,418
4101,2059.78,ga_tcheby_proxy,mesh9,4,1,0,"[4-1]",1,20,1.59654,0.975,0.707763,1,0.5,3684,418
4102,2060.26,ga_tcheby_proxy,mesh9,6,4,0,"[6-7-4]",2,42,3.21103,0.97,0.711712,2,0.5,3685,418
4103,2060.78,ga_tcheby_proxy,mesh9,5,4,0,"[5-4]",1,22,1.61449,0.97,0.705747,1,0.5,3686,418
4104,2061.75,ga_tcheby_proxy,mesh9,8,6,0,"[8-7-6]",2,44,3.22898,0.97,0.702326,2,0.5,3687,418
4105,2062,ga_tcheby_proxy,mesh9,4,5,0,"[4-5]",1,22,1.61449,0.97,0.709751,1,0.5,3688,418
4106,2062.57,ga_tcheby_proxy,mesh9,8,1,0,"[8-5-2-1]",3,62,4.80756,0.97,0.698824,3,0.5,3689,418
4107,2062.89,ga_tcheby_proxy,mesh9,3,2,0,"[3-0-1-2]",3,64,4.82552,0.97,0.708428,3,0.5,3690,418
4108,2063.18,ga_tcheby_proxy,mesh9,2,7,0,"[2-1-4-7]",3,62,4.80756,0.97,0.718062,3,0.5,3691,418
4109,2063.62,ga_tcheby_proxy,mesh9,1,5,0,"[1-2-5]",2,42,3.21103,0.97,0.718681,2,0.5,3692,418
4110,2063.84,ga_tcheby_proxy,mesh9,5,2,0,"[5-2]",1,20,1.59654,0.975,0.673469,1,0.5,3693,418
4111,2063.88,ga_tcheby_proxy,mesh9,6,5,1,"[]",0,0,0,0,0,0,0.5,3693,419
4112,2064.39,ga_tcheby_proxy,mesh9,3,2,0,"[3-0-1-2]",3,64,4.82552,0.97,0.709751,3,0.5,3694,419
4113,2064.46,ga_tcheby_proxy,mesh9,7,2,0,"[7-4-5-2]",3,62,4.87199,0.931202,0.710407,3,0.5,3695,419
4114,2064.94,ga_tcheby_proxy,mesh9,5,2,0,"[5-2]",1,20,1.59654,0.975,0.675127,1,0.5,3696,419
4115,2065.77,ga_tcheby_proxy,mesh9,0,8,0,"[0-3-6-7-8]",4,84,6.42205,0.97,0.718062,4,0.5,3697,419
4116,2066.1,ga_tcheby_proxy,mesh9,0,8,0,"[0-3-4-7-8]",4,84,6.42205,0.97,0.718681,4,0.5,3698,419
4117,2066.62,ga_tcheby_proxy,mesh9,8,4,0,"[8-7-4]",2,42,3.21103,0.97,0.706422,2,0.5,3699,419
4118,2066.98,ga_tcheby_proxy,mesh9,1,6,0,"[1-4-3-6]",3,62,4.80756,0.97,0.718681,3,0.5,3700,419
4119,2067.89,ga_tcheby_proxy,mesh9,5,0,0,"[5-2-1-0]",3,64,4.82552,0.97,0.713004,3,0.5,3701,419
4120,2068.36,ga_tcheby_proxy,mesh9,6,4,0,"[6-3-4]",2,42,3.21103,0.97,0.71236,2,0.5,3702,419
4121,2069.01,ga_tcheby_proxy,mesh9,1,8,0,"[1-2-5-8]",3,62,4.80756,0.97,0.719298,3,0.5,3703,419
4122,2069.18,ga_tcheby_proxy,mesh9,7,4,0,"[7-4]",1,20,1.59654,0.975,0.707094,1,0.5,3704,419
4123,2069.2,ga_tcheby_proxy,mesh9,4,3,1,"[]",0,0,0,0,0,0,0.5,3704,420
4124,2070.63,ga_tcheby_proxy,mesh9,4,7,0,"[4-7]",1,20,1.59654,0.975,0.713647,1,0.5,3705,420
4125,2071.48,ga_tcheby_proxy,mesh9,0,2,0,"[0-1-2]",2,44,3.22898,0.97,0.711061,2,0.5,3706,420
4126,2071.5,ga_tcheby_proxy,mesh9,3,4,1,"[]",0,0,0,0,0,0,0.5,3706,421
4127,2072.47,ga_tcheby_proxy,mesh9,7,3,0,"[7-6-3]",2,42,3.21103,0.97,0.713004,2,0.5,3707,421
4128,2073.91,ga_tcheby_proxy,mesh9,3,4,0,"[3-4]",1,22,1.61449,0.97,0.710407,1,0.5,3708,421
4129,2075.36,ga_tcheby_proxy,mesh9,6,3,0,"[6-3]",1,20,1.59654,0.975,0.713647,1,0.5,3709,421
4130,2075.43,ga_tcheby_proxy,mesh9,1,2,0,"[1-2]",1,22,1.61449,0.97,0.711712,1,0.5,3710,421
4131,2075.88,ga_tcheby_proxy,mesh9,1,0,0,"[1-0]",1,22,1.61449,0.97,0.713647,1,0.5,3711,421
4132,2076.39,ga_tcheby_proxy,mesh9,5,1,0,"[5-2-1]",2,42,3.21103,0.97,0.700935,2,0.5,3712,421
4133,2076.55,ga_tcheby_proxy,mesh9,4,3,0,"[4-3]",1,22,1.61449,0.97,0.714286,1,0.5,3713,421
4134,2076.7,ga_tcheby_proxy,mesh9,5,1,0,"[5-2-1]",2,42,3.21103,0.97,0.701632,2,0.5,3714,421
4135,2077.16,ga_tcheby_proxy,mesh9,3,2,0,"[3-4-5-2]",3,64,4.82552,0.97,0.711061,3,0.5,3715,421
4136,2078.64,ga_tcheby_proxy,mesh9,0,2,0,"[0-1-2]",2,44,3.22898,0.97,0.71236,2,0.5,3716,421
4137,2078.65,ga_tcheby_proxy,mesh9,2,0,1,"[]",0,0,0,0,0,0,0.5,3716,422
4138,2079.22,ga_tcheby_proxy,mesh9,1,6,0,"[1-0-3-6]",3,62,4.80756,0.97,0.719298,3,0.5,3717,422
4139,2080.08,ga_tcheby_proxy,mesh9,0,4,0,"[0-1-4]",2,42,3.21103,0.97,0.719298,2,0.5,3718,422
4140,2081.02,ga_tcheby_proxy,mesh9,4,0,0,"[4-3-0]",2,42,3.21103,0.97,0.714922,2,0.5,3719,422
4141,2081.43,ga_tcheby_proxy,mesh9,5,1,0,"[5-2-1]",2,42,3.21103,0.97,0.702326,2,0.5,3720,422
4142,2082.21,ga_tcheby_proxy,mesh9,5,1,0,"[5-2-1]",2,42,3.21103,0.97,0.703016,2,0.5,3721,422
4143,2082.59,ga_tcheby_proxy,mesh9,6,3,0,"[6-3]",1,20,1.59654,0.975,0.714286,1,0.5,3722,422
4144,2082.61,ga_tcheby_proxy,mesh9,4,8,1,"[]",0,0,0,0,0,0,0.5,3722,423
4145,2083.31,ga_tcheby_proxy,mesh9,2,6,0,"[2-1-4-7-6]",4,84,6.42205,0.97,0.719912,4,0.5,3723,423
4146,2083.37,ga_tcheby_proxy,mesh9,2,7,1,"[]",0,0,0,0,0,0,0.5,3723,424
4147,2085.83,ga_tcheby_proxy,mesh9,2,3,0,"[2-1-0-3]",3,64,4.82552,0.97,0.719912,3,0.5,3724,424
4148,2086.54,ga_tcheby_proxy,mesh9,3,5,0,"[3-4-5]",2,44,3.22898,0.97,0.711712,2,0.5,3725,424
4149,2086.73,ga_tcheby_proxy,mesh9,2,5,0,"[2-5]",1,20,1.59654,0.975,0.719912,1,0.5,3726,424
4150,2086.88,ga_tcheby_proxy,mesh9,1,3,0,"[1-0-3]",2,42,3.21103,0.97,0.720524,2,0.5,3727,424
4151,2087.19,ga_tcheby_proxy,mesh9,6,8,0,"[6-7-8]",2,44,3.22898,0.97,0.713004,2,0.5,3728,424
4152,2087.55,ga_tcheby_proxy,mesh9,5,6,0,"[5-8-7-6]",3,64,4.82552,0.97,0.71236,3,0.5,3729,424
4153,2088.88,ga_tcheby_proxy,mesh9,7,0,0,"[7-6-3-0]",3,62,4.80756,0.97,0.714922,3,0.5,3730,424
4154,2089.44,ga_tcheby_proxy,mesh9,5,1,0,"[5-2-1]",2,42,3.21103,0.97,0.705069,2,0.5,3731,424
4155,2089.76,ga_tcheby_proxy,mesh9,5,2,0,"[5-2]",1,20,1.59654,0.975,0.681592,1,0.5,3732,424
4156,2090.23,ga_tcheby_proxy,mesh9,7,3,0,"[7-4-3]",2,42,3.21103,0.97,0.715556,2,0.5,3733,424
4157,2090.63,ga_tcheby_proxy,mesh9,5,7,0,"[5-8-7]",2,42,3.21103,0.97,0.713004,2,0.5,3734,424
4158,2091.03,ga_tcheby_proxy,mesh9,3,7,0,"[3-6-7]",2,42,3.21103,0.97,0.713647,2,0.5,3735,424
4159,2091.5,ga_tcheby_proxy,mesh9,2,6,0,"[2-1-4-7-6]",4,84,6.42205,0.97,0.720524,4,0.5,3736,424
4160,2091.89,ga_tcheby_proxy,mesh9,3,5,0,"[3-4-5]",2,44,3.22898,0.97,0.71236,2,0.5,3737,424
4161,2092.05,ga_tcheby_proxy,mesh9,5,1,0,"[5-2-1]",2,42,3.21103,0.97,0.706422,2,0.5,3738,424
4162,2092.63,ga_tcheby_proxy,mesh9,7,1,0,"[7-4-1]",2,40,3.19307,0.975,0.708428,2,0.5,3739,424
4163,2092.8,ga_tcheby_proxy,mesh9,0,1,0,"[0-1]",1,22,1.61449,0.97,0.692308,1,0.5,3740,424
4164,2092.88,ga_tcheby_proxy,mesh9,2,4,0,"[2-5-4]",2,42,3.21103,0.97,0.720524,2,0.5,3741,424
4165,2093.75,ga_tcheby_proxy,mesh9,1,5,0,"[1-2-5]",2,42,3.21103,0.97,0.721133,2,0.5,3742,424
4166,2093.96,ga_tcheby_proxy,mesh9,0,1,0,"[0-1]",1,22,1.61449,0.97,0.693046,1,0.5,3743,424
4167,2094.1,ga_tcheby_proxy,mesh9,8,1,0,"[8-5-2-1]",3,62,4.80756,0.97,0.707094,3,0.5,3744,424
4168,2094.25,ga_tcheby_proxy,mesh9,4,2,0,"[4-5-2]",2,42,3.21103,0.97,0.713004,2,0.5,3745,424
4169,2094.28,ga_tcheby_proxy,mesh9,5,7,1,"[]",0,0,0,0,0,0,0.5,3745,425
4170,2094.88,ga_tcheby_proxy,mesh9,7,5,0,"[7-8-5]",2,42,3.21103,0.97,0.711061,2,0.5,3746,425
4171,2095.16,ga_tcheby_proxy,mesh9,8,1,0,"[8-5-2-1]",3,62,4.80756,0.97,0.707763,3,0.5,3747,425
4172,2095.64,ga_tcheby_proxy,mesh9,2,6,0,"[2-1-4-7-6]",4,84,6.42205,0.97,0.721133,4,0.5,3748,425
4173,2097.16,ga_tcheby_proxy,mesh9,2,6,0,"[2-1-0-3-6]",4,84,6.42205,0.97,0.721133,4,0.5,3749,425
4174,2098.25,ga_tcheby_proxy,mesh9,5,2,0,"[5-2]",1,20,1.59654,0.975,0.685504,1,0.5,3750,425
4175,2098.51,ga_tcheby_proxy,mesh9,3,4,0,"[3-4]",1,22,1.61449,0.97,0.713004,1,0.5,3751,425
4176,2099.79,ga_tcheby_proxy,mesh9,2,1,0,"[2-1]",1,22,1.61449,0.97,0.709751,1,0.5,3752,425
4177,2099.86,ga_tcheby_proxy,mesh9,1,0,0,"[1-0]",1,22,1.61449,0.97,0.716814,1,0.5,3753,425
4178,2100.41,ga_tcheby_proxy,mesh9,2,1,0,"[2-1]",1,22,1.61449,0.97,0.710407,1,0.5,3754,425
4179,2100.48,ga_tcheby_proxy,mesh9,4,5,0,"[4-5]",1,22,1.61449,0.97,0.713647,1,0.5,3755,425
4180,2100.57,ga_tcheby_proxy,mesh9,7,2,0,"[7-8-5-2]",3,62,4.80756,0.97,0.711712,3,0.5,3756,425
4181,2100.89,ga_tcheby_proxy,mesh9,5,0,0,"[5-4-3-0]",3,64,4.82552,0.97,0.716186,3,0.5,3757,425
4182,2100.96,ga_tcheby_proxy,mesh9,4,3,0,"[4-1-0-3]",3,62,4.91762,0.905549,0.721739,3,0.5,3758,425
4183,2103.41,ga_tcheby_proxy,mesh9,5,4,0,"[5-4]",1,22,1.61449,0.97,0.707763,1,0.5,3759,425
4184,2103.6,ga_tcheby_proxy,mesh9,4,7,0,"[4-7]",1,20,1.59654,0.975,0.716186,1,0.5,3760,425
4185,2103.98,ga_tcheby_proxy,mesh9,4,5,0,"[4-5]",1,22,1.61449,0.97,0.714286,1,0.5,3761,425
4186,2105.09,ga_tcheby_proxy,mesh9,5,7,0,"[5-8-7]",2,42,3.21103,0.97,0.713647,2,0.5,3762,425
4187,2105.42,ga_tcheby_proxy,mesh9,2,5,0,"[2-5]",1,20,1.59654,0.975,0.721739,1,0.5,3763,425
4188,2106.61,ga_tcheby_proxy,mesh9,6,7,0,"[6-7]",1,22,1.61449,0.97,0.714286,1,0.5,3764,425
4189,2107.18,ga_tcheby_proxy,mesh9,2,1,0,"[2-1]",1,22,1.61449,0.97,0.711061,1,0.5,3765,425
4190,2107.83,ga_tcheby_proxy,mesh9,5,2,0,"[5-2]",1,20,1.59654,0.975,0.687042,1,0.5,3766,425
4191,2108.6,ga_tcheby_proxy,mesh9,6,4,0,"[6-7-4]",2,42,3.21103,0.97,0.714922,2,0.5,3767,425
4192,2109.03,ga_tcheby_proxy,mesh9,8,3,0,"[8-7-6-3]",3,64,4.82552,0.97,0.715556,3,0.5,3768,425
4193,2109.2,ga_tcheby_proxy,mesh9,1,0,0,"[1-0]",1,22,1.61449,0.97,0.718062,1,0.5,3769,425
4194,2110.29,ga_tcheby_proxy,mesh9,6,1,0,"[6-7-4-1]",3,62,4.80756,0.97,0.715556,3,0.5,3770,425
4195,2111.02,ga_tcheby_proxy,mesh9,4,6,0,"[4-7-6]",2,42,3.21103,0.97,0.716814,2,0.5,3771,425
4196,2111.11,ga_tcheby_proxy,mesh9,8,6,0,"[8-7-6]",2,44,3.22898,0.97,0.708428,2,0.5,3772,425
4197,2111.19,ga_tcheby_proxy,mesh9,5,8,0,"[5-8]",1,20,1.59654,0.975,0.714286,1,0.5,3773,425
4198,2111.94,ga_tcheby_proxy,mesh9,0,6,0,"[0-3-6]",2,40,3.19307,0.975,0.722343,2,0.5,3774,425
4199,2112.49,ga_tcheby_proxy,mesh9,8,0,0,"[8-7-6-3-0]",4,84,6.42205,0.97,0.716186,4,0.5,3775,425
4200,2113.98,ga_tcheby_proxy,mesh9,0,5,0,"[0-1-4-5]",3,64,4.82552,0.97,0.721739,3,0.5,3776,425
4201,2114.29,ga_tcheby_proxy,mesh9,8,6,0,"[8-7-6]",2,44,3.22898,0.97,0.709751,2,0.5,3777,425
4202,2116.79,ga_tcheby_proxy,mesh9,3,2,0,"[3-0-1-2]",3,64,4.82552,0.97,0.713647,3,0.5,3778,425
4203,2118.68,ga_tcheby_proxy,mesh9,0,2,0,"[0-1-2]",2,44,3.22898,0.97,0.714286,2,0.5,3779,425
4204,2120.2,ga_tcheby_proxy,mesh9,2,0,0,"[2-1-0]",2,44,3.22898,0.97,0.718681,2,0.5,3780,425
4205,2120.42,ga_tcheby_proxy,mesh9,2,8,0,"[2-5-8]",2,40,3.19307,0.975,0.722343,2,0.5,3781,425
4206,2120.44,ga_tcheby_proxy,mesh9,6,1,1,"[]",0,0,0,0,0,0,0.5,3781,426
4207,2120.73,ga_tcheby_proxy,mesh9,6,5,0,"[6-7-4-5]",3,64,4.82552,0.97,0.716186,3,0.5,3782,426
4208,2122.41,ga_tcheby_proxy,mesh9,2,5,0,"[2-5]",1,20,1.59654,0.975,0.722944,1,0.5,3783,426
4209,2122.47,ga_tcheby_proxy,mesh9,6,8,1,"[]",0,0,0,0,0,0,0.5,3783,427
4210,2122.67,ga_tcheby_proxy,mesh9,7,1,0,"[7-4-1]",2,40,3.19307,0.975,0.711061,2,0.5,3784,427
4211,2123.13,ga_tcheby_proxy,mesh9,0,5,0,"[0-1-4-5]",3,64,4.82552,0.97,0.722343,3,0.5,3785,427
4212,2123.17,ga_tcheby_proxy,mesh9,6,8,1,"[]",0,0,0,0,0,0,0.5,3785,428
4213,2123.62,ga_tcheby_proxy,mesh9,3,6,0,"[3-6]",1,20,1.59654,0.975,0.707094,1,0.5,3786,428
4214,2123.89,ga_tcheby_proxy,mesh9,8,7,0,"[8-7]",1,22,1.61449,0.97,0.698113,1,0.5,3787,428
4215,2124.1,ga_tcheby_proxy,mesh9,2,6,0,"[2-1-4-7-6]",4,84,6.42205,0.97,0.722944,4,0.5,3788,428
4216,2124.94,ga_tcheby_proxy,mesh9,6,4,0,"[6-7-4]",2,42,3.21103,0.97,0.716814,2,0.5,3789,428
4217,2125,ga_tcheby_proxy,mesh9,2,5,1,"[]",0,0,0,0,0,0,0.5,3789,429
4218,2125.02,ga_tcheby_proxy,mesh9,2,3,1,"[]",0,0,0,0,0,0,0.5,3789,430
4219,2125.22,ga_tcheby_proxy,mesh9,5,3,0,"[5-4-3]",2,44,3.22898,0.97,0.716814,2,0.5,3790,430
4220,2125.24,ga_tcheby_proxy,mesh9,6,4,1,"[]",0,0,0,0,0,0,0.5,3790,431
4221,2125.41,ga_tcheby_proxy,mesh9,6,5,0,"[6-3-4-5]",3,64,4.82552,0.97,0.716814,3,0.5,3791,431
4222,2125.48,ga_tcheby_proxy,mesh9,7,5,0,"[7-8-5]",2,42,3.21103,0.97,0.71236,2,0.5,3792,431
4223,2125.71,ga_tcheby_proxy,mesh9,2,4,0,"[2-1-4]",2,42,3.21103,0.97,0.723542,2,0.5,3793,431
4224,2126.44,ga_tcheby_proxy,mesh9,7,3,0,"[7-4-3]",2,42,3.21103,0.97,0.717439,2,0.5,3794,431
4225,2126.89,ga_tcheby_proxy,mesh9,5,2,0,"[5-2]",1,20,1.59654,0.975,0.687805,1,0.5,3795,431
4226,2127.41,ga_tcheby_proxy,mesh9,2,6,0,"[2-1-0-3-6]",4,84,6.42205,0.97,0.722944,4,0.5,3796,431
4227,2127.99,ga_tcheby_proxy,mesh9,1,8,0,"[1-2-5-8]",3,62,4.80756,0.97,0.723542,3,0.5,3797,431
4228,2128.24,ga_tcheby_proxy,mesh9,0,1,0,"[0-1]",1,22,1.61449,0.97,0.696682,1,0.5,3798,431
4229,2128.66,ga_tcheby_proxy,mesh9,3,7,0,"[3-6-7]",2,42,3.21103,0.97,0.717439,2,0.5,3799,431
4230,2128.79,ga_tcheby_proxy,mesh9,3,5,0,"[3-4-5]",2,44,3.22898,0.97,0.717439,2,0.5,3800,431
4231,2128.94,ga_tcheby_proxy,mesh9,7,0,0,"[7-6-3-0]",3,62,4.80756,0.97,0.717439,3,0.5,3801,431
4232,2129.25,ga_tcheby_proxy,mesh9,6,2,0,"[6-3-4-1-2]",4,84,6.42205,0.97,0.718062,4,0.5,3802,431
4233,2129.47,ga_tcheby_proxy,mesh9,6,5,0,"[6-7-8-5]",3,64,4.82552,0.97,0.718062,3,0.5,3803,431
4234,2129.57,ga_tcheby_proxy,mesh9,2,5,0,"[2-5]",1,20,1.59654,0.975,0.724138,1,0.5,3804,431
4235,2129.63,ga_tcheby_proxy,mesh9,1,5,1,"[]",0,0,0,0,0,0,0.5,3804,432
4236,2130.36,ga_tcheby_proxy,mesh9,7,4,0,"[7-4]",1,20,1.59654,0.975,0.713004,1,0.5,3805,432
4237,2130.52,ga_tcheby_proxy,mesh9,2,8,0,"[2-5-8]",2,40,3.19307,0.975,0.724731,2,0.5,3806,432
4238,2130.9,ga_tcheby_proxy,mesh9,8,4,0,"[8-5-4]",2,42,3.21103,0.97,0.709091,2,0.5,3807,432
4239,2132.74,ga_tcheby_proxy,mesh9,4,8,0,"[4-7-8]",2,42,3.21103,0.97,0.718062,2,0.5,3808,432
4240,2133.2,ga_tcheby_proxy,mesh9,1,6,0,"[1-0-3-6]",3,62,4.80756,0.97,0.723542,3,0.5,3809,432
4241,2134.51,ga_tcheby_proxy,mesh9,6,0,0,"[6-3-0]",2,40,3.19307,0.975,0.718681,2,0.5,3810,432
4242,2134.78,ga_tcheby_proxy,mesh9,1,6,0,"[1-4-3-6]",3,62,4.80756,0.97,0.724138,3,0.5,3811,432
4243,2135.67,ga_tcheby_proxy,mesh9,2,4,0,"[2-1-4]",2,42,3.21103,0.97,0.724731,2,0.5,3812,432
4244,2135.81,ga_tcheby_proxy,mesh9,6,8,0,"[6-7-8]",2,44,3.22898,0.97,0.718681,2,0.5,3813,432
4245,2135.95,ga_tcheby_proxy,mesh9,3,1,0,"[3-0-1]",2,42,3.21103,0.97,0.713004,2,0.5,3814,432
4246,2136.78,ga_tcheby_proxy,mesh9,2,1,0,"[2-1]",1,22,1.61449,0.97,0.714922,1,0.5,3815,432
4247,2136.95,ga_tcheby_proxy,mesh9,4,5,0,"[4-5]",1,22,1.61449,0.97,0.718062,1,0.5,3816,432
4248,2136.97,ga_tcheby_proxy,mesh9,2,6,1,"[]",0,0,0,0,0,0,0.5,3816,433
4249,2137.81,ga_tcheby_proxy,mesh9,7,0,0,"[7-4-3-0]",3,62,4.80756,0.97,0.718681,3,0.5,3817,433
4250,2138.37,ga_tcheby_proxy,mesh9,3,1,0,"[3-0-1]",2,42,3.21103,0.97,0.714286,2,0.5,3818,433
4251,2138.87,ga_tcheby_proxy,mesh9,3,1,0,"[3-0-1]",2,42,3.21103,0.97,0.714922,2,0.5,3819,433
4252,2139.44,ga_tcheby_proxy,mesh9,5,6,0,"[5-8-7-6]",3,64,4.82552,0.97,0.716814,3,0.5,3820,433
4253,2139.6,ga_tcheby_proxy,mesh9,6,0,0,"[6-3-0]",2,40,3.19307,0.975,0.719298,2,0.5,3821,433
4254,2140.08,ga_tcheby_proxy,mesh9,4,2,0,"[4-1-2]",2,42,3.21103,0.97,0.716186,2,0.5,3822,433
4255,2140.19,ga_tcheby_proxy,mesh9,4,1,0,"[4-1]",1,20,1.59654,0.975,0.71236,1,0.5,3823,433
4256,2140.5,ga_tcheby_proxy,mesh9,5,6,0,"[5-8-7-6]",3,64,4.82552,0.97,0.717439,3,0.5,3824,433
4257,2141.25,ga_tcheby_proxy,mesh9,7,4,0,"[7-4]",1,20,1.59654,0.975,0.714286,1,0.5,3825,433
4258,2141.49,ga_tcheby_proxy,mesh9,8,7,0,"[8-7]",1,22,1.61449,0.97,0.700234,1,0.5,3826,433
4259,2142.11,ga_tcheby_proxy,mesh9,5,6,0,"[5-8-7-6]",3,64,4.82552,0.97,0.718062,3,0.5,3827,433
4260,2142.46,ga_tcheby_proxy,mesh9,2,6,0,"[2-1-0-3-6]",4,84,6.42205,0.97,0.724138,4,0.5,3828,433
4261,2142.51,ga_tcheby_proxy,mesh9,5,7,1,"[]",0,0,0,0,0,0,0.5,3828,434
4262,2143.03,ga_tcheby_proxy,mesh9,6,2,0,"[6-7-4-1-2]",4,84,6.42205,0.97,0.719298,4,0.5,3829,434
4263,2143.47,ga_tcheby_proxy,mesh9,3,8,0,"[3-4-7-8]",3,64,4.82552,0.97,0.718681,3,0.5,3830,434
4264,2143.47,ga_tcheby_proxy,mesh9,8,1,0,"[8-5-4-1]",3,62,4.85248,0.960752,0.715247,3,0.5,3831,434
4265,2143.75,ga_tcheby_proxy,mesh9,3,2,0,"[3-0-1-2]",3,64,4.82552,0.97,0.717439,3,0.5,3832,434
4266,2144.29,ga_tcheby_proxy,mesh9,2,1,0,"[2-1]",1,22,1.61449,0.97,0.716186,1,0.5,3833,434
4267,2144.94,ga_tcheby_proxy,mesh9,4,1,0,"[4-1]",1,20,1.59654,0.975,0.714286,1,0.5,3834,434
4268,2145.4,ga_tcheby_proxy,mesh9,2,1,0,"[2-1]",1,22,1.61449,0.97,0.716814,1,0.5,3835,434
4269,2145.78,ga_tcheby_proxy,mesh9,8,1,0,"[8-5-4-1]",3,62,4.80756,0.97,0.714922,3,0.5,3836,434
4270,2145.94,ga_tcheby_proxy,mesh9,4,1,0,"[4-1]",1,20,1.59654,0.975,0.715556,1,0.5,3837,434
4271,2146.27,ga_tcheby_proxy,mesh9,7,6,0,"[7-6]",1,22,1.61449,0.97,0.713647,1,0.5,3838,434
4272,2146.45,ga_tcheby_proxy,mesh9,7,8,0,"[7-8]",1,22,1.61449,0.97,0.715556,1,0.5,3839,434
4273,2146.59,ga_tcheby_proxy,mesh9,2,3,0,"[2-1-0-3]",3,64,4.82552,0.97,0.724731,3,0.5,3840,434
4274,2148.31,ga_tcheby_proxy,mesh9,7,1,0,"[7-4-1]",2,40,3.19307,0.975,0.716186,2,0.5,3841,434
4275,2148.69,ga_tcheby_proxy,mesh9,6,2,0,"[6-3-4-1-2]",4,84,6.42205,0.97,0.719912,4,0.5,3842,434
4276,2148.76,ga_tcheby_proxy,mesh9,2,7,0,"[2-5-8-7]",3,62,4.90772,0.915805,0.725322,3,0.5,3843,434
4277,2151.24,ga_tcheby_proxy,mesh9,5,3,0,"[5-4-3]",2,44,3.22898,0.97,0.719298,2,0.5,3844,434
4278,2151.34,ga_tcheby_proxy,mesh9,0,8,0,"[0-3-6-7-8]",4,84,6.42205,0.97,0.725322,4,0.5,3845,434
4279,2151.68,ga_tcheby_proxy,mesh9,4,0,0,"[4-3-0]",2,42,3.21103,0.97,0.719912,2,0.5,3846,434
4280,2152.1,ga_tcheby_proxy,mesh9,2,8,0,"[2-5-8]",2,40,3.19307,0.975,0.72591,2,0.5,3847,434
4281,2152.85,ga_tcheby_proxy,mesh9,4,0,0,"[4-3-0]",2,42,3.21103,0.97,0.720524,2,0.5,3848,434
4282,2153.91,ga_tcheby_proxy,mesh9,0,2,0,"[0-1-2]",2,44,3.22898,0.97,0.718681,2,0.5,3849,434
4283,2154.42,ga_tcheby_proxy,mesh9,5,4,0,"[5-4]",1,22,1.61449,0.97,0.711712,1,0.5,3850,434
4284,2154.43,ga_tcheby_proxy,mesh9,7,4,1,"[]",0,0,0,0,0,0,0.5,3850,435
4285,2155.03,ga_tcheby_proxy,mesh9,1,0,0,"[1-0]",1,22,1.61449,0.97,0.721739,1,0.5,3851,435
4286,2155.54,ga_tcheby_proxy,mesh9,5,7,0,"[5-4-7]",2,42,3.21103,0.97,0.719298,2,0.5,3852,435
4287,2157.6,ga_tcheby_proxy,mesh9,7,8,0,"[7-8]",1,22,1.61449,0.97,0.716814,1,0.5,3853,435
4288,2158.27,ga_tcheby_proxy,mesh9,7,0,0,"[7-6-3-0]",3,62,4.80756,0.97,0.720524,3,0.5,3854,435
4289,2159.34,ga_tcheby_proxy,mesh9,3,2,0,"[3-4-5-2]",3,64,4.82552,0.97,0.718681,3,0.5,3855,435
4290,2160.4,ga_tcheby_proxy,mesh9,1,5,0,"[1-4-5]",2,42,3.21103,0.97,0.725322,2,0.5,3856,435
4291,2161,ga_tcheby_proxy,mesh9,7,8,0,"[7-8]",1,22,1.61449,0.97,0.717439,1,0.5,3857,435
4292,2161.07,ga_tcheby_proxy,mesh9,0,7,0,"[0-1-4-7]",3,62,4.89893,0.939575,0.72591,3,0.5,3858,435
4293,2161.8,ga_tcheby_proxy,mesh9,1,2,0,"[1-2]",1,22,1.61449,0.97,0.719298,1,0.5,3859,435
4294,2162,ga_tcheby_proxy,mesh9,1,8,0,"[1-2-5-8]",3,62,4.80756,0.97,0.726496,3,0.5,3860,435
4295,2162.03,ga_tcheby_proxy,mesh9,3,4,1,"[]",0,0,0,0,0,0,0.5,3860,436
4296,2163.58,ga_tcheby_proxy,mesh9,1,7,0,"[1-4-7]",2,40,3.19307,0.975,0.726496,2,0.5,3861,436
4297,2163.62,ga_tcheby_proxy,mesh9,8,6,1,"[]",0,0,0,0,0,0,0.5,3861,437
4298,2163.67,ga_tcheby_proxy,mesh9,8,3,1,"[]",0,0,0,0,0,0,0.5,3861,438
4299,2163.77,ga_tcheby_proxy,mesh9,0,1,0,"[0-1]",1,22,1.61449,0.97,0.701632,1,0.5,3862,438
4300,2163.91,ga_tcheby_proxy,mesh9,0,3,0,"[0-3]",1,20,1.59654,0.975,0.72591,1,0.5,3863,438
4301,2164.52,ga_tcheby_proxy,mesh9,4,3,0,"[4-3]",1,22,1.61449,0.97,0.721133,1,0.5,3864,438
4302,2165.62,ga_tcheby_proxy,mesh9,5,6,0,"[5-8-7-6]",3,64,4.82552,0.97,0.720524,3,0.5,3865,438
4303,2166.55,ga_tcheby_proxy,mesh9,4,3,0,"[4-3]",1,22,1.61449,0.97,0.721739,1,0.5,3866,438
4304,2167.05,ga_tcheby_proxy,mesh9,6,8,0,"[6-7-8]",2,44,3.22898,0.97,0.720524,2,0.5,3867,438
4305,2168.22,ga_tcheby_proxy,mesh9,0,8,0,"[0-3-4-7-8]",4,84,6.42205,0.97,0.726496,4,0.5,3868,438
4306,2168.33,ga_tcheby_proxy,mesh9,8,3,0,"[8-7-6-3]",3,64,4.82552,0.97,0.721133,3,0.5,3869,438
4307,2168.52,ga_tcheby_proxy,mesh9,1,0,0,"[1-0]",1,22,1.61449,0.97,0.722343,1,0.5,3870,438
4308,2168.94,ga_tcheby_proxy,mesh9,5,7,0,"[5-8-7]",2,42,3.21103,0.97,0.721133,2,0.5,3871,438
4309,2169.09,ga_tcheby_proxy,mesh9,8,0,0,"[8-7-6-3-0]",4,84,6.42205,0.97,0.721739,4,0.5,3872,438
4310,2169.23,ga_tcheby_proxy,mesh9,5,8,0,"[5-8]",1,20,1.59654,0.975,0.721739,1,0.5,3873,438
4311,2169.27,ga_tcheby_proxy,mesh9,4,7,1,"[]",0,0,0,0,0,0,0.5,3873,439
4312,2170.42,ga_tcheby_proxy,mesh9,1,4,0,"[1-4]",1,20,1.59654,0.975,0.727079,1,0.5,3874,439
4313,2171.47,ga_tcheby_proxy,mesh9,6,0,0,"[6-3-0]",2,40,3.19307,0.975,0.722343,2,0.5,3875,439
4314,2172.02,ga_tcheby_proxy,mesh9,0,7,0,"[0-3-4-7]",3,62,4.80756,0.97,0.727079,3,0.5,3876,439
4315,2172.66,ga_tcheby_proxy,mesh9,4,6,0,"[4-7-6]",2,42,3.21103,0.97,0.722343,2,0.5,3877,439
4316,2173.06,ga_tcheby_proxy,mesh9,2,8,0,"[2-5-8]",2,40,3.19307,0.975,0.727079,2,0.5,3878,439
4317,2173.14,ga_tcheby_proxy,mesh9,3,0,0,"[3-0]",1,20,1.59654,0.975,0.719912,1,0.5,3879,439
4318,2173.42,ga_tcheby_proxy,mesh9,1,8,0,"[1-4-7-8]",3,62,4.80756,0.97,0.72766,3,0.5,3880,439
4319,2173.89,ga_tcheby_proxy,mesh9,6,2,0,"[6-7-4-1-2]",4,84,6.42205,0.97,0.721133,4,0.5,3881,439
4320,2174.35,ga_tcheby_proxy,mesh9,8,0,0,"[8-7-4-3-0]",4,84,6.42205,0.97,0.722343,4,0.5,3882,439
4321,2174.75,ga_tcheby_proxy,mesh9,1,3,0,"[1-0-3]",2,42,3.21103,0.97,0.72766,2,0.5,3883,439
4322,2175.84,ga_tcheby_proxy,mesh9,6,1,0,"[6-7-4-1]",3,62,4.80756,0.97,0.721739,3,0.5,3884,439
4323,2175.88,ga_tcheby_proxy,mesh9,3,7,1,"[]",0,0,0,0,0,0,0.5,3884,440
4324,2175.93,ga_tcheby_proxy,mesh9,6,0,1,"[]",0,0,0,0,0,0,0.5,3884,441
4325,2176.77,ga_tcheby_proxy,mesh9,1,5,0,"[1-2-5]",2,42,3.21103,0.97,0.72766,2,0.5,3885,441
4326,2177.03,ga_tcheby_proxy,mesh9,0,1,0,"[0-1]",1,22,1.61449,0.97,0.702326,1,0.5,3886,441
4327,2177.73,ga_tcheby_proxy,mesh9,6,8,0,"[6-7-8]",2,44,3.22898,0.97,0.722343,2,0.5,3887,441
4328,2177.9,ga_tcheby_proxy,mesh9,1,6,0,"[1-0-3-6]",3,62,4.80756,0.97,0.728238,3,0.5,3888,441
4329,2179.09,ga_tcheby_proxy,mesh9,6,5,0,"[6-3-4-5]",3,64,4.82552,0.97,0.722944,3,0.5,3889,441
4330,2179.4,ga_tcheby_proxy,mesh9,8,2,0,"[8-5-2]",2,40,3.19307,0.975,0.695238,2,0.5,3890,441
4331,2179.53,ga_tcheby_proxy,mesh9,6,4,0,"[6-7-4]",2,42,3.21103,0.97,0.722944,2,0.5,3891,441
4332,2180.93,ga_tcheby_proxy,mesh9,7,4,0,"[7-4]",1,20,1.59654,0.975,0.718681,1,0.5,3892,441
4333,2181.12,ga_tcheby_proxy,mesh9,8,5,0,"[8-5]",1,20,1.59654,0.975,0.695962,1,0.5,3893,441
4334,2181.54,ga_tcheby_proxy,mesh9,6,7,0,"[6-7]",1,22,1.61449,0.97,0.723542,1,0.5,3894,441
4335,2181.72,ga_tcheby_proxy,mesh9,1,5,0,"[1-4-5]",2,42,3.21103,0.97,0.728238,2,0.5,3895,441
4336,2182.07,ga_tcheby_proxy,mesh9,8,6,0,"[8-7-6]",2,44,3.22898,0.97,0.717439,2,0.5,3896,441
4337,2182.49,ga_tcheby_proxy,mesh9,6,3,0,"[6-3]",1,20,1.59654,0.975,0.723542,1,0.5,3897,441
4338,2183.78,ga_tcheby_proxy,mesh9,0,2,0,"[0-1-2]",2,44,3.22898,0.97,0.721739,2,0.5,3898,441
4339,2185.19,ga_tcheby_proxy,mesh9,5,7,0,"[5-8-7]",2,42,3.21103,0.97,0.722944,2,0.5,3899,441
4340,2186.04,ga_tcheby_proxy,mesh9,2,5,0,"[2-5]",1,20,1.59654,0.975,0.728238,1,0.5,3900,441
4341,2186.31,ga_tcheby_proxy,mesh9,1,2,0,"[1-2]",1,22,1.61449,0.97,0.722343,1,0.5,3901,441
4342,2186.35,ga_tcheby_proxy,mesh9,8,5,1,"[]",0,0,0,0,0,0,0.5,3901,442
4343,2186.36,ga_tcheby_proxy,mesh9,8,2,1,"[]",0,0,0,0,0,0,0.5,3901,443
4344,2186.37,ga_tcheby_proxy,mesh9,4,6,1,"[]",0,0,0,0,0,0,0.5,3901,444
4345,2186.93,ga_tcheby_proxy,mesh9,7,2,0,"[7-8-5-2]",3,62,4.80756,0.97,0.720524,3,0.5,3902,444
4346,2186.96,ga_tcheby_proxy,mesh9,0,8,1,"[]",0,0,0,0,0,0,0.5,3902,445
4347,2187.07,ga_tcheby_proxy,mesh9,8,0,0,"[8-5-4-3-0]",4,84,6.42205,0.97,0.722944,4,0.5,3903,445
4348,2187.13,ga_tcheby_proxy,mesh9,6,8,1,"[]",0,0,0,0,0,0,0.5,3903,446
4349,2187.25,ga_tcheby_proxy,mesh9,5,6,0,"[5-4-3-6]",3,64,4.82552,0.97,0.723542,3,0.5,3904,446
4350,2187.5,ga_tcheby_proxy,mesh9,1,2,0,"[1-2]",1,22,1.61449,0.97,0.722944,1,0.5,3905,446
4351,2187.71,ga_tcheby_proxy,mesh9,7,4,0,"[7-4]",1,20,1.59654,0.975,0.719298,1,0.5,3906,446
4352,2189.78,ga_tcheby_proxy,mesh9,8,1,0,"[8-5-2-1]",3,62,4.80756,0.97,0.718062,3,0.5,3907,446
4353,2191.01,ga_tcheby_proxy,mesh9,7,2,0,"[7-4-5-2]",3,62,4.80756,0.97,0.721133,3,0.5,3908,446
4354,2191.54,ga_tcheby_proxy,mesh9,7,2,0,"[7-8-5-2]",3,62,4.80756,0.97,0.721133,3,0.5,3909,446
4355,2192.08,ga_tcheby_proxy,mesh9,0,4,0,"[0-3-4]",2,42,3.21103,0.97,0.728814,2,0.5,3910,446
4356,2192.41,ga_tcheby_proxy,mesh9,2,5,0,"[2-5]",1,20,1.59654,0.975,0.728814,1,0.5,3911,446
4357,2193.09,ga_tcheby_proxy,mesh9,4,8,0,"[4-7-8]",2,42,3.21103,0.97,0.723542,2,0.5,3912,446
4358,2193.18,ga_tcheby_proxy,mesh9,2,0,0,"[2-1-0]",2,44,3.22898,0.97,0.724138,2,0.5,3913,446
4359,2193.83,ga_tcheby_proxy,mesh9,5,3,0,"[5-4-3]",2,44,3.22898,0.97,0.724138,2,0.5,3914,446
4360,2195.08,ga_tcheby_proxy,mesh9,6,1,0,"[6-7-4-1]",3,62,4.80756,0.97,0.724138,3,0.5,3915,446
4361,2195.49,ga_tcheby_proxy,mesh9,8,6,0,"[8-7-6]",2,44,3.22898,0.97,0.718062,2,0.5,3916,446
4362,2195.67,ga_tcheby_proxy,mesh9,7,6,0,"[7-6]",1,22,1.61449,0.97,0.718681,1,0.5,3917,446
4363,2195.99,ga_tcheby_proxy,mesh9,6,7,0,"[6-7]",1,22,1.61449,0.97,0.724731,1,0.5,3918,446
4364,2197.14,ga_tcheby_proxy,mesh9,3,4,0,"[3-4]",1,22,1.61449,0.97,0.719912,1,0.5,3919,446
4365,2197.79,ga_tcheby_proxy,mesh9,3,6,0,"[3-6]",1,20,1.59654,0.975,0.713004,1,0.5,3920,446
4366,2197.84,ga_tcheby_proxy,mesh9,1,7,1,"[]",0,0,0,0,0,0,0.5,3920,447
4367,2198,ga_tcheby_proxy,mesh9,4,7,0,"[4-7]",1,20,1.59654,0.975,0.724138,1,0.5,3921,447
4368,2199.64,ga_tcheby_proxy,mesh9,0,5,0,"[0-1-4-5]",3,64,4.82552,0.97,0.728814,3,0.5,3922,447
4369,2199.66,ga_tcheby_proxy,mesh9,7,8,1,"[]",0,0,0,0,0,0,0.5,3922,448
4370,2199.72,ga_tcheby_proxy,mesh9,4,1,1,"[]",0,0,0,0,0,0,0.5,3922,449
4371,2199.82,ga_tcheby_proxy,mesh9,3,5,0,"[3-4-5]",2,44,3.22898,0.97,0.722343,2,0.5,3923,449
4372,2200.56,ga_tcheby_proxy,mesh9,3,7,0,"[3-4-7]",2,42,3.21103,0.97,0.724731,2,0.5,3924,449
4373,2200.77,ga_tcheby_proxy,mesh9,3,8,0,"[3-4-5-8]",3,64,4.82552,0.97,0.723542,3,0.5,3925,449
4374,2201.09,ga_tcheby_proxy,mesh9,7,0,0,"[7-6-3-0]",3,62,4.80756,0.97,0.724138,3,0.5,3926,449
4375,2201.95,ga_tcheby_proxy,mesh9,6,8,0,"[6-7-8]",2,44,3.22898,0.97,0.725322,2,0.5,3927,449
4376,2202.01,ga_tcheby_proxy,mesh9,1,8,0,"[1-4-5-8]",3,62,5.04453,0.902872,0.729387,3,0.5,3928,449
4377,2202.23,ga_tcheby_proxy,mesh9,7,1,0,"[7-4-1]",2,40,3.19307,0.975,0.721133,2,0.5,3929,449
4378,2202.36,ga_tcheby_proxy,mesh9,8,5,0,"[8-5]",1,20,1.59654,0.975,0.699531,1,0.5,3930,449
4379,2202.39,ga_tcheby_proxy,mesh9,8,6,1,"[]",0,0,0,0,0,0,0.5,3930,450
4380,2202.54,ga_tcheby_proxy,mesh9,0,3,0,"[0-3]",1,20,1.59654,0.975,0.729387,1,0.5,3931,450
4381,2203.06,ga_tcheby_proxy,mesh9,1,8,0,"[1-2-5-8]",3,62,4.80756,0.97,0.729387,3,0.5,3932,450
4382,2204.53,ga_tcheby_proxy,mesh9,5,3,0,"[5-4-3]",2,44,3.22898,0.97,0.724731,2,0.5,3933,450
4383,2205.06,ga_tcheby_proxy,mesh9,8,4,0,"[8-5-4]",2,42,3.21103,0.97,0.715556,2,0.5,3934,450
4384,2205.58,ga_tcheby_proxy,mesh9,5,3,0,"[5-4-3]",2,44,3.22898,0.97,0.725322,2,0.5,3935,450
4385,2207.1,ga_tcheby_proxy,mesh9,2,0,0,"[2-1-0]",2,44,3.22898,0.97,0.724731,2,0.5,3936,450
4386,2207.14,ga_tcheby_proxy,mesh9,0,8,1,"[]",0,0,0,0,0,0,0.5,3936,451
4387,2207.77,ga_tcheby_proxy,mesh9,6,2,0,"[6-3-0-1-2]",4,84,6.42205,0.97,0.724731,4,0.5,3937,451
4388,2208.23,ga_tcheby_proxy,mesh9,4,0,0,"[4-1-0]",2,42,3.21103,0.97,0.725322,2,0.5,3938,451
4389,2208.52,ga_tcheby_proxy,mesh9,4,7,0,"[4-7]",1,20,1.59654,0.975,0.725322,1,0.5,3939,451
4390,2208.94,ga_tcheby_proxy,mesh9,2,6,0,"[2-1-4-7-6]",4,84,6.42205,0.97,0.729958,4,0.5,3940,451
4391,2209.17,ga_tcheby_proxy,mesh9,3,0,0,"[3-0]",1,20,1.59654,0.975,0.722944,1,0.5,3941,451
4392,2209.79,ga_tcheby_proxy,mesh9,4,2,0,"[4-5-2]",2,42,3.21103,0.97,0.724138,2,0.5,3942,451
4393,2210.2,ga_tcheby_proxy,mesh9,3,1,0,"[3-4-1]",2,42,3.21103,0.97,0.722343,2,0.5,3943,451
4394,2210.92,ga_tcheby_proxy,mesh9,7,8,0,"[7-8]",1,22,1.61449,0.97,0.722944,1,0.5,3944,451
4395,2211.43,ga_tcheby_proxy,mesh9,2,6,0,"[2-5-8-7-6]",4,84,6.42205,0.97,0.729958,4,0.5,3945,451
4396,2211.6,ga_tcheby_proxy,mesh9,0,8,0,"[0-3-4-7-8]",4,84,6.42205,0.97,0.729958,4,0.5,3946,451
4397,2212.06,ga_tcheby_proxy,mesh9,6,8,0,"[6-7-8]",2,44,3.22898,0.97,0.72591,2,0.5,3947,451
4398,2212.28,ga_tcheby_proxy,mesh9,2,4,0,"[2-5-4]",2,42,3.21103,0.97,0.730526,2,0.5,3948,451
4399,2212.31,ga_tcheby_proxy,mesh9,6,8,1,"[]",0,0,0,0,0,0,0.5,3948,452
4400,2212.51,ga_tcheby_proxy,mesh9,2,4,0,"[2-1-4]",2,42,3.21103,0.97,0.730526,2,0.5,3949,452
4401,2212.77,ga_tcheby_proxy,mesh9,3,8,0,"[3-4-5-8]",3,64,4.82552,0.97,0.72591,3,0.5,3950,452
4402,2213.39,ga_tcheby_proxy,mesh9,1,6,0,"[1-0-3-6]",3,62,4.80756,0.97,0.730526,3,0.5,3951,452
4403,2214.1,ga_tcheby_proxy,mesh9,4,5,0,"[4-5]",1,22,1.61449,0.97,0.725322,1,0.5,3952,452
4404,2214.58,ga_tcheby_proxy,mesh9,2,1,0,"[2-1]",1,22,1.61449,0.97,0.721133,1,0.5,3953,452
4405,2214.67,ga_tcheby_proxy,mesh9,8,5,0,"[8-5]",1,20,1.59654,0.975,0.700935,1,0.5,3954,452
4406,2214.96,ga_tcheby_proxy,mesh9,0,1,0,"[0-1]",1,22,1.61449,0.97,0.705069,1,0.5,3955,452
4407,2215.33,ga_tcheby_proxy,mesh9,8,1,0,"[8-5-4-1]",3,62,4.80756,0.97,0.721133,3,0.5,3956,452
4408,2215.34,ga_tcheby_proxy,mesh9,3,6,1,"[]",0,0,0,0,0,0,0.5,3956,453
4409,2216.47,ga_tcheby_proxy,mesh9,0,4,0,"[0-1-4]",2,42,3.21103,0.97,0.731092,2,0.5,3957,453
4410,2216.5,ga_tcheby_proxy,mesh9,7,2,1,"[]",0,0,0,0,0,0,0.5,3957,454
4411,2216.94,ga_tcheby_proxy,mesh9,4,6,0,"[4-3-6]",2,42,3.21103,0.97,0.72591,2,0.5,3958,454
4412,2217.37,ga_tcheby_proxy,mesh9,6,5,0,"[6-3-4-5]",3,64,4.82552,0.97,0.72591,3,0.5,3959,454
4413,2217.74,ga_tcheby_proxy,mesh9,5,7,0,"[5-8-7]",2,42,3.21103,0.97,0.726496,2,0.5,3960,454
4414,2218.07,ga_tcheby_proxy,mesh9,6,4,0,"[6-3-4]",2,42,3.21103,0.97,0.72591,2,0.5,3961,454
4415,2218.26,ga_tcheby_proxy,mesh9,5,3,0,"[5-4-3]",2,44,3.22898,0.97,0.726496,2,0.5,3962,454
4416,2218.52,ga_tcheby_proxy,mesh9,3,7,0,"[3-6-7]",2,42,3.21103,0.97,0.726496,2,0.5,3963,454
4417,2219.89,ga_tcheby_proxy,mesh9,4,1,0,"[4-1]",1,20,1.59654,0.975,0.721739,1,0.5,3964,454
4418,2221.67,ga_tcheby_proxy,mesh9,3,8,0,"[3-6-7-8]",3,64,4.82552,0.97,0.727079,3,0.5,3965,454
4419,2222.03,ga_tcheby_proxy,mesh9,1,5,0,"[1-2-5]",2,42,3.21103,0.97,0.731092,2,0.5,3966,454
4420,2222.08,ga_tcheby_proxy,mesh9,3,7,1,"[]",0,0,0,0,0,0,0.5,3966,455
4421,2222.89,ga_tcheby_proxy,mesh9,8,4,0,"[8-5-4]",2,42,3.21103,0.97,0.718681,2,0.5,3967,455
4422,2223.26,ga_tcheby_proxy,mesh9,5,2,0,"[5-2]",1,20,1.59654,0.975,0.69378,1,0.5,3968,455
4423,2224.29,ga_tcheby_proxy,mesh9,3,1,0,"[3-0-1]",2,42,3.21103,0.97,0.723542,2,0.5,3969,455
4424,2224.47,ga_tcheby_proxy,mesh9,7,5,0,"[7-8-5]",2,42,3.21103,0.97,0.725322,2,0.5,3970,455
4425,2224.63,ga_tcheby_proxy,mesh9,5,8,0,"[5-8]",1,20,1.59654,0.975,0.727079,1,0.5,3971,455
4426,2224.85,ga_tcheby_proxy,mesh9,3,5,0,"[3-4-5]",2,44,3.22898,0.97,0.726496,2,0.5,3972,455
4427,2225.02,ga_tcheby_proxy,mesh9,1,3,0,"[1-0-3]",2,42,3.21103,0.97,0.731092,2,0.5,3973,455
4428,2227.12,ga_tcheby_proxy,mesh9,5,0,0,"[5-4-3-0]",3,64,4.82552,0.97,0.727079,3,0.5,3974,455
4429,2228.4,ga_tcheby_proxy,mesh9,7,6,0,"[7-6]",1,22,1.61449,0.97,0.721133,1,0.5,3975,455
4430,2228.66,ga_tcheby_proxy,mesh9,4,5,0,"[4-5]",1,22,1.61449,0.97,0.727079,1,0.5,3976,455
4431,2229.25,ga_tcheby_proxy,mesh9,6,2,0,"[6-3-4-1-2]",4,84,6.42205,0.97,0.726496,4,0.5,3977,455
4432,2229.53,ga_tcheby_proxy,mesh9,7,3,0,"[7-6-3]",2,42,3.21103,0.97,0.727079,2,0.5,3978,455
4433,2229.75,ga_tcheby_proxy,mesh9,0,5,0,"[0-3-4-5]",3,64,4.82552,0.97,0.731656,3,0.5,3979,455
4434,2230.22,ga_tcheby_proxy,mesh9,7,6,0,"[7-6]",1,22,1.61449,0.97,0.722343,1,0.5,3980,455
4435,2231.07,ga_tcheby_proxy,mesh9,8,2,0,"[8-5-2]",2,40,3.19307,0.975,0.703704,2,0.5,3981,455
4436,2231.34,ga_tcheby_proxy,mesh9,3,8,0,"[3-4-7-8]",3,64,4.82552,0.97,0.727079,3,0.5,3982,455
4437,2232.62,ga_tcheby_proxy,mesh9,7,4,0,"[7-4]",1,20,1.59654,0.975,0.721739,1,0.5,3983,455
4438,2232.97,ga_tcheby_proxy,mesh9,2,7,0,"[2-5-4-7]",3,62,4.80756,0.97,0.731656,3,0.5,3984,455
4439,2233.53,ga_tcheby_proxy,mesh9,4,0,0,"[4-1-0]",2,42,3.21103,0.97,0.727079,2,0.5,3985,455
4440,2233.55,ga_tcheby_proxy,mesh9,6,1,1,"[]",0,0,0,0,0,0,0.5,3985,456
4441,2233.96,ga_tcheby_proxy,mesh9,8,2,0,"[8-5-2]",2,40,3.19307,0.975,0.704388,2,0.5,3986,456
4442,2234.04,ga_tcheby_proxy,mesh9,1,0,0,"[1-4-3-0]",3,62,4.84444,0.952174,0.731656,3,0.5,3987,456
4443,2234.08,ga_tcheby_proxy,mesh9,3,4,1,"[]",0,0,0,0,0,0,0.5,3987,457
4444,2234.51,ga_tcheby_proxy,mesh9,7,4,0,"[7-4]",1,20,1.59654,0.975,0.722343,1,0.5,3988,457
4445,2234.63,ga_tcheby_proxy,mesh9,0,2,0,"[0-1-2]",2,44,3.22898,0.97,0.72591,2,0.5,3989,457
4446,2235.1,ga_tcheby_proxy,mesh9,5,6,0,"[5-8-7-6]",3,64,4.82552,0.97,0.72766,3,0.5,3990,457
4447,2235.27,ga_tcheby_proxy,mesh9,0,2,0,"[0-1-2]",2,44,3.22898,0.97,0.726496,2,0.5,3991,457
4448,2235.46,ga_tcheby_proxy,mesh9,5,4,0,"[5-4]",1,22,1.61449,0.97,0.720524,1,0.5,3992,457
4449,2235.66,ga_tcheby_proxy,mesh9,7,2,0,"[7-8-5-2]",3,62,4.80756,0.97,0.726496,3,0.5,3993,457
4450,2237.62,ga_tcheby_proxy,mesh9,3,6,0,"[3-6]",1,20,1.59654,0.975,0.716186,1,0.5,3994,457
4451,2237.63,ga_tcheby_proxy,mesh9,5,8,1,"[]",0,0,0,0,0,0,0.5,3994,458
4452,2237.81,ga_tcheby_proxy,mesh9,4,2,0,"[4-1-2]",2,42,3.21103,0.97,0.727079,2,0.5,3995,458
4453,2238.49,ga_tcheby_proxy,mesh9,7,2,0,"[7-8-5-2]",3,62,4.80756,0.97,0.727079,3,0.5,3996,458
4454,2238.57,ga_tcheby_proxy,mesh9,1,6,0,"[1-0-3-6]",3,62,4.80756,0.97,0.732218,3,0.5,3997,458
4455,2239.98,ga_tcheby_proxy,mesh9,4,3,0,"[4-3]",1,22,1.61449,0.97,0.728238,1,0.5,3998,458
4456,2241.76,ga_tcheby_proxy,mesh9,7,5,0,"[7-8-5]",2,42,3.21103,0.97,0.72766,2,0.5,3999,458
4457,2241.83,ga_tcheby_proxy,mesh9,2,0,0,"[2-1-0]",2,44,3.22898,0.97,0.728238,2,0.5,4000,458
4458,2242.26,ga_tcheby_proxy,mesh9,2,4,0,"[2-5-4]",2,42,3.21103,0.97,0.732218,2,0.5,4001,458
4459,2242.62,ga_tcheby_proxy,mesh9,7,3,0,"[7-6-3]",2,42,3.21103,0.97,0.72766,2,0.5,4002,458
4460,2242.74,ga_tcheby_proxy,mesh9,2,7,0,"[2-1-4-7]",3,62,4.80756,0.97,0.732218,3,0.5,4003,458
4461,2243.2,ga_tcheby_proxy,mesh9,7,6,0,"[7-6]",1,22,1.61449,0.97,0.724138,1,0.5,4004,458
4462,2243.29,ga_tcheby_proxy,mesh9,2,6,0,"[2-5-4-7-6]",4,84,6.42205,0.97,0.732777,4,0.5,4005,458
4463,2243.59,ga_tcheby_proxy,mesh9,1,2,0,"[1-2]",1,22,1.61449,0.97,0.72766,1,0.5,4006,458
4464,2244.27,ga_tcheby_proxy,mesh9,3,1,0,"[3-0-1]",2,42,3.21103,0.97,0.725322,2,0.5,4007,458
4465,2244.74,ga_tcheby_proxy,mesh9,0,3,0,"[0-3]",1,20,1.59654,0.975,0.732777,1,0.5,4008,458
4466,2244.93,ga_tcheby_proxy,mesh9,5,6,0,"[5-8-7-6]",3,64,4.82552,0.97,0.728238,3,0.5,4009,458
4467,2245.76,ga_tcheby_proxy,mesh9,6,1,0,"[6-7-4-1]",3,62,4.80756,0.97,0.72766,3,0.5,4010,458
4468,2245.91,ga_tcheby_proxy,mesh9,4,8,0,"[4-5-8]",2,42,3.21103,0.97,0.728814,2,0.5,4011,458
4469,2246.37,ga_tcheby_proxy,mesh9,8,1,0,"[8-5-2-1]",3,62,4.80756,0.97,0.722944,3,0.5,4012,458
4470,2246.53,ga_tcheby_proxy,mesh9,6,0,0,"[6-3-0]",2,40,3.19307,0.975,0.728238,2,0.5,4013,458
4471,2246.73,ga_tcheby_proxy,mesh9,4,1,0,"[4-1]",1,20,1.59654,0.975,0.724731,1,0.5,4014,458
4472,2247.38,ga_tcheby_proxy,mesh9,5,4,0,"[5-4]",1,22,1.61449,0.97,0.722343,1,0.5,4015,458
4473,2247.5,ga_tcheby_proxy,mesh9,3,4,0,"[3-4]",1,22,1.61449,0.97,0.72766,1,0.5,4016,458
4474,2247.51,ga_tcheby_proxy,mesh9,7,8,0,"[7-8]",1,22,1.70138,0.918433,0.729787,1,0.5,4017,458
4475,2247.82,ga_tcheby_proxy,mesh9,8,0,0,"[8-5-4-1-0]",4,84,6.42205,0.97,0.728814,4,0.5,4018,458
4476,2248,ga_tcheby_proxy,mesh9,1,7,0,"[1-4-7]",2,40,3.19307,0.975,0.732777,2,0.5,4019,458
4477,2248.46,ga_tcheby_proxy,mesh9,1,4,0,"[1-4]",1,20,1.59654,0.975,0.733333,1,0.5,4020,458
4478,2249.21,ga_tcheby_proxy,mesh9,5,8,0,"[5-8]",1,20,1.59654,0.975,0.729387,1,0.5,4021,458
4479,2251.61,ga_tcheby_proxy,mesh9,4,2,0,"[4-1-2]",2,42,3.21103,0.97,0.728238,2,0.5,4022,458
4480,2251.67,ga_tcheby_proxy,mesh9,4,7,1,"[]",0,0,0,0,0,0,0.5,4022,459
4481,2252.05,ga_tcheby_proxy,mesh9,8,6,0,"[8-7-6]",2,44,3.22898,0.97,0.72591,2,0.5,4023,459
4482,2252.18,ga_tcheby_proxy,mesh9,6,7,0,"[6-7]",1,22,1.61449,0.97,0.728238,1,0.5,4024,459
4483,2252.41,ga_tcheby_proxy,mesh9,6,5,0,"[6-3-4-5]",3,64,4.82552,0.97,0.728814,3,0.5,4025,459
4484,2252.9,ga_tcheby_proxy,mesh9,7,5,0,"[7-8-5]",2,42,3.21103,0.97,0.728814,2,0.5,4026,459
4485,2253.11,ga_tcheby_proxy,mesh9,2,5,0,"[2-5]",1,20,1.59654,0.975,0.733333,1,0.5,4027,459
4486,2253.46,ga_tcheby_proxy,mesh9,8,7,0,"[8-7]",1,22,1.61449,0.97,0.711061,1,0.5,4028,459
4487,2253.49,ga_tcheby_proxy,mesh9,5,0,1,"[]",0,0,0,0,0,0,0.5,4028,460
4488,2253.53,ga_tcheby_proxy,mesh9,2,8,1,"[]",0,0,0,0,0,0,0.5,4028,461
4489,2253.8,ga_tcheby_proxy,mesh9,0,2,0,"[0-1-2]",2,44,3.22898,0.97,0.728814,2,0.5,4029,461
4490,2253.88,ga_tcheby_proxy,mesh9,0,7,0,"[0-3-4-7]",3,62,4.80756,0.97,0.733333,3,0.5,4030,461
4491,2254.62,ga_tcheby_proxy,mesh9,7,3,0,"[7-4-3]",2,42,3.21103,0.97,0.728814,2,0.5,4031,461
4492,2255.12,ga_tcheby_proxy,mesh9,0,4,0,"[0-3-4]",2,42,3.21103,0.97,0.733888,2,0.5,4032,461
4493,2256.84,ga_tcheby_proxy,mesh9,0,2,0,"[0-1-2]",2,44,3.22898,0.97,0.729387,2,0.5,4033,461
4494,2258.49,ga_tcheby_proxy,mesh9,7,1,0,"[7-4-1]",2,40,3.19307,0.975,0.726496,2,0.5,4034,461
4495,2258.68,ga_tcheby_proxy,mesh9,2,3,0,"[2-1-4-3]",3,64,4.82552,0.97,0.733888,3,0.5,4035,461
4496,2259.63,ga_tcheby_proxy,mesh9,5,7,0,"[5-8-7]",2,42,3.21103,0.97,0.729958,2,0.5,4036,461
4497,2260.99,ga_tcheby_proxy,mesh9,8,6,0,"[8-7-6]",2,44,3.22898,0.97,0.726496,2,0.5,4037,461
4498,2261.07,ga_tcheby_proxy,mesh9,1,2,0,"[1-2]",1,22,1.61449,0.97,0.729958,1,0.5,4038,461
4499,2261.27,ga_tcheby_proxy,mesh9,8,7,0,"[8-7]",1,22,1.61449,0.97,0.713004,1,0.5,4039,461
4500,2261.51,ga_tcheby_proxy,mesh9,4,5,0,"[4-5]",1,22,1.61449,0.97,0.729387,1,0.5,4040,461
4501,2261.77,ga_tcheby_proxy,mesh9,8,7,0,"[8-7]",1,22,1.61449,0.97,0.713647,1,0.5,4041,461
4502,2263.06,ga_tcheby_proxy,mesh9,4,1,0,"[4-1]",1,20,1.59654,0.975,0.727079,1,0.5,4042,461
4503,2263.75,ga_tcheby_proxy,mesh9,0,7,0,"[0-1-4-7]",3,62,4.80756,0.97,0.73444,3,0.5,4043,461
4504,2264.36,ga_tcheby_proxy,mesh9,6,8,0,"[6-7-8]",2,44,3.22898,0.97,0.729387,2,0.5,4044,461
4505,2264.39,ga_tcheby_proxy,mesh9,6,8,1,"[]",0,0,0,0,0,0,0.5,4044,462
4506,2265.63,ga_tcheby_proxy,mesh9,5,2,0,"[5-2]",1,20,1.59654,0.975,0.698113,1,0.5,4045,462
4507,2265.92,ga_tcheby_proxy,mesh9,7,0,0,"[7-6-3-0]",3,62,4.80756,0.97,0.729387,3,0.5,4046,462
4508,2266.23,ga_tcheby_proxy,mesh9,2,5,0,"[2-5]",1,20,1.59654,0.975,0.733888,1,0.5,4047,462
4509,2266.28,ga_tcheby_proxy,mesh9,1,0,1,"[]",0,0,0,0,0,0,0.5,4047,463
4510,2266.3,ga_tcheby_proxy,mesh9,4,6,1,"[]",0,0,0,0,0,0,0.5,4047,464
4511,2270.06,ga_tcheby_proxy,mesh9,1,0,0,"[1-0]",1,22,1.61449,0.97,0.729387,1,0.5,4048,464
4512,2270.37,ga_tcheby_proxy,mesh9,1,8,0,"[1-2-5-8]",3,62,4.80756,0.97,0.73444,3,0.5,4049,464
4513,2271.44,ga_tcheby_proxy,mesh9,2,0,0,"[2-1-0]",2,44,3.22898,0.97,0.729958,2,0.5,4050,464
4514,2271.44,ga_tcheby_proxy,mesh9,7,0,0,"[7-4-1-0]",3,62,4.93944,0.943317,0.733615,3,0.5,4051,464
4515,2271.79,ga_tcheby_proxy,mesh9,6,8,0,"[6-7-8]",2,44,3.22898,0.97,0.729958,2,0.5,4052,464
4516,2272.14,ga_tcheby_proxy,mesh9,3,2,0,"[3-4-5-2]",3,64,4.82552,0.97,0.729958,3,0.5,4053,464
4517,2272.28,ga_tcheby_proxy,mesh9,3,2,0,"[3-4-5-2]",3,64,4.82552,0.97,0.730526,3,0.5,4054,464
4518,2273.13,ga_tcheby_proxy,mesh9,3,4,0,"[3-4]",1,22,1.61449,0.97,0.731092,1,0.5,4055,464
4519,2273.14,ga_tcheby_proxy,mesh9,0,8,1,"[]",0,0,0,0,0,0,0.5,4055,465
4520,2274.3,ga_tcheby_proxy,mesh9,6,7,0,"[6-7]",1,22,1.61449,0.97,0.729958,1,0.5,4056,465
4521,2274.67,ga_tcheby_proxy,mesh9,3,5,0,"[3-4-5]",2,44,3.22898,0.97,0.731656,2,0.5,4057,465
4522,2275.07,ga_tcheby_proxy,mesh9,5,2,0,"[5-2]",1,20,1.59654,0.975,0.700234,1,0.5,4058,465
4523,2275.16,ga_tcheby_proxy,mesh9,6,1,0,"[6-3-0-1]",3,62,4.80756,0.97,0.729958,3,0.5,4059,465
4524,2275.48,ga_tcheby_proxy,mesh9,8,0,0,"[8-5-4-3-0]",4,84,6.42205,0.97,0.729958,4,0.5,4060,465
4525,2275.8,ga_tcheby_proxy,mesh9,0,2,0,"[0-1-2]",2,44,3.22898,0.97,0.731092,2,0.5,4061,465
4526,2275.91,ga_tcheby_proxy,mesh9,3,1,0,"[3-0-1]",2,42,3.21103,0.97,0.728238,2,0.5,4062,465
4527,2276.54,ga_tcheby_proxy,mesh9,2,5,0,"[2-5]",1,20,1.59654,0.975,0.73499,1,0.5,4063,465
4528,2276.68,ga_tcheby_proxy,mesh9,8,0,0,"[8-5-4-3-0]",4,84,6.42205,0.97,0.730526,4,0.5,4064,465
4529,2277.89,ga_tcheby_proxy,mesh9,2,4,0,"[2-1-4]",2,42,3.21103,0.97,0.73499,2,0.5,4065,465
4530,2278.96,ga_tcheby_proxy,mesh9,3,4,0,"[3-4]",1,22,1.61449,0.97,0.732218,1,0.5,4066,465
4531,2278.98,ga_tcheby_proxy,mesh9,5,8,1,"[]",0,0,0,0,0,0,0.5,4066,466
4532,2280.2,ga_tcheby_proxy,mesh9,2,5,0,"[2-5]",1,20,1.59654,0.975,0.735537,1,0.5,4067,466
4533,2280.96,ga_tcheby_proxy,mesh9,8,2,0,"[8-5-2]",2,40,3.19307,0.975,0.710407,2,0.5,4068,466
4534,2281.1,ga_tcheby_proxy,mesh9,0,5,0,"[0-3-4-5]",3,64,4.82552,0.97,0.73444,3,0.5,4069,466
4535,2281.65,ga_tcheby_proxy,mesh9,8,3,0,"[8-7-6-3]",3,64,4.82552,0.97,0.730526,3,0.5,4070,466
4536,2282.2,ga_tcheby_proxy,mesh9,4,5,0,"[4-5]",1,22,1.61449,0.97,0.732218,1,0.5,4071,466
4537,2283.06,ga_tcheby_proxy,mesh9,5,0,0,"[5-4-1-0]",3,64,4.82552,0.97,0.731092,3,0.5,4072,466
4538,2283.54,ga_tcheby_proxy,mesh9,3,5,0,"[3-4-5]",2,44,3.22898,0.97,0.733333,2,0.5,4073,466
4539,2283.65,ga_tcheby_proxy,mesh9,5,0,0,"[5-4-3-0]",3,64,4.82552,0.97,0.731092,3,0.5,4074,466
4540,2284.12,ga_tcheby_proxy,mesh9,1,0,0,"[1-0]",1,22,1.61449,0.97,0.731656,1,0.5,4075,466
4541,2284.22,ga_tcheby_proxy,mesh9,0,2,0,"[0-1-2]",2,44,3.22898,0.97,0.731656,2,0.5,4076,466
4542,2284.69,ga_tcheby_proxy,mesh9,0,2,0,"[0-1-2]",2,44,3.22898,0.97,0.732218,2,0.5,4077,466
4543,2285.19,ga_tcheby_proxy,mesh9,1,4,0,"[1-4]",1,20,1.59654,0.975,0.735537,1,0.5,4078,466
4544,2285.46,ga_tcheby_proxy,mesh9,2,5,0,"[2-5]",1,20,1.59654,0.975,0.736082,1,0.5,4079,466
4545,2285.5,ga_tcheby_proxy,mesh9,0,8,1,"[]",0,0,0,0,0,0,0.5,4079,467
4546,2285.83,ga_tcheby_proxy,mesh9,6,4,0,"[6-7-4]",2,42,3.21103,0.97,0.730526,2,0.5,4080,467
4547,2285.86,ga_tcheby_proxy,mesh9,3,2,1,"[]",0,0,0,0,0,0,0.5,4080,468
4548,2286.4,ga_tcheby_proxy,mesh9,4,2,0,"[4-1-2]",2,42,3.21103,0.97,0.732777,2,0.5,4081,468
4549,2286.67,ga_tcheby_proxy,mesh9,5,1,0,"[5-2-1]",2,42,3.21103,0.97,0.725322,2,0.5,4082,468
4550,2290.03,ga_tcheby_proxy,mesh9,2,7,0,"[2-1-4-7]",3,62,4.80756,0.97,0.736082,3,0.5,4083,468
4551,2290.49,ga_tcheby_proxy,mesh9,7,0,0,"[7-6-3-0]",3,62,4.80756,0.97,0.731092,3,0.5,4084,468
4552,2290.54,ga_tcheby_proxy,mesh9,0,2,1,"[]",0,0,0,0,0,0,0.5,4084,469
4553,2290.59,ga_tcheby_proxy,mesh9,6,5,1,"[]",0,0,0,0,0,0,0.5,4084,470
4554,2290.8,ga_tcheby_proxy,mesh9,1,5,0,"[1-2-5]",2,42,3.21103,0.97,0.736626,2,0.5,4085,470
4555,2292.15,ga_tcheby_proxy,mesh9,2,4,0,"[2-1-4]",2,42,3.21103,0.97,0.736626,2,0.5,4086,470
4556,2292.17,ga_tcheby_proxy,mesh9,4,2,1,"[]",0,0,0,0,0,0,0.5,4086,471
4557,2294.15,ga_tcheby_proxy,mesh9,1,3,0,"[1-0-3]",2,42,3.21103,0.97,0.73499,2,0.5,4087,471
4558,2294.24,ga_tcheby_proxy,mesh9,2,5,0,"[2-5]",1,20,1.59654,0.975,0.737166,1,0.5,4088,471
4559,2294.57,ga_tcheby_proxy,mesh9,8,0,0,"[8-5-4-3-0]",4,84,6.42205,0.97,0.731656,4,0.5,4089,471
4560,2295.66,ga_tcheby_proxy,mesh9,6,0,0,"[6-3-0]",2,40,3.19307,0.975,0.731656,2,0.5,4090,471
4561,2296.02,ga_tcheby_proxy,mesh9,2,1,0,"[2-1]",1,22,1.61449,0.97,0.727079,1,0.5,4091,471
4562,2296.12,ga_tcheby_proxy,mesh9,0,2,0,"[0-1-2]",2,44,3.22898,0.97,0.733888,2,0.5,4092,471
4563,2296.25,ga_tcheby_proxy,mesh9,2,3,0,"[2-1-0-3]",3,64,4.82552,0.97,0.735537,3,0.5,4093,471
4564,2296.52,ga_tcheby_proxy,mesh9,6,7,0,"[6-7]",1,22,1.61449,0.97,0.731092,1,0.5,4094,471
4565,2296.57,ga_tcheby_proxy,mesh9,6,8,1,"[]",0,0,0,0,0,0,0.5,4094,472
4566,2296.59,ga_tcheby_proxy,mesh9,2,4,1,"[]",0,0,0,0,0,0,0.5,4094,473
4567,2296.89,ga_tcheby_proxy,mesh9,6,5,0,"[6-7-8-5]",3,64,4.82552,0.97,0.731656,3,0.5,4095,473
4568,2297.02,ga_tcheby_proxy,mesh9,3,8,0,"[3-6-7-8]",3,64,4.82552,0.97,0.732218,3,0.5,4096,473
4569,2297.57,ga_tcheby_proxy,mesh9,5,8,0,"[5-8]",1,20,1.59654,0.975,0.731092,1,0.5,4097,473
4570,2298.04,ga_tcheby_proxy,mesh9,6,1,0,"[6-3-0-1]",3,62,4.80756,0.97,0.732218,3,0.5,4098,473
4571,2298.15,ga_tcheby_proxy,mesh9,3,2,0,"[3-4-5-2]",3,64,4.82552,0.97,0.733888,3,0.5,4099,473
4572,2299.32,ga_tcheby_proxy,mesh9,0,5,0,"[0-3-4-5]",3,64,4.82552,0.97,0.736082,3,0.5,4100,473
4573,2299.72,ga_tcheby_proxy,mesh9,5,2,0,"[5-2]",1,20,1.59654,0.975,0.703016,1,0.5,4101,473
4574,2300.71,ga_tcheby_proxy,mesh9,8,5,0,"[8-5]",1,20,1.59654,0.975,0.71236,1,0.5,4102,473
4575,2301.06,ga_tcheby_proxy,mesh9,6,2,0,"[6-7-8-5-2]",4,84,6.42205,0.97,0.732777,4,0.5,4103,473
4576,2301.79,ga_tcheby_proxy,mesh9,0,7,0,"[0-3-6-7]",3,62,4.80756,0.97,0.736626,3,0.5,4104,473
4577,2302.12,ga_tcheby_proxy,mesh9,7,5,0,"[7-8-5]",2,42,3.21103,0.97,0.732218,2,0.5,4105,473
4578,2302.62,ga_tcheby_proxy,mesh9,7,8,0,"[7-8]",1,22,1.61449,0.97,0.732777,1,0.5,4106,473
4579,2303.6,ga_tcheby_proxy,mesh9,3,8,0,"[3-6-7-8]",3,64,4.82552,0.97,0.733888,3,0.5,4107,473
4580,2304.97,ga_tcheby_proxy,mesh9,4,1,0,"[4-1]",1,20,1.59654,0.975,0.729387,1,0.5,4108,473
4581,2306.18,ga_tcheby_proxy,mesh9,1,5,0,"[1-4-5]",2,42,3.21103,0.97,0.737166,2,0.5,4109,473
4582,2306.6,ga_tcheby_proxy,mesh9,1,8,0,"[1-2-5-8]",3,62,4.80756,0.97,0.737705,3,0.5,4110,473
4583,2307.92,ga_tcheby_proxy,mesh9,4,2,0,"[4-5-2]",2,42,3.21103,0.97,0.73499,2,0.5,4111,473
4584,2308.65,ga_tcheby_proxy,mesh9,7,2,0,"[7-8-5-2]",3,62,4.80756,0.97,0.733888,3,0.5,4112,473
4585,2309.25,ga_tcheby_proxy,mesh9,2,1,0,"[2-1]",1,22,1.61449,0.97,0.728238,1,0.5,4113,473
4586,2309.65,ga_tcheby_proxy,mesh9,3,7,0,"[3-6-7]",2,42,3.21103,0.97,0.73444,2,0.5,4114,473
4587,2312.52,ga_tcheby_proxy,mesh9,1,5,0,"[1-4-5]",2,42,3.21103,0.97,0.737705,2,0.5,4115,473
4588,2313.04,ga_tcheby_proxy,mesh9,5,7,0,"[5-4-7]",2,42,3.21103,0.97,0.731656,2,0.5,4116,473
4589,2313.71,ga_tcheby_proxy,mesh9,1,6,0,"[1-0-3-6]",3,62,4.80756,0.97,0.737166,3,0.5,4117,473
4590,2314.12,ga_tcheby_proxy,mesh9,6,3,0,"[6-3]",1,20,1.59654,0.975,0.732777,1,0.5,4118,473
4591,2315.65,ga_tcheby_proxy,mesh9,5,7,0,"[5-4-7]",2,42,3.21103,0.97,0.732218,2,0.5,4119,473
4592,2316.12,ga_tcheby_proxy,mesh9,4,1,0,"[4-1]",1,20,1.59654,0.975,0.729958,1,0.5,4120,473
4593,2316.73,ga_tcheby_proxy,mesh9,4,8,0,"[4-7-8]",2,42,3.21103,0.97,0.73444,2,0.5,4121,473
4594,2317.12,ga_tcheby_proxy,mesh9,1,3,0,"[1-0-3]",2,42,3.21103,0.97,0.737705,2,0.5,4122,473
4595,2317.16,ga_tcheby_proxy,mesh9,3,6,1,"[]",0,0,0,0,0,0,0.5,4122,474
4596,2317.75,ga_tcheby_proxy,mesh9,8,0,0,"[8-7-4-3-0]",4,84,6.42205,0.97,0.732218,4,0.5,4123,474
4597,2318.07,ga_tcheby_proxy,mesh9,1,4,0,"[1-4]",1,20,1.59654,0.975,0.738241,1,0.5,4124,474
4598,2318.38,ga_tcheby_proxy,mesh9,3,6,0,"[3-6]",1,20,1.59654,0.975,0.720524,1,0.5,4125,474
4599,2320.94,ga_tcheby_proxy,mesh9,7,5,0,"[7-8-5]",2,42,3.21103,0.97,0.73499,2,0.5,4126,474
4600,2321.21,ga_tcheby_proxy,mesh9,4,3,0,"[4-3]",1,22,1.61449,0.97,0.732777,1,0.5,4127,474
4601,2321.25,ga_tcheby_proxy,mesh9,4,6,1,"[]",0,0,0,0,0,0,0.5,4127,475
4602,2322.22,ga_tcheby_proxy,mesh9,2,5,0,"[2-5]",1,20,1.59654,0.975,0.738241,1,0.5,4128,475
4603,2322.57,ga_tcheby_proxy,mesh9,8,5,0,"[8-5]",1,20,1.59654,0.975,0.715556,1,0.5,4129,475
4604,2322.96,ga_tcheby_proxy,mesh9,0,1,0,"[0-1]",1,22,1.61449,0.97,0.715556,1,0.5,4130,475
4605,2324.45,ga_tcheby_proxy,mesh9,3,6,0,"[3-6]",1,20,1.59654,0.975,0.721133,1,0.5,4131,475
4606,2324.47,ga_tcheby_proxy,mesh9,3,1,1,"[]",0,0,0,0,0,0,0.5,4131,476
4607,2324.59,ga_tcheby_proxy,mesh9,1,4,0,"[1-4]",1,20,1.59654,0.975,0.738776,1,0.5,4132,476
4608,2324.6,ga_tcheby_proxy,mesh9,2,1,1,"[]",0,0,0,0,0,0,0.5,4132,477
4609,2324.72,ga_tcheby_proxy,mesh9,0,2,0,"[0-1-2]",2,44,3.22898,0.97,0.73499,2,0.5,4133,477
4610,2325.34,ga_tcheby_proxy,mesh9,8,3,0,"[8-7-4-3]",3,64,4.82552,0.97,0.733333,3,0.5,4134,477
4611,2326.18,ga_tcheby_proxy,mesh9,2,6,0,"[2-1-0-3-6]",4,84,6.42205,0.97,0.738241,4,0.5,4135,477
4612,2326.6,ga_tcheby_proxy,mesh9,6,1,0,"[6-3-0-1]",3,62,4.80756,0.97,0.733333,3,0.5,4136,477
4613,2328.5,ga_tcheby_proxy,mesh9,4,7,0,"[4-7]",1,20,1.59654,0.975,0.733333,1,0.5,4137,477
4614,2329.1,ga_tcheby_proxy,mesh9,6,3,0,"[6-3]",1,20,1.59654,0.975,0.733888,1,0.5,4138,477
4615,2329.71,ga_tcheby_proxy,mesh9,6,7,0,"[6-7]",1,22,1.61449,0.97,0.73499,1,0.5,4139,477
4616,2330.04,ga_tcheby_proxy,mesh9,8,5,0,"[8-5]",1,20,1.59654,0.975,0.716186,1,0.5,4140,477
4617,2330.46,ga_tcheby_proxy,mesh9,2,4,0,"[2-5-4]",2,42,3.21103,0.97,0.738776,2,0.5,4141,477
4618,2331.08,ga_tcheby_proxy,mesh9,3,2,0,"[3-0-1-2]",3,64,4.82552,0.97,0.735537,3,0.5,4142,477
4619,2331.51,ga_tcheby_proxy,mesh9,8,1,0,"[8-5-2-1]",3,62,4.80756,0.97,0.729387,3,0.5,4143,477
4620,2331.68,ga_tcheby_proxy,mesh9,5,4,0,"[5-4]",1,22,1.61449,0.97,0.728238,1,0.5,4144,477
4621,2332.41,ga_tcheby_proxy,mesh9,6,4,0,"[6-3-4]",2,42,3.21103,0.97,0.73499,2,0.5,4145,477
4622,2332.69,ga_tcheby_proxy,mesh9,2,1,0,"[2-1]",1,22,1.61449,0.97,0.729958,1,0.5,4146,477
4623,2333.64,ga_tcheby_proxy,mesh9,4,0,0,"[4-3-0]",2,42,3.21103,0.97,0.733888,2,0.5,4147,477
4624,2334.94,ga_tcheby_proxy,mesh9,1,7,0,"[1-4-7]",2,40,3.19307,0.975,0.739308,2,0.5,4148,477
4625,2335.3,ga_tcheby_proxy,mesh9,3,2,0,"[3-0-1-2]",3,64,4.82552,0.97,0.736082,3,0.5,4149,477
4626,2335.71,ga_tcheby_proxy,mesh9,4,6,0,"[4-3-6]",2,42,3.21103,0.97,0.73444,2,0.5,4150,477
4627,2335.79,ga_tcheby_proxy,mesh9,3,8,0,"[3-4-7-8]",3,64,4.82552,0.97,0.735537,3,0.5,4151,477
4628,2335.79,ga_tcheby_proxy,mesh9,1,2,0,"[1-2]",1,22,1.66664,0.938391,0.738144,1,0.5,4152,477
4629,2336.33,ga_tcheby_proxy,mesh9,3,4,0,"[3-4]",1,22,1.61449,0.97,0.736082,1,0.5,4153,477
4630,2336.39,ga_tcheby_proxy,mesh9,7,4,0,"[7-4]",1,20,1.60448,0.96999,0.727079,1,0.5,4154,477
4631,2336.47,ga_tcheby_proxy,mesh9,7,8,0,"[7-8]",1,22,1.62467,0.963657,0.736082,1,0.5,4155,477
4632,2336.84,ga_tcheby_proxy,mesh9,1,5,0,"[1-2-5]",2,42,3.21103,0.97,0.739308,2,0.5,4156,477
4633,2337.1,ga_tcheby_proxy,mesh9,1,6,0,"[1-0-3-6]",3,62,4.80756,0.97,0.738776,3,0.5,4157,477
4634,2338.29,ga_tcheby_proxy,mesh9,5,1,0,"[5-4-1]",2,42,3.21103,0.97,0.730526,2,0.5,4158,477
4635,2338.69,ga_tcheby_proxy,mesh9,2,4,0,"[2-5-4]",2,42,3.21103,0.97,0.739837,2,0.5,4159,477
4636,2338.93,ga_tcheby_proxy,mesh9,5,3,0,"[5-4-3]",2,44,3.22898,0.97,0.73499,2,0.5,4160,477
4637,2339.72,ga_tcheby_proxy,mesh9,4,2,0,"[4-5-2]",2,42,3.21103,0.97,0.736082,2,0.5,4161,477
4638,2340.04,ga_tcheby_proxy,mesh9,2,7,0,"[2-1-4-7]",3,62,4.80756,0.97,0.739837,3,0.5,4162,477
4639,2340.25,ga_tcheby_proxy,mesh9,0,4,0,"[0-3-4]",2,42,3.21103,0.97,0.739308,2,0.5,4163,477
4640,2340.38,ga_tcheby_proxy,mesh9,6,2,0,"[6-7-8-5-2]",4,84,6.42205,0.97,0.736626,4,0.5,4164,477
4641,2340.8,ga_tcheby_proxy,mesh9,7,5,0,"[7-4-5]",2,42,3.21103,0.97,0.736626,2,0.5,4165,477
4642,2342.13,ga_tcheby_proxy,mesh9,2,4,0,"[2-1-4]",2,42,3.21103,0.97,0.740365,2,0.5,4166,477
4643,2342.21,ga_tcheby_proxy,mesh9,7,5,0,"[7-4-5]",2,42,3.21103,0.97,0.737166,2,0.5,4167,477
4644,2342.27,ga_tcheby_proxy,mesh9,0,4,1,"[]",0,0,0,0,0,0,0.5,4167,478
4645,2342.48,ga_tcheby_proxy,mesh9,8,5,0,"[8-5]",1,20,1.59654,0.975,0.718062,1,0.5,4168,478
4646,2342.98,ga_tcheby_proxy,mesh9,0,2,0,"[0-1-2]",2,44,3.22898,0.97,0.737705,2,0.5,4169,478
4647,2344.12,ga_tcheby_proxy,mesh9,1,6,0,"[1-0-3-6]",3,62,4.80756,0.97,0.739837,3,0.5,4170,478
4648,2347.3,ga_tcheby_proxy,mesh9,8,6,0,"[8-7-6]",2,44,3.22898,0.97,0.728814,2,0.5,4171,478
4649,2347.6,ga_tcheby_proxy,mesh9,1,3,0,"[1-0-3]",2,42,3.21103,0.97,0.740365,2,0.5,4172,478
4650,2348.72,ga_tcheby_proxy,mesh9,1,6,0,"[1-4-3-6]",3,62,4.80756,0.97,0.740891,3,0.5,4173,478
4651,2349.01,ga_tcheby_proxy,mesh9,4,5,0,"[4-5]",1,22,1.61449,0.97,0.737705,1,0.5,4174,478
4652,2349.02,ga_tcheby_proxy,mesh9,8,2,1,"[]",0,0,0,0,0,0,0.5,4174,479
4653,2349.23,ga_tcheby_proxy,mesh9,1,2,0,"[1-2]",1,22,1.61449,0.97,0.738241,1,0.5,4175,479
4654,2349.98,ga_tcheby_proxy,mesh9,3,4,0,"[3-4]",1,22,1.61449,0.97,0.737166,1,0.5,4176,479
4655,2350.59,ga_tcheby_proxy,mesh9,2,0,0,"[2-1-0]",2,44,3.22898,0.97,0.736626,2,0.5,4177,479
4656,2350.66,ga_tcheby_proxy,mesh9,6,8,0,"[6-7-8]",2,44,3.23774,0.964539,0.737166,2,0.5,4178,479
4657,2351.47,ga_tcheby_proxy,mesh9,1,2,0,"[1-2]",1,22,1.61449,0.97,0.738776,1,0.5,4179,479
4658,2352.02,ga_tcheby_proxy,mesh9,7,1,0,"[7-4-1]",2,40,3.19307,0.975,0.731092,2,0.5,4180,479
4659,2353.59,ga_tcheby_proxy,mesh9,5,2,0,"[5-2]",1,20,1.59654,0.975,0.707763,1,0.5,4181,479
4660,2353.59,ga_tcheby_proxy,mesh9,3,7,0,"[3-4-7]",2,42,3.24155,0.960497,0.737705,2,0.5,4182,479
4661,2354.64,ga_tcheby_proxy,mesh9,6,0,0,"[6-3-0]",2,40,3.19307,0.975,0.73499,2,0.5,4183,479
4662,2355.04,ga_tcheby_proxy,mesh9,0,6,0,"[0-3-6]",2,40,3.19307,0.975,0.740891,2,0.5,4184,479
4663,2355.08,ga_tcheby_proxy,mesh9,7,4,1,"[]",0,0,0,0,0,0,0.5,4184,480
4664,2355.62,ga_tcheby_proxy,mesh9,4,8,0,"[4-7-8]",2,42,3.21103,0.97,0.737705,2,0.5,4185,480
4665,2355.71,ga_tcheby_proxy,mesh9,1,0,0,"[1-0]",1,22,1.61449,0.97,0.737166,1,0.5,4186,480
4666,2355.77,ga_tcheby_proxy,mesh9,7,8,0,"[7-8]",1,22,1.66683,0.938242,0.738241,1,0.5,4187,480
4667,2356.17,ga_tcheby_proxy,mesh9,5,3,0,"[5-4-3]",2,44,3.22898,0.97,0.736082,2,0.5,4188,480
4668,2357.15,ga_tcheby_proxy,mesh9,5,8,0,"[5-8]",1,20,1.59654,0.975,0.732218,1,0.5,4189,480
4669,2357.48,ga_tcheby_proxy,mesh9,2,1,0,"[2-1]",1,22,1.61449,0.97,0.732218,1,0.5,4190,480
4670,2357.51,ga_tcheby_proxy,mesh9,1,4,1,"[]",0,0,0,0,0,0,0.5,4190,481
4671,2357.63,ga_tcheby_proxy,mesh9,1,4,0,"[1-4]",1,20,1.59654,0.975,0.741414,1,0.5,4191,481
4672,2357.89,ga_tcheby_proxy,mesh9,4,7,0,"[4-7]",1,20,1.59654,0.975,0.736626,1,0.5,4192,481
4673,2359.38,ga_tcheby_proxy,mesh9,6,5,0,"[6-3-4-5]",3,64,4.82552,0.97,0.738241,3,0.5,4193,481
4674,2360.33,ga_tcheby_proxy,mesh9,0,2,0,"[0-1-2]",2,44,3.22898,0.97,0.739308,2,0.5,4194,481
4675,2361.32,ga_tcheby_proxy,mesh9,2,1,0,"[2-1]",1,22,1.61449,0.97,0.732777,1,0.5,4195,481
4676,2361.76,ga_tcheby_proxy,mesh9,4,3,0,"[4-3]",1,22,1.61449,0.97,0.736626,1,0.5,4196,481
4677,2361.79,ga_tcheby_proxy,mesh9,7,1,1,"[]",0,0,0,0,0,0,0.5,4196,482
4678,2362.05,ga_tcheby_proxy,mesh9,3,7,0,"[3-6-7]",2,42,3.21103,0.97,0.736626,2,0.5,4197,482
4679,2364.05,ga_tcheby_proxy,mesh9,1,2,0,"[1-2]",1,22,1.61449,0.97,0.739837,1,0.5,4198,482
4680,2365.47,ga_tcheby_proxy,mesh9,1,0,0,"[1-0]",1,22,1.61449,0.97,0.737705,1,0.5,4199,482
4681,2366.83,ga_tcheby_proxy,mesh9,3,5,0,"[3-4-5]",2,44,3.22898,0.97,0.738776,2,0.5,4200,482
4682,2367.2,ga_tcheby_proxy,mesh9,6,0,0,"[6-3-0]",2,40,3.19307,0.975,0.736082,2,0.5,4201,482
4683,2367.26,ga_tcheby_proxy,mesh9,3,8,1,"[]",0,0,0,0,0,0,0.5,4201,483
4684,2368.1,ga_tcheby_proxy,mesh9,0,7,0,"[0-3-4-7]",3,62,4.80756,0.97,0.741414,3,0.5,4202,483
4685,2368.3,ga_tcheby_proxy,mesh9,8,5,0,"[8-5]",1,20,1.59654,0.975,0.718681,1,0.5,4203,483
4686,2368.63,ga_tcheby_proxy,mesh9,3,4,0,"[3-4]",1,22,1.61449,0.97,0.739837,1,0.5,4204,483
4687,2368.82,ga_tcheby_proxy,mesh9,4,2,0,"[4-5-2]",2,42,3.21103,0.97,0.739308,2,0.5,4205,483
4688,2369.03,ga_tcheby_proxy,mesh9,6,8,0,"[6-7-8]",2,44,3.22898,0.97,0.738776,2,0.5,4206,483
4689,2369.06,ga_tcheby_proxy,mesh9,8,7,1,"[]",0,0,0,0,0,0,0.5,4206,484
4690,2369.2,ga_tcheby_proxy,mesh9,0,8,0,"[0-1-2-5-8]",4,84,6.42205,0.97,0.740365,4,0.5,4207,484
4691,2369.64,ga_tcheby_proxy,mesh9,2,6,0,"[2-5-8-7-6]",4,84,6.42205,0.97,0.740891,4,0.5,4208,484
4692,2370.21,ga_tcheby_proxy,mesh9,8,7,0,"[8-7]",1,22,1.61449,0.97,0.717439,1,0.5,4209,484
4693,2370.35,ga_tcheby_proxy,mesh9,1,3,0,"[1-4-3]",2,42,3.21103,0.97,0.741935,2,0.5,4210,484
4694,2370.55,ga_tcheby_proxy,mesh9,7,1,0,"[7-4-1]",2,40,3.19307,0.975,0.731656,2,0.5,4211,484
4695,2370.7,ga_tcheby_proxy,mesh9,6,3,0,"[6-3]",1,20,1.59654,0.975,0.736626,1,0.5,4212,484
4696,2372.06,ga_tcheby_proxy,mesh9,7,0,0,"[7-6-3-0]",3,62,4.80756,0.97,0.737166,3,0.5,4213,484
4697,2372.77,ga_tcheby_proxy,mesh9,3,8,0,"[3-6-7-8]",3,64,4.82552,0.97,0.739308,3,0.5,4214,484
4698,2372.91,ga_tcheby_proxy,mesh9,4,0,0,"[4-3-0]",2,42,3.21103,0.97,0.737705,2,0.5,4215,484
4699,2373.47,ga_tcheby_proxy,mesh9,5,8,0,"[5-8]",1,20,1.59654,0.975,0.733888,1,0.5,4216,484
4700,2373.47,ga_tcheby_proxy,mesh9,1,2,0,"[1-2]",1,22,1.71674,0.91005,0.75,1,0.5,4217,484
4701,2373.53,ga_tcheby_proxy,mesh9,4,5,1,"[]",0,0,0,0,0,0,0.5,4217,485
4702,2373.97,ga_tcheby_proxy,mesh9,0,4,0,"[0-3-4]",2,42,3.21103,0.97,0.741935,2,0.5,4218,485
4703,2375.34,ga_tcheby_proxy,mesh9,2,3,0,"[2-5-4-3]",3,64,4.82552,0.97,0.741414,3,0.5,4219,485
4704,2375.94,ga_tcheby_proxy,mesh9,5,7,0,"[5-8-7]",2,42,3.21103,0.97,0.73444,2,0.5,4220,485
4705,2376.05,ga_tcheby_proxy,mesh9,4,1,0,"[4-1]",1,20,1.59654,0.975,0.732218,1,0.5,4221,485
4706,2376.1,ga_tcheby_proxy,mesh9,2,6,1,"[]",0,0,0,0,0,0,0.5,4221,486
4707,2376.48,ga_tcheby_proxy,mesh9,7,8,0,"[7-8]",1,22,1.61449,0.97,0.739837,1,0.5,4222,486
4708,2376.52,ga_tcheby_proxy,mesh9,5,7,1,"[]",0,0,0,0,0,0,0.5,4222,487
4709,2376.58,ga_tcheby_proxy,mesh9,3,0,1,"[]",0,0,0,0,0,0,0.5,4222,488
4710,2377.29,ga_tcheby_proxy,mesh9,0,7,0,"[0-1-4-7]",3,62,4.80756,0.97,0.742455,3,0.5,4223,488
4711,2377.52,ga_tcheby_proxy,mesh9,1,4,0,"[1-4]",1,20,1.59654,0.975,0.742972,1,0.5,4224,488
4712,2379.17,ga_tcheby_proxy,mesh9,1,8,0,"[1-2-5-8]",3,62,4.80756,0.97,0.741935,3,0.5,4225,488
4713,2379.34,ga_tcheby_proxy,mesh9,7,8,0,"[7-8]",1,22,1.61449,0.97,0.740365,1,0.5,4226,488
4714,2380.3,ga_tcheby_proxy,mesh9,2,4,0,"[2-5-4]",2,42,3.21103,0.97,0.742455,2,0.5,4227,488
4715,2380.74,ga_tcheby_proxy,mesh9,8,0,0,"[8-7-6-3-0]",4,84,6.42205,0.97,0.737705,4,0.5,4228,488
4716,2381.04,ga_tcheby_proxy,mesh9,3,2,0,"[3-4-5-2]",3,64,4.82552,0.97,0.740891,3,0.5,4229,488
4717,2381.77,ga_tcheby_proxy,mesh9,2,5,0,"[2-5]",1,20,1.59654,0.975,0.742972,1,0.5,4230,488
4718,2382.7,ga_tcheby_proxy,mesh9,2,7,0,"[2-1-4-7]",3,62,4.80756,0.97,0.743487,3,0.5,4231,488
4719,2383.93,ga_tcheby_proxy,mesh9,4,6,0,"[4-7-6]",2,42,3.21103,0.97,0.738776,2,0.5,4232,488
4720,2384.99,ga_tcheby_proxy,mesh9,4,1,0,"[4-1]",1,20,1.59654,0.975,0.732777,1,0.5,4233,488
4721,2385.31,ga_tcheby_proxy,mesh9,6,7,0,"[6-7]",1,22,1.61449,0.97,0.738241,1,0.5,4234,488
4722,2385.43,ga_tcheby_proxy,mesh9,4,5,0,"[4-5]",1,22,1.61449,0.97,0.740365,1,0.5,4235,488
4723,2385.95,ga_tcheby_proxy,mesh9,3,0,0,"[3-0]",1,20,1.59654,0.975,0.737705,1,0.5,4236,488
4724,2385.97,ga_tcheby_proxy,mesh9,2,0,1,"[]",0,0,0,0,0,0,0.5,4236,489
4725,2386.59,ga_tcheby_proxy,mesh9,3,4,0,"[3-4]",1,22,1.61449,0.97,0.741414,1,0.5,4237,489
4726,2388.29,ga_tcheby_proxy,mesh9,0,8,0,"[0-3-4-7-8]",4,84,6.42205,0.97,0.742455,4,0.5,4238,489
4727,2388.38,ga_tcheby_proxy,mesh9,5,0,0,"[5-4-1-0]",3,64,4.82552,0.97,0.738241,3,0.5,4239,489
4728,2388.86,ga_tcheby_proxy,mesh9,7,4,0,"[7-4]",1,20,1.59654,0.975,0.729958,1,0.5,4240,489
4729,2389.41,ga_tcheby_proxy,mesh9,2,7,0,"[2-5-8-7]",3,62,4.80756,0.97,0.743487,3,0.5,4241,489
4730,2390.09,ga_tcheby_proxy,mesh9,8,1,0,"[8-7-4-1]",3,62,4.80756,0.97,0.733888,3,0.5,4242,489
4731,2390.22,ga_tcheby_proxy,mesh9,4,5,0,"[4-5]",1,22,1.61449,0.97,0.740891,1,0.5,4243,489
4732,2390.72,ga_tcheby_proxy,mesh9,7,3,0,"[7-6-3]",2,42,3.21103,0.97,0.738241,2,0.5,4244,489
4733,2391.13,ga_tcheby_proxy,mesh9,3,6,0,"[3-6]",1,20,1.59654,0.975,0.726496,1,0.5,4245,489
4734,2391.36,ga_tcheby_proxy,mesh9,4,5,0,"[4-5]",1,22,1.61449,0.97,0.741414,1,0.5,4246,489
4735,2392.02,ga_tcheby_proxy,mesh9,3,5,0,"[3-4-5]",2,44,3.22898,0.97,0.742455,2,0.5,4247,489
4736,2392.48,ga_tcheby_proxy,mesh9,8,2,0,"[8-5-2]",2,40,3.19307,0.975,0.719298,2,0.5,4248,489
4737,2392.5,ga_tcheby_proxy,mesh9,8,3,1,"[]",0,0,0,0,0,0,0.5,4248,490
4738,2392.73,ga_tcheby_proxy,mesh9,0,3,0,"[0-3]",1,20,1.59654,0.975,0.742972,1,0.5,4249,490
4739,2393.23,ga_tcheby_proxy,mesh9,6,5,0,"[6-7-8-5]",3,64,4.82552,0.97,0.741414,3,0.5,4250,490
4740,2393.3,ga_tcheby_proxy,mesh9,5,4,0,"[5-4]",1,22,1.6564,0.944406,0.732777,1,0.5,4251,490
4741,2393.45,ga_tcheby_proxy,mesh9,1,5,0,"[1-2-5]",2,42,3.21103,0.97,0.744,2,0.5,4252,490
4742,2393.55,ga_tcheby_proxy,mesh9,6,3,0,"[6-3]",1,20,1.59654,0.975,0.738776,1,0.5,4253,490
4743,2393.97,ga_tcheby_proxy,mesh9,5,8,0,"[5-8]",1,20,1.59654,0.975,0.736082,1,0.5,4254,490
4744,2394.17,ga_tcheby_proxy,mesh9,8,7,0,"[8-7]",1,22,1.61449,0.97,0.720524,1,0.5,4255,490
4745,2394.53,ga_tcheby_proxy,mesh9,0,6,0,"[0-3-6]",2,40,3.19307,0.975,0.743487,2,0.5,4256,490
4746,2395.25,ga_tcheby_proxy,mesh9,0,7,0,"[0-3-6-7]",3,62,4.80756,0.97,0.744,3,0.5,4257,490
4747,2395.54,ga_tcheby_proxy,mesh9,3,7,0,"[3-6-7]",2,42,3.21103,0.97,0.739837,2,0.5,4258,490
4748,2395.58,ga_tcheby_proxy,mesh9,5,8,1,"[]",0,0,0,0,0,0,0.5,4258,491
4749,2395.74,ga_tcheby_proxy,mesh9,2,8,0,"[2-5-8]",2,40,3.19307,0.975,0.744511,2,0.5,4259,491
4750,2395.84,ga_tcheby_proxy,mesh9,4,0,0,"[4-1-0]",2,42,3.21103,0.97,0.738776,2,0.5,4260,491
4751,2396.24,ga_tcheby_proxy,mesh9,0,5,0,"[0-1-4-5]",3,64,4.82552,0.97,0.744,3,0.5,4261,491
4752,2396.36,ga_tcheby_proxy,mesh9,0,2,0,"[0-1-2]",2,44,3.22898,0.97,0.742455,2,0.5,4262,491
4753,2398.12,ga_tcheby_proxy,mesh9,0,8,0,"[0-1-4-7-8]",4,84,6.42205,0.97,0.744511,4,0.5,4263,491
4754,2398.23,ga_tcheby_proxy,mesh9,7,0,0,"[7-4-3-0]",3,62,4.80756,0.97,0.738776,3,0.5,4264,491
4755,2398.29,ga_tcheby_proxy,mesh9,2,7,0,"[2-1-4-7]",3,62,4.95319,0.908558,0.74502,3,0.5,4265,491
4756,2398.58,ga_tcheby_proxy,mesh9,4,1,0,"[4-1]",1,20,1.59654,0.975,0.73499,1,0.5,4266,491
4757,2399.21,ga_tcheby_proxy,mesh9,5,8,0,"[5-8]",1,20,1.59654,0.975,0.737166,1,0.5,4267,491
4758,2399.52,ga_tcheby_proxy,mesh9,2,7,0,"[2-5-4-7]",3,62,4.80756,0.97,0.74502,3,0.5,4268,491
4759,2400.05,ga_tcheby_proxy,mesh9,1,7,0,"[1-4-7]",2,40,3.19307,0.975,0.745527,2,0.5,4269,491
4760,2400.1,ga_tcheby_proxy,mesh9,0,6,1,"[]",0,0,0,0,0,0,0.5,4269,492
4761,2400.5,ga_tcheby_proxy,mesh9,1,0,0,"[1-0]",1,22,1.61449,0.97,0.739308,1,0.5,4270,492
4762,2400.54,ga_tcheby_proxy,mesh9,2,3,1,"[]",0,0,0,0,0,0,0.5,4270,493
4763,2400.69,ga_tcheby_proxy,mesh9,7,5,0,"[7-8-5]",2,42,3.21103,0.97,0.742455,2,0.5,4271,493
4764,2400.75,ga_tcheby_proxy,mesh9,7,2,1,"[]",0,0,0,0,0,0,0.5,4271,494
4765,2401.33,ga_tcheby_proxy,mesh9,5,2,0,"[5-2]",1,20,1.59654,0.975,0.710407,1,0.5,4272,494
4766,2401.44,ga_tcheby_proxy,mesh9,3,7,0,"[3-6-7]",2,42,3.21103,0.97,0.740365,2,0.5,4273,494
4767,2401.61,ga_tcheby_proxy,mesh9,3,5,0,"[3-4-5]",2,44,3.22898,0.97,0.742972,2,0.5,4274,494
4768,2402.16,ga_tcheby_proxy,mesh9,7,4,0,"[7-4]",1,20,1.59654,0.975,0.731656,1,0.5,4275,494
4769,2402.17,ga_tcheby_proxy,mesh9,2,1,1,"[]",0,0,0,0,0,0,0.5,4275,495
4770,2403.08,ga_tcheby_proxy,mesh9,2,7,0,"[2-5-4-7]",3,62,4.80756,0.97,0.745527,3,0.5,4276,495
4771,2403.45,ga_tcheby_proxy,mesh9,2,5,0,"[2-5]",1,20,1.59654,0.975,0.746032,1,0.5,4277,495
4772,2403.63,ga_tcheby_proxy,mesh9,5,4,0,"[5-4]",1,22,1.61449,0.97,0.73444,1,0.5,4278,495
4773,2404.5,ga_tcheby_proxy,mesh9,1,0,0,"[1-0]",1,22,1.61449,0.97,0.739837,1,0.5,4279,495
4774,2404.71,ga_tcheby_proxy,mesh9,2,0,0,"[2-1-0]",2,44,3.22898,0.97,0.740365,2,0.5,4280,495
4775,2405.3,ga_tcheby_proxy,mesh9,3,1,0,"[3-0-1]",2,42,3.21103,0.97,0.738776,2,0.5,4281,495
4776,2405.72,ga_tcheby_proxy,mesh9,4,7,0,"[4-7]",1,20,1.59654,0.975,0.742455,1,0.5,4282,495
4777,2405.81,ga_tcheby_proxy,mesh9,5,0,0,"[5-4-3-0]",3,64,4.82552,0.97,0.739308,3,0.5,4283,495
4778,2406.31,ga_tcheby_proxy,mesh9,0,8,0,"[0-3-6-7-8]",4,84,6.42205,0.97,0.744511,4,0.5,4284,495
4779,2406.96,ga_tcheby_proxy,mesh9,5,1,0,"[5-2-1]",2,42,3.21103,0.97,0.73499,2,0.5,4285,495
4780,2407.68,ga_tcheby_proxy,mesh9,6,4,0,"[6-7-4]",2,42,3.21103,0.97,0.741414,2,0.5,4286,495
4781,2408.18,ga_tcheby_proxy,mesh9,4,6,0,"[4-3-6]",2,42,3.21103,0.97,0.739837,2,0.5,4287,495
4782,2408.46,ga_tcheby_proxy,mesh9,3,2,0,"[3-0-1-2]",3,64,4.82552,0.97,0.742972,3,0.5,4288,495
4783,2408.76,ga_tcheby_proxy,mesh9,2,5,0,"[2-5]",1,20,1.59654,0.975,0.746535,1,0.5,4289,495
4784,2408.77,ga_tcheby_proxy,mesh9,6,7,1,"[]",0,0,0,0,0,0,0.5,4289,496
4785,2408.89,ga_tcheby_proxy,mesh9,4,0,0,"[4-3-0]",2,42,3.21103,0.97,0.740365,2,0.5,4290,496
4786,2408.92,ga_tcheby_proxy,mesh9,2,8,1,"[]",0,0,0,0,0,0,0.5,4290,497
4787,2409.7,ga_tcheby_proxy,mesh9,2,8,0,"[2-5-8]",2,40,3.19307,0.975,0.747036,2,0.5,4291,497
4788,2409.81,ga_tcheby_proxy,mesh9,2,4,0,"[2-1-4]",2,42,3.21103,0.97,0.746032,2,0.5,4292,497
4789,2410.17,ga_tcheby_proxy,mesh9,7,6,0,"[7-6]",1,22,1.61449,0.97,0.732218,1,0.5,4293,497
4790,2410.43,ga_tcheby_proxy,mesh9,3,6,0,"[3-6]",1,20,1.59654,0.975,0.730526,1,0.5,4294,497
4791,2410.44,ga_tcheby_proxy,mesh9,2,7,0,"[2-1-4-7]",3,62,5.05259,0.92139,0.749503,3,0.5,4295,497
4792,2411.2,ga_tcheby_proxy,mesh9,2,5,0,"[2-5]",1,20,1.59654,0.975,0.747535,1,0.5,4296,497
4793,2411.53,ga_tcheby_proxy,mesh9,5,7,0,"[5-8-7]",2,42,3.21103,0.97,0.738241,2,0.5,4297,497
4794,2411.75,ga_tcheby_proxy,mesh9,6,5,0,"[6-3-4-5]",3,64,4.82552,0.97,0.743487,3,0.5,4298,497
4795,2412.59,ga_tcheby_proxy,mesh9,8,6,0,"[8-7-6]",2,44,3.22898,0.97,0.732777,2,0.5,4299,497
4796,2413.04,ga_tcheby_proxy,mesh9,2,5,0,"[2-5]",1,20,1.59654,0.975,0.748031,1,0.5,4300,497
4797,2413.58,ga_tcheby_proxy,mesh9,0,6,0,"[0-3-6]",2,40,3.19307,0.975,0.74502,2,0.5,4301,497
4798,2414.16,ga_tcheby_proxy,mesh9,4,6,0,"[4-3-6]",2,42,3.21103,0.97,0.740891,2,0.5,4302,497
4799,2415.12,ga_tcheby_proxy,mesh9,1,4,0,"[1-4]",1,20,1.59654,0.975,0.747036,1,0.5,4303,497
4800,2416.2,ga_tcheby_proxy,mesh9,6,3,0,"[6-3]",1,20,1.59654,0.975,0.739837,1,0.5,4304,497
4801,2416.66,ga_tcheby_proxy,mesh9,8,3,0,"[8-7-6-3]",3,64,4.82552,0.97,0.740365,3,0.5,4305,497
4802,2416.85,ga_tcheby_proxy,mesh9,2,1,0,"[2-1]",1,22,1.61449,0.97,0.736626,1,0.5,4306,497
4803,2416.93,ga_tcheby_proxy,mesh9,1,3,0,"[1-0-3]",2,42,3.21103,0.97,0.745527,2,0.5,4307,497
4804,2417.24,ga_tcheby_proxy,mesh9,7,4,0,"[7-4]",1,20,1.59654,0.975,0.732777,1,0.5,4308,497
4805,2417.29,ga_tcheby_proxy,mesh9,2,1,1,"[]",0,0,0,0,0,0,0.5,4308,498
4806,2418.09,ga_tcheby_proxy,mesh9,6,1,0,"[6-3-0-1]",3,62,4.80756,0.97,0.740891,3,0.5,4309,498
4807,2418.84,ga_tcheby_proxy,mesh9,5,4,0,"[5-4]",1,22,1.61449,0.97,0.735537,1,0.5,4310,498
4808,2418.96,ga_tcheby_proxy,mesh9,7,5,0,"[7-8-5]",2,42,3.21103,0.97,0.743487,2,0.5,4311,498
4809,2419.14,ga_tcheby_proxy,mesh9,2,7,0,"[2-1-4-7]",3,62,4.80756,0.97,0.747535,3,0.5,4312,498
4810,2419.94,ga_tcheby_proxy,mesh9,1,6,0,"[1-0-3-6]",3,62,4.80756,0.97,0.746032,3,0.5,4313,498
4811,2420.36,ga_tcheby_proxy,mesh9,3,1,0,"[3-0-1]",2,42,3.21103,0.97,0.741414,2,0.5,4314,498
4812,2420.92,ga_tcheby_proxy,mesh9,2,1,0,"[2-1]",1,22,1.61449,0.97,0.737705,1,0.5,4315,498
4813,2421.21,ga_tcheby_proxy,mesh9,2,1,0,"[2-1]",1,22,1.61449,0.97,0.738241,1,0.5,4316,498
4814,2421.83,ga_tcheby_proxy,mesh9,2,5,0,"[2-5]",1,20,1.59654,0.975,0.748527,1,0.5,4317,498
4815,2422.14,ga_tcheby_proxy,mesh9,1,8,0,"[1-4-5-8]",3,62,4.80756,0.97,0.748031,3,0.5,4318,498
4816,2422.4,ga_tcheby_proxy,mesh9,1,5,0,"[1-4-5]",2,42,3.21103,0.97,0.748527,2,0.5,4319,498
4817,2422.46,ga_tcheby_proxy,mesh9,4,5,0,"[4-5]",1,22,1.68479,0.927823,0.74502,1,0.5,4320,498
4818,2422.69,ga_tcheby_proxy,mesh9,8,4,0,"[8-7-4]",2,42,3.21103,0.97,0.733333,2,0.5,4321,498
4819,2422.86,ga_tcheby_proxy,mesh9,5,3,0,"[5-4-3]",2,44,3.22898,0.97,0.741414,2,0.5,4322,498
4820,2423.04,ga_tcheby_proxy,mesh9,3,5,0,"[3-4-5]",2,44,3.22898,0.97,0.745527,2,0.5,4323,498
4821,2423.76,ga_tcheby_proxy,mesh9,2,0,0,"[2-1-0]",2,44,3.22898,0.97,0.741935,2,0.5,4324,498
4822,2424.65,ga_tcheby_proxy,mesh9,5,0,0,"[5-4-3-0]",3,64,4.82552,0.97,0.741935,3,0.5,4325,498
4823,2424.74,ga_tcheby_proxy,mesh9,2,3,0,"[2-1-0-3]",3,64,4.82552,0.97,0.746535,3,0.5,4326,498
4824,2424.8,ga_tcheby_proxy,mesh9,0,2,1,"[]",0,0,0,0,0,0,0.5,4326,499
4825,2424.98,ga_tcheby_proxy,mesh9,5,6,0,"[5-8-7-6]",3,64,4.82552,0.97,0.739308,3,0.5,4327,499
4826,2425.9,ga_tcheby_proxy,mesh9,1,0,0,"[1-0]",1,22,1.61449,0.97,0.742972,1,0.5,4328,499
4827,2426.29,ga_tcheby_proxy,mesh9,3,2,0,"[3-0-1-2]",3,64,4.82552,0.97,0.743487,3,0.5,4329,499
4828,2426.83,ga_tcheby_proxy,mesh9,4,8,0,"[4-7-8]",2,42,3.21103,0.97,0.744,2,0.5,4330,499
4829,2427.19,ga_tcheby_proxy,mesh9,0,8,0,"[0-3-6-7-8]",4,84,6.42205,0.97,0.747036,4,0.5,4331,499
4830,2427.46,ga_tcheby_proxy,mesh9,5,0,0,"[5-4-3-0]",3,64,4.82552,0.97,0.742972,3,0.5,4332,499
4831,2428.38,ga_tcheby_proxy,mesh9,4,6,0,"[4-3-6]",2,42,3.21103,0.97,0.742972,2,0.5,4333,499
4832,2428.5,ga_tcheby_proxy,mesh9,6,0,0,"[6-3-0]",2,40,3.19307,0.975,0.743487,2,0.5,4334,499
4833,2428.98,ga_tcheby_proxy,mesh9,0,7,0,"[0-3-4-7]",3,62,4.80756,0.97,0.747535,3,0.5,4335,499
4834,2429.32,ga_tcheby_proxy,mesh9,5,6,0,"[5-8-7-6]",3,64,4.82552,0.97,0.739837,3,0.5,4336,499
4835,2429.33,ga_tcheby_proxy,mesh9,3,7,1,"[]",0,0,0,0,0,0,0.5,4336,500
4836,2429.6,ga_tcheby_proxy,mesh9,3,7,0,"[3-6-7]",2,42,3.21103,0.97,0.742455,2,0.5,4337,500
4837,2429.68,ga_tcheby_proxy,mesh9,2,0,0,"[2-1-0]",2,44,3.22898,0.97,0.743487,2,0.5,4338,500
4838,2430.34,ga_tcheby_proxy,mesh9,1,2,0,"[1-2]",1,22,1.61449,0.97,0.744,1,0.5,4339,500
4839,2431.05,ga_tcheby_proxy,mesh9,7,0,0,"[7-4-1-0]",3,62,4.80756,0.97,0.744,3,0.5,4340,500
4840,2432.04,ga_tcheby_proxy,mesh9,0,6,0,"[0-3-6]",2,40,3.19307,0.975,0.748031,2,0.5,4341,500
4841,2432.09,ga_tcheby_proxy,mesh9,8,7,1,"[]",0,0,0,0,0,0,0.5,4341,501
4842,2432.17,ga_tcheby_proxy,mesh9,8,6,0,"[8-7-6]",2,44,3.22898,0.97,0.73499,2,0.5,4342,501
4843,2432.31,ga_tcheby_proxy,mesh9,5,6,0,"[5-8-7-6]",3,64,4.82552,0.97,0.740365,3,0.5,4343,501
4844,2433.22,ga_tcheby_proxy,mesh9,5,8,0,"[5-8]",1,20,1.59654,0.975,0.740891,1,0.5,4344,501
4845,2434.68,ga_tcheby_proxy,mesh9,1,3,0,"[1-0-3]",2,42,3.21103,0.97,0.748527,2,0.5,4345,501
4846,2434.71,ga_tcheby_proxy,mesh9,0,3,1,"[]",0,0,0,0,0,0,0.5,4345,502
4847,2435.36,ga_tcheby_proxy,mesh9,7,0,0,"[7-6-3-0]",3,62,4.80756,0.97,0.744,3,0.5,4346,502
4848,2435.41,ga_tcheby_proxy,mesh9,7,4,1,"[]",0,0,0,0,0,0,0.5,4346,503
4849,2435.67,ga_tcheby_proxy,mesh9,8,4,0,"[8-7-4]",2,42,3.21103,0.97,0.73444,2,0.5,4347,503
4850,2436.37,ga_tcheby_proxy,mesh9,0,4,0,"[0-1-4]",2,42,3.21103,0.97,0.74902,2,0.5,4348,503
4851,2436.45,ga_tcheby_proxy,mesh9,7,2,0,"[7-4-1-2]",3,62,4.80756,0.97,0.744511,3,0.5,4349,503
4852,2436.53,ga_tcheby_proxy,mesh9,4,0,0,"[4-3-0]",2,42,3.21103,0.97,0.744511,2,0.5,4350,503
4853,2437.49,ga_tcheby_proxy,mesh9,1,6,0,"[1-0-3-6]",3,62,4.80756,0.97,0.74902,3,0.5,4351,503
4854,2437.78,ga_tcheby_proxy,mesh9,7,4,0,"[7-4]",1,20,1.59654,0.975,0.735537,1,0.5,4352,503
4855,2438.51,ga_tcheby_proxy,mesh9,7,0,0,"[7-4-3-0]",3,62,4.80756,0.97,0.74502,3,0.5,4353,503
4856,2438.73,ga_tcheby_proxy,mesh9,3,4,0,"[3-4]",1,22,1.61449,0.97,0.74502,1,0.5,4354,503
4857,2439.58,ga_tcheby_proxy,mesh9,2,6,0,"[2-5-8-7-6]",4,84,6.42205,0.97,0.74902,4,0.5,4355,503
4858,2439.73,ga_tcheby_proxy,mesh9,0,3,0,"[0-3]",1,20,1.59654,0.975,0.749511,1,0.5,4356,503
4859,2440.03,ga_tcheby_proxy,mesh9,3,1,0,"[3-4-1]",2,42,3.21103,0.97,0.745527,2,0.5,4357,503
4860,2440.74,ga_tcheby_proxy,mesh9,5,0,0,"[5-4-3-0]",3,64,4.82552,0.97,0.745527,3,0.5,4358,503
4861,2441.05,ga_tcheby_proxy,mesh9,1,4,0,"[1-4]",1,20,1.59654,0.975,0.749511,1,0.5,4359,503
4862,2441.87,ga_tcheby_proxy,mesh9,0,7,0,"[0-1-4-7]",3,62,4.80756,0.97,0.75,3,0.5,4360,503
4863,2442.05,ga_tcheby_proxy,mesh9,1,0,0,"[1-0]",1,22,1.61449,0.97,0.745527,1,0.5,4361,503
4864,2442.3,ga_tcheby_proxy,mesh9,4,1,0,"[4-1]",1,20,1.59654,0.975,0.737166,1,0.5,4362,503
4865,2442.77,ga_tcheby_proxy,mesh9,2,8,0,"[2-5-8]",2,40,3.19307,0.975,0.749511,2,0.5,4363,503
4866,2442.86,ga_tcheby_proxy,mesh9,1,5,0,"[1-2-5]",2,42,3.21103,0.97,0.75,2,0.5,4364,503
4867,2443.07,ga_tcheby_proxy,mesh9,0,4,0,"[0-3-4]",2,42,3.21103,0.97,0.75,2,0.5,4365,503
4868,2443.24,ga_tcheby_proxy,mesh9,1,4,0,"[1-4]",1,20,1.59654,0.975,0.750487,1,0.5,4366,503
4869,2443.64,ga_tcheby_proxy,mesh9,6,8,0,"[6-7-8]",2,44,3.22898,0.97,0.74502,2,0.5,4367,503
4870,2443.88,ga_tcheby_proxy,mesh9,6,1,0,"[6-7-4-1]",3,62,4.80756,0.97,0.743487,3,0.5,4368,503
4871,2444.14,ga_tcheby_proxy,mesh9,8,7,0,"[8-7]",1,22,1.61449,0.97,0.727079,1,0.5,4369,503
4872,2445.08,ga_tcheby_proxy,mesh9,8,7,0,"[8-7]",1,22,1.61449,0.97,0.72766,1,0.5,4370,503
4873,2446.06,ga_tcheby_proxy,mesh9,0,4,0,"[0-3-4]",2,42,3.21103,0.97,0.750487,2,0.5,4371,503
4874,2446.36,ga_tcheby_proxy,mesh9,8,3,0,"[8-7-6-3]",3,64,4.82552,0.97,0.742455,3,0.5,4372,503
4875,2446.4,ga_tcheby_proxy,mesh9,6,3,1,"[]",0,0,0,0,0,0,0.5,4372,504
4876,2446.97,ga_tcheby_proxy,mesh9,0,5,0,"[0-1-2-5]",3,64,4.82552,0.97,0.750487,3,0.5,4373,504
4877,2447.16,ga_tcheby_proxy,mesh9,2,3,0,"[2-1-0-3]",3,64,4.82552,0.97,0.750973,3,0.5,4374,504
4878,2447.3,ga_tcheby_proxy,mesh9,0,2,0,"[0-1-2]",2,44,3.22898,0.97,0.746032,2,0.5,4375,504
4879,2447.34,ga_tcheby_proxy,mesh9,2,3,1,"[]",0,0,0,0,0,0,0.5,4375,505
4880,2447.51,ga_tcheby_proxy,mesh9,8,6,0,"[8-7-6]",2,44,3.22898,0.97,0.737705,2,0.5,4376,505
4881,2447.7,ga_tcheby_proxy,mesh9,6,5,0,"[6-7-8-5]",3,64,4.82552,0.97,0.745527,3,0.5,4377,505
4882,2448.89,ga_tcheby_proxy,mesh9,1,2,0,"[1-2]",1,22,1.61449,0.97,0.746535,1,0.5,4378,505
4883,2449.83,ga_tcheby_proxy,mesh9,6,1,0,"[6-7-4-1]",3,62,4.80756,0.97,0.744511,3,0.5,4379,505
4884,2450.05,ga_tcheby_proxy,mesh9,4,2,0,"[4-5-2]",2,42,3.21103,0.97,0.746032,2,0.5,4380,505
4885,2450.65,ga_tcheby_proxy,mesh9,5,8,0,"[5-8]",1,20,1.59654,0.975,0.742455,1,0.5,4381,505
4886,2450.74,ga_tcheby_proxy,mesh9,8,7,0,"[8-7]",1,22,1.61449,0.97,0.729387,1,0.5,4382,505
4887,2450.76,ga_tcheby_proxy,mesh9,3,0,1,"[]",0,0,0,0,0,0,0.5,4382,506
4888,2451.19,ga_tcheby_proxy,mesh9,3,1,0,"[3-0-1]",2,42,3.21103,0.97,0.746032,2,0.5,4383,506
4889,2451.35,ga_tcheby_proxy,mesh9,4,5,0,"[4-5]",1,22,1.61449,0.97,0.746535,1,0.5,4384,506
4890,2451.45,ga_tcheby_proxy,mesh9,8,4,0,"[8-7-4]",2,42,3.21103,0.97,0.737705,2,0.5,4385,506
4891,2451.45,ga_tcheby_proxy,mesh9,7,5,1,"[]",0,0,0,0,0,0,0.5,4385,507
4892,2451.47,ga_tcheby_proxy,mesh9,2,6,1,"[]",0,0,0,0,0,0,0.5,4385,508
4893,2451.55,ga_tcheby_proxy,mesh9,7,5,0,"[7-8-5]",2,42,3.28238,0.927215,0.746032,2,0.5,4386,508
4894,2452.33,ga_tcheby_proxy,mesh9,4,2,0,"[4-1-2]",2,42,3.21103,0.97,0.747036,2,0.5,4387,508
4895,2452.73,ga_tcheby_proxy,mesh9,2,7,0,"[2-1-4-7]",3,62,4.80756,0.97,0.750973,3,0.5,4388,508
4896,2453.16,ga_tcheby_proxy,mesh9,3,8,0,"[3-6-7-8]",3,64,4.82552,0.97,0.746535,3,0.5,4389,508
4897,2453.18,ga_tcheby_proxy,mesh9,8,6,1,"[]",0,0,0,0,0,0,0.5,4389,509
4898,2454.25,ga_tcheby_proxy,mesh9,7,1,0,"[7-4-1]",2,40,3.19307,0.975,0.739308,2,0.5,4390,509
4899,2454.71,ga_tcheby_proxy,mesh9,4,7,0,"[4-7]",1,20,1.59654,0.975,0.746032,1,0.5,4391,509
4900,2455.01,ga_tcheby_proxy,mesh9,7,2,0,"[7-8-5-2]",3,62,4.80756,0.97,0.747036,3,0.5,4392,509
4901,2455.94,ga_tcheby_proxy,mesh9,8,4,0,"[8-5-4]",2,42,3.21103,0.97,0.738241,2,0.5,4393,509
4902,2456.28,ga_tcheby_proxy,mesh9,5,1,0,"[5-4-1]",2,42,3.21103,0.97,0.739837,2,0.5,4394,509
4903,2456.34,ga_tcheby_proxy,mesh9,4,8,0,"[4-7-8]",2,42,3.21103,0.97,0.747535,2,0.5,4395,509
4904,2457.33,ga_tcheby_proxy,mesh9,7,2,0,"[7-4-5-2]",3,62,4.80756,0.97,0.747036,3,0.5,4396,509
4905,2457.45,ga_tcheby_proxy,mesh9,1,3,0,"[1-0-3]",2,42,3.21103,0.97,0.751456,2,0.5,4397,509
4906,2457.92,ga_tcheby_proxy,mesh9,4,6,0,"[4-3-6]",2,42,3.21103,0.97,0.74502,2,0.5,4398,509
4907,2458.53,ga_tcheby_proxy,mesh9,2,3,0,"[2-5-4-3]",3,64,4.82552,0.97,0.750973,3,0.5,4399,509
4908,2459.23,ga_tcheby_proxy,mesh9,6,1,0,"[6-7-4-1]",3,62,4.80756,0.97,0.745527,3,0.5,4400,509
4909,2460.18,ga_tcheby_proxy,mesh9,0,8,0,"[0-1-4-7-8]",4,84,6.42205,0.97,0.751456,4,0.5,4401,509
4910,2460.5,ga_tcheby_proxy,mesh9,6,1,0,"[6-7-4-1]",3,62,4.80756,0.97,0.746032,3,0.5,4402,509
4911,2460.51,ga_tcheby_proxy,mesh9,4,7,1,"[]",0,0,0,0,0,0,0.5,4402,510
4912,2461.06,ga_tcheby_proxy,mesh9,4,1,0,"[4-1]",1,20,1.59654,0.975,0.741414,1,0.5,4403,510
4913,2461.13,ga_tcheby_proxy,mesh9,6,1,0,"[6-3-4-1]",3,62,4.87825,0.932171,0.747036,3,0.5,4404,510
4914,2461.18,ga_tcheby_proxy,mesh9,3,8,1,"[]",0,0,0,0,0,0,0.5,4404,511
4915,2461.78,ga_tcheby_proxy,mesh9,1,8,0,"[1-2-5-8]",3,62,4.80756,0.97,0.751456,3,0.5,4405,511
4916,2461.95,ga_tcheby_proxy,mesh9,4,7,0,"[4-7]",1,20,1.59654,0.975,0.747535,1,0.5,4406,511
4917,2462.3,ga_tcheby_proxy,mesh9,3,0,0,"[3-0]",1,20,1.59654,0.975,0.746535,1,0.5,4407,511
4918,2462.39,ga_tcheby_proxy,mesh9,7,8,0,"[7-8]",1,22,1.61449,0.97,0.748527,1,0.5,4408,511
4919,2462.66,ga_tcheby_proxy,mesh9,8,3,0,"[8-7-6-3]",3,64,4.82552,0.97,0.743487,3,0.5,4409,511
4920,2462.89,ga_tcheby_proxy,mesh9,4,6,0,"[4-3-6]",2,42,3.21103,0.97,0.746032,2,0.5,4410,511
4921,2463.63,ga_tcheby_proxy,mesh9,5,6,0,"[5-8-7-6]",3,64,4.82552,0.97,0.743487,3,0.5,4411,511
4922,2463.99,ga_tcheby_proxy,mesh9,3,2,0,"[3-4-5-2]",3,64,4.82552,0.97,0.747535,3,0.5,4412,511
4923,2465.05,ga_tcheby_proxy,mesh9,0,2,0,"[0-1-2]",2,44,3.22898,0.97,0.748031,2,0.5,4413,511
4924,2465.15,ga_tcheby_proxy,mesh9,1,7,0,"[1-4-7]",2,40,3.19307,0.975,0.751938,2,0.5,4414,511
4925,2465.18,ga_tcheby_proxy,mesh9,1,4,1,"[]",0,0,0,0,0,0,0.5,4414,512
4926,2465.41,ga_tcheby_proxy,mesh9,4,6,0,"[4-3-6]",2,42,3.21103,0.97,0.746535,2,0.5,4415,512
4927,2466.28,ga_tcheby_proxy,mesh9,6,1,0,"[6-7-4-1]",3,62,4.80756,0.97,0.746535,3,0.5,4416,512
4928,2468.22,ga_tcheby_proxy,mesh9,6,3,0,"[6-3]",1,20,1.59654,0.975,0.744,1,0.5,4417,512
4929,2468.93,ga_tcheby_proxy,mesh9,6,7,0,"[6-7]",1,22,1.61449,0.97,0.747036,1,0.5,4418,512
4930,2469.13,ga_tcheby_proxy,mesh9,7,4,0,"[7-4]",1,20,1.59654,0.975,0.740891,1,0.5,4419,512
4931,2470.08,ga_tcheby_proxy,mesh9,4,2,0,"[4-5-2]",2,42,3.21103,0.97,0.748031,2,0.5,4420,512
4932,2470.69,ga_tcheby_proxy,mesh9,8,4,0,"[8-5-4]",2,42,3.21103,0.97,0.739837,2,0.5,4421,512
4933,2471.38,ga_tcheby_proxy,mesh9,1,0,0,"[1-0]",1,22,1.61449,0.97,0.747036,1,0.5,4422,512
4934,2471.55,ga_tcheby_proxy,mesh9,7,8,0,"[7-8]",1,22,1.61449,0.97,0.74902,1,0.5,4423,512
4935,2471.88,ga_tcheby_proxy,mesh9,6,1,0,"[6-3-0-1]",3,62,4.80756,0.97,0.747036,3,0.5,4424,512
4936,2474.31,ga_tcheby_proxy,mesh9,6,5,0,"[6-7-4-5]",3,64,4.82552,0.97,0.748527,3,0.5,4425,512
4937,2476.72,ga_tcheby_proxy,mesh9,7,6,0,"[7-6]",1,22,1.61449,0.97,0.739308,1,0.5,4426,512
4938,2476.76,ga_tcheby_proxy,mesh9,8,2,1,"[]",0,0,0,0,0,0,0.5,4426,513
4939,2477.31,ga_tcheby_proxy,mesh9,2,3,0,"[2-1-0-3]",3,64,4.82552,0.97,0.751938,3,0.5,4427,513
4940,2478.77,ga_tcheby_proxy,mesh9,0,2,0,"[0-1-2]",2,44,3.22898,0.97,0.748527,2,0.5,4428,513
4941,2479.35,ga_tcheby_proxy,mesh9,0,4,0,"[0-3-4]",2,42,3.21103,0.97,0.752418,2,0.5,4429,513
4942,2481.46,ga_tcheby_proxy,mesh9,8,5,0,"[8-5]",1,20,1.59654,0.975,0.724731,1,0.5,4430,513
4943,2481.7,ga_tcheby_proxy,mesh9,3,6,0,"[3-6]",1,20,1.59654,0.975,0.737705,1,0.5,4431,513
4944,2482.77,ga_tcheby_proxy,mesh9,6,0,0,"[6-3-0]",2,40,3.19307,0.975,0.747535,2,0.5,4432,513
4945,2484.79,ga_tcheby_proxy,mesh9,0,6,0,"[0-3-6]",2,40,3.19307,0.975,0.752896,2,0.5,4433,513
4946,2484.85,ga_tcheby_proxy,mesh9,4,3,0,"[4-3]",1,22,1.64051,0.953947,0.747036,1,0.5,4434,513
4947,2485.62,ga_tcheby_proxy,mesh9,6,5,0,"[6-3-4-5]",3,64,4.82552,0.97,0.74902,3,0.5,4435,513
4948,2485.97,ga_tcheby_proxy,mesh9,1,7,0,"[1-4-7]",2,40,3.19307,0.975,0.752418,2,0.5,4436,513
4949,2486.24,ga_tcheby_proxy,mesh9,6,8,0,"[6-7-8]",2,44,3.22898,0.97,0.749511,2,0.5,4437,513
4950,2486.31,ga_tcheby_proxy,mesh9,5,1,0,"[5-2-1]",2,42,3.21103,0.97,0.741935,2,0.5,4438,513
4951,2486.63,ga_tcheby_proxy,mesh9,3,1,0,"[3-0-1]",2,42,3.21103,0.97,0.748031,2,0.5,4439,513
4952,2487.06,ga_tcheby_proxy,mesh9,0,1,0,"[0-1]",1,22,1.61449,0.97,0.731656,1,0.5,4440,513
4953,2487.17,ga_tcheby_proxy,mesh9,5,0,0,"[5-4-1-0]",3,64,4.82552,0.97,0.748031,3,0.5,4441,513
4954,2487.58,ga_tcheby_proxy,mesh9,4,3,0,"[4-3]",1,22,1.61449,0.97,0.747535,1,0.5,4442,513
4955,2488.69,ga_tcheby_proxy,mesh9,4,0,0,"[4-1-0]",2,42,3.21103,0.97,0.748527,2,0.5,4443,513
4956,2488.98,ga_tcheby_proxy,mesh9,8,3,0,"[8-7-6-3]",3,64,4.82552,0.97,0.746032,3,0.5,4444,513
4957,2488.99,ga_tcheby_proxy,mesh9,8,1,1,"[]",0,0,0,0,0,0,0.5,4444,514
4958,2489.23,ga_tcheby_proxy,mesh9,3,8,0,"[3-4-5-8]",3,64,4.82552,0.97,0.749511,3,0.5,4445,514
4959,2489.63,ga_tcheby_proxy,mesh9,5,3,0,"[5-4-3]",2,44,3.22898,0.97,0.748031,2,0.5,4446,514
4960,2490.16,ga_tcheby_proxy,mesh9,1,0,0,"[1-0]",1,22,1.61449,0.97,0.74902,1,0.5,4447,514
4961,2490.4,ga_tcheby_proxy,mesh9,4,6,0,"[4-3-6]",2,42,3.21103,0.97,0.748527,2,0.5,4448,514
4962,2491.17,ga_tcheby_proxy,mesh9,4,3,0,"[4-3]",1,22,1.61449,0.97,0.74902,1,0.5,4449,514
4963,2491.49,ga_tcheby_proxy,mesh9,2,7,0,"[2-5-4-7]",3,62,4.80756,0.97,0.751938,3,0.5,4450,514
4964,2493.08,ga_tcheby_proxy,mesh9,5,8,0,"[5-8]",1,20,1.59654,0.975,0.744511,1,0.5,4451,514
4965,2493.34,ga_tcheby_proxy,mesh9,7,6,0,"[7-6]",1,22,1.61449,0.97,0.740365,1,0.5,4452,514
4966,2493.59,ga_tcheby_proxy,mesh9,7,2,0,"[7-4-1-2]",3,62,4.80756,0.97,0.74902,3,0.5,4453,514
4967,2494.04,ga_tcheby_proxy,mesh9,3,0,0,"[3-0]",1,20,1.59654,0.975,0.748527,1,0.5,4454,514
4968,2494.87,ga_tcheby_proxy,mesh9,1,6,0,"[1-4-7-6]",3,62,4.80756,0.97,0.752896,3,0.5,4455,514
4969,2497.91,ga_tcheby_proxy,mesh9,7,3,0,"[7-6-3]",2,42,3.21103,0.97,0.746535,2,0.5,4456,514
4970,2498.06,ga_tcheby_proxy,mesh9,8,1,0,"[8-5-2-1]",3,62,4.80756,0.97,0.742455,3,0.5,4457,514
4971,2498.1,ga_tcheby_proxy,mesh9,5,2,1,"[]",0,0,0,0,0,0,0.5,4457,515
4972,2498.73,ga_tcheby_proxy,mesh9,4,3,0,"[4-3]",1,22,1.61449,0.97,0.749511,1,0.5,4458,515
4973,2498.92,ga_tcheby_proxy,mesh9,4,2,0,"[4-1-2]",2,42,3.21103,0.97,0.749511,2,0.5,4459,515
4974,2499.14,ga_tcheby_proxy,mesh9,4,7,0,"[4-7]",1,20,1.59654,0.975,0.75,1,0.5,4460,515
4975,2499.37,ga_tcheby_proxy,mesh9,3,7,0,"[3-6-7]",2,42,3.21103,0.97,0.748527,2,0.5,4461,515
4976,2500.03,ga_tcheby_proxy,mesh9,5,2,0,"[5-2]",1,20,1.59654,0.975,0.716186,1,0.5,4462,515
4977,2500.22,ga_tcheby_proxy,mesh9,6,3,0,"[6-3]",1,20,1.59654,0.975,0.747036,1,0.5,4463,515
4978,2500.29,ga_tcheby_proxy,mesh9,0,6,0,"[0-3-6]",2,40,3.19307,0.975,0.753372,2,0.5,4464,515
4979,2501.25,ga_tcheby_proxy,mesh9,2,3,0,"[2-5-4-3]",3,64,4.82552,0.97,0.752418,3,0.5,4465,515
4980,2502.67,ga_tcheby_proxy,mesh9,6,5,0,"[6-7-4-5]",3,64,4.82552,0.97,0.75,3,0.5,4466,515
4981,2503.58,ga_tcheby_proxy,mesh9,6,0,0,"[6-3-0]",2,40,3.19307,0.975,0.74902,2,0.5,4467,515
4982,2503.97,ga_tcheby_proxy,mesh9,0,1,0,"[0-1]",1,22,1.61449,0.97,0.732218,1,0.5,4468,515
4983,2504.15,ga_tcheby_proxy,mesh9,8,4,0,"[8-5-4]",2,42,3.21103,0.97,0.742455,2,0.5,4469,515
4984,2505.08,ga_tcheby_proxy,mesh9,5,8,0,"[5-8]",1,20,1.59654,0.975,0.74502,1,0.5,4470,515
4985,2505.51,ga_tcheby_proxy,mesh9,1,5,0,"[1-2-5]",2,42,3.21103,0.97,0.752896,2,0.5,4471,515
4986,2506.63,ga_tcheby_proxy,mesh9,0,2,0,"[0-1-2]",2,44,3.22898,0.97,0.750487,2,0.5,4472,515
4987,2507.17,ga_tcheby_proxy,mesh9,0,3,0,"[0-3]",1,20,1.59654,0.975,0.753846,1,0.5,4473,515
4988,2507.72,ga_tcheby_proxy,mesh9,8,3,0,"[8-7-6-3]",3,64,4.82552,0.97,0.748031,3,0.5,4474,515
4989,2507.77,ga_tcheby_proxy,mesh9,8,7,1,"[]",0,0,0,0,0,0,0.5,4474,516
4990,2507.8,ga_tcheby_proxy,mesh9,3,5,1,"[]",0,0,0,0,0,0,0.5,4474,517
4991,2508.33,ga_tcheby_proxy,mesh9,0,2,0,"[0-1-2]",2,44,3.22898,0.97,0.750973,2,0.5,4475,517
4992,2508.69,ga_tcheby_proxy,mesh9,3,1,0,"[3-0-1]",2,42,3.21103,0.97,0.749511,2,0.5,4476,517
4993,2508.9,ga_tcheby_proxy,mesh9,0,7,0,"[0-1-4-7]",3,62,4.80756,0.97,0.753372,3,0.5,4477,517
4994,2509.55,ga_tcheby_proxy,mesh9,4,8,0,"[4-5-8]",2,42,3.21103,0.97,0.750487,2,0.5,4478,517
4995,2510.28,ga_tcheby_proxy,mesh9,6,3,0,"[6-3]",1,20,1.59654,0.975,0.748527,1,0.5,4479,517
4996,2510.78,ga_tcheby_proxy,mesh9,4,3,0,"[4-3]",1,22,1.61449,0.97,0.750487,1,0.5,4480,517
4997,2510.91,ga_tcheby_proxy,mesh9,5,2,0,"[5-2]",1,20,1.59654,0.975,0.716814,1,0.5,4481,517
4998,2511.84,ga_tcheby_proxy,mesh9,5,3,0,"[5-4-3]",2,44,3.22898,0.97,0.750973,2,0.5,4482,517
4999,2512.15,ga_tcheby_proxy,mesh9,2,0,0,"[2-1-0]",2,44,3.22898,0.97,0.749511,2,0.5,4483,517
5000,2512.81,ga_tcheby_proxy,mesh9,1,8,0,"[1-2-5-8]",3,62,4.80756,0.97,0.753372,3,0.5,4484,517
5001,2513.84,ga_tcheby_proxy,mesh9,5,0,0,"[5-4-1-0]",3,64,4.82552,0.97,0.75,3,0.5,4485,517
5002,2513.85,ga_tcheby_proxy,mesh9,4,3,1,"[]",0,0,0,0,0,0,0.5,4485,518
5003,2514.32,ga_tcheby_proxy,mesh9,4,0,0,"[4-1-0]",2,42,3.21103,0.97,0.750487,2,0.5,4486,518
5004,2515.74,ga_tcheby_proxy,mesh9,5,6,0,"[5-8-7-6]",3,64,4.82552,0.97,0.746535,3,0.5,4487,518
5005,2516.66,ga_tcheby_proxy,mesh9,8,4,0,"[8-7-4]",2,42,3.21103,0.97,0.742972,2,0.5,4488,518
5006,2516.76,ga_tcheby_proxy,mesh9,0,8,0,"[0-1-4-7-8]",4,84,6.42205,0.97,0.753846,4,0.5,4489,518
5007,2516.91,ga_tcheby_proxy,mesh9,6,3,0,"[6-3]",1,20,1.59654,0.975,0.74902,1,0.5,4490,518
5008,2517.04,ga_tcheby_proxy,mesh9,3,0,0,"[3-0]",1,20,1.59654,0.975,0.75,1,0.5,4491,518
5009,2517.14,ga_tcheby_proxy,mesh9,7,2,0,"[7-8-5-2]",3,62,4.80756,0.97,0.750487,3,0.5,4492,518
5010,2517.55,ga_tcheby_proxy,mesh9,2,8,0,"[2-5-8]",2,40,3.19307,0.975,0.753846,2,0.5,4493,518
5011,2517.67,ga_tcheby_proxy,mesh9,1,2,0,"[1-2]",1,22,1.61449,0.97,0.751938,1,0.5,4494,518
5012,2518.76,ga_tcheby_proxy,mesh9,0,3,0,"[0-3]",1,20,1.59654,0.975,0.754319,1,0.5,4495,518
5013,2520.41,ga_tcheby_proxy,mesh9,3,7,0,"[3-6-7]",2,42,3.21103,0.97,0.749511,2,0.5,4496,518
5014,2520.71,ga_tcheby_proxy,mesh9,1,7,0,"[1-4-7]",2,40,3.19307,0.975,0.754319,2,0.5,4497,518
5015,2520.89,ga_tcheby_proxy,mesh9,3,0,0,"[3-0]",1,20,1.59654,0.975,0.750487,1,0.5,4498,518
5016,2520.9,ga_tcheby_proxy,mesh9,4,7,1,"[]",0,0,0,0,0,0,0.5,4498,519
5017,2520.94,ga_tcheby_proxy,mesh9,6,2,1,"[]",0,0,0,0,0,0,0.5,4498,520
5018,2521.02,ga_tcheby_proxy,mesh9,3,5,0,"[3-4-5]",2,44,3.22898,0.97,0.750973,2,0.5,4499,520
5019,2521.56,ga_tcheby_proxy,mesh9,6,2,0,"[6-7-8-5-2]",4,84,6.42205,0.97,0.750973,4,0.5,4500,520
5020,2521.56,ga_tcheby_proxy,mesh9,5,4,0,"[5-4]",1,22,1.62974,0.960568,0.745491,1,0.5,4501,520
5021,2521.59,ga_tcheby_proxy,mesh9,7,2,1,"[]",0,0,0,0,0,0,0.5,4501,521
5022,2522.31,ga_tcheby_proxy,mesh9,6,5,0,"[6-3-4-5]",3,64,4.82552,0.97,0.751456,3,0.5,4502,521
5023,2523.03,ga_tcheby_proxy,mesh9,1,2,0,"[1-2]",1,22,1.61449,0.97,0.752418,1,0.5,4503,521
5024,2523.37,ga_tcheby_proxy,mesh9,7,4,0,"[7-4]",1,20,1.59654,0.975,0.743487,1,0.5,4504,521
5025,2525.04,ga_tcheby_proxy,mesh9,0,6,0,"[0-3-6]",2,40,3.19307,0.975,0.754789,2,0.5,4505,521
5026,2525.41,ga_tcheby_proxy,mesh9,2,0,0,"[2-1-0]",2,44,3.22898,0.97,0.750973,2,0.5,4506,521
5027,2525.86,ga_tcheby_proxy,mesh9,2,5,0,"[2-5]",1,20,1.59654,0.975,0.754319,1,0.5,4507,521
5028,2525.91,ga_tcheby_proxy,mesh9,6,5,1,"[]",0,0,0,0,0,0,0.5,4507,522
5029,2526.79,ga_tcheby_proxy,mesh9,3,0,0,"[3-0]",1,20,1.59654,0.975,0.750973,1,0.5,4508,522
5030,2527.51,ga_tcheby_proxy,mesh9,3,4,0,"[3-4]",1,22,1.61449,0.97,0.750487,1,0.5,4509,522
5031,2527.57,ga_tcheby_proxy,mesh9,2,0,1,"[]",0,0,0,0,0,0,0.5,4509,523
5032,2528.67,ga_tcheby_proxy,mesh9,0,4,0,"[0-1-4]",2,42,3.21103,0.97,0.754789,2,0.5,4510,523
5033,2528.84,ga_tcheby_proxy,mesh9,5,8,0,"[5-8]",1,20,1.59654,0.975,0.747535,1,0.5,4511,523
5034,2528.91,ga_tcheby_proxy,mesh9,5,6,0,"[5-8-7-6]",3,64,4.97668,0.91149,0.748031,3,0.5,4512,523
5035,2528.92,ga_tcheby_proxy,mesh9,4,3,1,"[]",0,0,0,0,0,0,0.5,4512,524
5036,2529.08,ga_tcheby_proxy,mesh9,4,2,0,"[4-5-2]",2,42,3.21103,0.97,0.751938,2,0.5,4513,524
5037,2529.44,ga_tcheby_proxy,mesh9,6,7,0,"[6-7]",1,22,1.61449,0.97,0.750487,1,0.5,4514,524
5038,2529.62,ga_tcheby_proxy,mesh9,5,0,0,"[5-2-1-0]",3,64,4.82552,0.97,0.751456,3,0.5,4515,524
5039,2530.2,ga_tcheby_proxy,mesh9,1,2,0,"[1-2]",1,22,1.61449,0.97,0.752896,1,0.5,4516,524
5040,2531.17,ga_tcheby_proxy,mesh9,7,8,0,"[7-8]",1,22,1.61449,0.97,0.751456,1,0.5,4517,524
5041,2531.22,ga_tcheby_proxy,mesh9,5,4,1,"[]",0,0,0,0,0,0,0.5,4517,525
5042,2531.71,ga_tcheby_proxy,mesh9,1,2,0,"[1-2]",1,22,1.61449,0.97,0.753372,1,0.5,4518,525
5043,2533.13,ga_tcheby_proxy,mesh9,7,5,0,"[7-8-5]",2,42,3.21103,0.97,0.751938,2,0.5,4519,525
5044,2533.25,ga_tcheby_proxy,mesh9,0,2,0,"[0-1-2]",2,44,3.22898,0.97,0.753846,2,0.5,4520,525
5045,2533.39,ga_tcheby_proxy,mesh9,8,5,0,"[8-5]",1,20,1.59654,0.975,0.728238,1,0.5,4521,525
5046,2533.62,ga_tcheby_proxy,mesh9,7,3,0,"[7-6-3]",2,42,3.21103,0.97,0.75,2,0.5,4522,525
5047,2533.65,ga_tcheby_proxy,mesh9,3,7,1,"[]",0,0,0,0,0,0,0.5,4522,526
5048,2533.79,ga_tcheby_proxy,mesh9,0,4,0,"[0-1-4]",2,42,3.21103,0.97,0.755258,2,0.5,4523,526
5049,2534.56,ga_tcheby_proxy,mesh9,3,5,0,"[3-4-5]",2,44,3.22898,0.97,0.752418,2,0.5,4524,526
5050,2534.88,ga_tcheby_proxy,mesh9,3,0,0,"[3-0]",1,20,1.59654,0.975,0.751456,1,0.5,4525,526
5051,2535.53,ga_tcheby_proxy,mesh9,5,1,0,"[5-2-1]",2,42,3.21103,0.97,0.744511,2,0.5,4526,526
5052,2536.58,ga_tcheby_proxy,mesh9,7,6,0,"[7-6]",1,22,1.61449,0.97,0.744,1,0.5,4527,526
5053,2537.73,ga_tcheby_proxy,mesh9,4,8,0,"[4-7-8]",2,42,3.21103,0.97,0.752418,2,0.5,4528,526
5054,2537.99,ga_tcheby_proxy,mesh9,6,2,0,"[6-3-4-5-2]",4,84,6.42205,0.97,0.752896,4,0.5,4529,526
5055,2538.23,ga_tcheby_proxy,mesh9,4,7,0,"[4-7]",1,20,1.59654,0.975,0.752418,1,0.5,4530,526
5056,2538.54,ga_tcheby_proxy,mesh9,2,4,0,"[2-5-4]",2,42,3.21103,0.97,0.754789,2,0.5,4531,526
5057,2538.56,ga_tcheby_proxy,mesh9,7,6,1,"[]",0,0,0,0,0,0,0.5,4531,527
5058,2540.3,ga_tcheby_proxy,mesh9,1,4,0,"[1-4]",1,20,1.59654,0.975,0.755725,1,0.5,4532,527
5059,2540.48,ga_tcheby_proxy,mesh9,4,2,0,"[4-5-2]",2,42,3.21103,0.97,0.753372,2,0.5,4533,527
5060,2540.57,ga_tcheby_proxy,mesh9,0,3,0,"[0-3]",1,20,1.59654,0.975,0.755258,1,0.5,4534,527
5061,2541.06,ga_tcheby_proxy,mesh9,6,3,0,"[6-3]",1,20,1.59654,0.975,0.750973,1,0.5,4535,527
5062,2541.11,ga_tcheby_proxy,mesh9,8,1,1,"[]",0,0,0,0,0,0,0.5,4535,528
5063,2541.67,ga_tcheby_proxy,mesh9,3,0,0,"[3-0]",1,20,1.59654,0.975,0.751938,1,0.5,4536,528
5064,2541.82,ga_tcheby_proxy,mesh9,2,8,0,"[2-5-8]",2,40,3.19307,0.975,0.755258,2,0.5,4537,528
5065,2542.05,ga_tcheby_proxy,mesh9,0,6,0,"[0-3-6]",2,40,3.19307,0.975,0.755725,2,0.5,4538,528
5066,2542.49,ga_tcheby_proxy,mesh9,7,1,0,"[7-4-1]",2,40,3.19307,0.975,0.746032,2,0.5,4539,528
5067,2542.77,ga_tcheby_proxy,mesh9,3,6,0,"[3-6]",1,20,1.59654,0.975,0.741935,1,0.5,4540,528
5068,2543.05,ga_tcheby_proxy,mesh9,4,0,0,"[4-1-0]",2,42,3.21103,0.97,0.751938,2,0.5,4541,528
5069,2543.15,ga_tcheby_proxy,mesh9,4,2,0,"[4-5-2]",2,42,3.21103,0.97,0.753846,2,0.5,4542,528
5070,2543.4,ga_tcheby_proxy,mesh9,2,1,0,"[2-1]",1,22,1.61449,0.97,0.74502,1,0.5,4543,528
5071,2543.92,ga_tcheby_proxy,mesh9,2,3,0,"[2-5-4-3]",3,64,4.82552,0.97,0.755725,3,0.5,4544,528
5072,2544.11,ga_tcheby_proxy,mesh9,6,1,0,"[6-7-4-1]",3,62,4.80756,0.97,0.750973,3,0.5,4545,528
5073,2545.37,ga_tcheby_proxy,mesh9,2,3,0,"[2-5-4-3]",3,64,4.82552,0.97,0.75619,3,0.5,4546,528
5074,2545.79,ga_tcheby_proxy,mesh9,7,0,0,"[7-6-3-0]",3,62,4.80756,0.97,0.752418,3,0.5,4547,528
5075,2547.13,ga_tcheby_proxy,mesh9,4,7,0,"[4-7]",1,20,1.59654,0.975,0.752896,1,0.5,4548,528
5076,2547.23,ga_tcheby_proxy,mesh9,3,1,0,"[3-4-1]",2,42,3.21103,0.97,0.751938,2,0.5,4549,528
5077,2547.69,ga_tcheby_proxy,mesh9,4,7,0,"[4-7]",1,20,1.59654,0.975,0.753372,1,0.5,4550,528
5078,2547.82,ga_tcheby_proxy,mesh9,2,1,0,"[2-1]",1,22,1.61449,0.97,0.745527,1,0.5,4551,528
5079,2548.04,ga_tcheby_proxy,mesh9,2,3,0,"[2-1-4-3]",3,64,4.82552,0.97,0.75619,3,0.5,4552,528
5080,2549.03,ga_tcheby_proxy,mesh9,5,4,0,"[5-4]",1,22,1.61449,0.97,0.746032,1,0.5,4553,528
5081,2549.03,ga_tcheby_proxy,mesh9,8,0,0,"[8-7-4-3-0]",4,84,6.76522,0.918119,0.757282,4,0.5,4554,528
5082,2549.58,ga_tcheby_proxy,mesh9,3,5,0,"[3-4-5]",2,44,3.22898,0.97,0.754319,2,0.5,4555,528
5083,2549.85,ga_tcheby_proxy,mesh9,2,8,0,"[2-5-8]",2,40,3.19307,0.975,0.756654,2,0.5,4556,528
5084,2549.88,ga_tcheby_proxy,mesh9,6,8,1,"[]",0,0,0,0,0,0,0.5,4556,529
5085,2552.4,ga_tcheby_proxy,mesh9,8,7,0,"[8-7]",1,22,1.61449,0.97,0.73499,1,0.5,4557,529
5086,2553.45,ga_tcheby_proxy,mesh9,1,4,0,"[1-4]",1,20,1.59654,0.975,0.756654,1,0.5,4558,529
5087,2553.74,ga_tcheby_proxy,mesh9,8,4,0,"[8-7-4]",2,42,3.21103,0.97,0.745527,2,0.5,4559,529
5088,2553.75,ga_tcheby_proxy,mesh9,0,7,1,"[]",0,0,0,0,0,0,0.5,4559,530
5089,2555.2,ga_tcheby_proxy,mesh9,0,3,0,"[0-3]",1,20,1.59654,0.975,0.75619,1,0.5,4560,530
5090,2555.55,ga_tcheby_proxy,mesh9,5,7,0,"[5-8-7]",2,42,3.21103,0.97,0.749511,2,0.5,4561,530
5091,2556.24,ga_tcheby_proxy,mesh9,2,3,0,"[2-1-0-3]",3,64,4.82552,0.97,0.756654,3,0.5,4562,530
5092,2556.74,ga_tcheby_proxy,mesh9,2,3,0,"[2-5-4-3]",3,64,4.82552,0.97,0.757116,3,0.5,4563,530
5093,2556.87,ga_tcheby_proxy,mesh9,5,1,0,"[5-2-1]",2,42,3.21103,0.97,0.747036,2,0.5,4564,530
5094,2557.51,ga_tcheby_proxy,mesh9,4,2,0,"[4-1-2]",2,42,3.21103,0.97,0.754319,2,0.5,4565,530
5095,2560.77,ga_tcheby_proxy,mesh9,2,5,0,"[2-5]",1,20,1.59654,0.975,0.757576,1,0.5,4566,530
5096,2561.24,ga_tcheby_proxy,mesh9,4,1,0,"[4-1]",1,20,1.59654,0.975,0.748527,1,0.5,4567,530
5097,2562.74,ga_tcheby_proxy,mesh9,2,5,0,"[2-5]",1,20,1.59654,0.975,0.758034,1,0.5,4568,530
5098,2563.01,ga_tcheby_proxy,mesh9,2,1,0,"[2-1]",1,22,1.61449,0.97,0.747535,1,0.5,4569,530
5099,2563.57,ga_tcheby_proxy,mesh9,7,0,0,"[7-4-1-0]",3,62,4.80756,0.97,0.752896,3,0.5,4570,530
5100,2563.6,ga_tcheby_proxy,mesh9,6,4,1,"[]",0,0,0,0,0,0,0.5,4570,531
5101,2564.38,ga_tcheby_proxy,mesh9,7,3,0,"[7-6-3]",2,42,3.21103,0.97,0.751938,2,0.5,4571,531
5102,2564.89,ga_tcheby_proxy,mesh9,1,3,0,"[1-0-3]",2,42,3.21103,0.97,0.757116,2,0.5,4572,531
5103,2565.27,ga_tcheby_proxy,mesh9,6,1,0,"[6-7-4-1]",3,62,4.80756,0.97,0.751456,3,0.5,4573,531
5104,2565.91,ga_tcheby_proxy,mesh9,6,4,0,"[6-7-4]",2,42,3.21103,0.97,0.751938,2,0.5,4574,531
5105,2565.93,ga_tcheby_proxy,mesh9,4,6,1,"[]",0,0,0,0,0,0,0.5,4574,532
5106,2566.04,ga_tcheby_proxy,mesh9,6,5,0,"[6-7-8-5]",3,64,4.82552,0.97,0.752896,3,0.5,4575,532
5107,2566.7,ga_tcheby_proxy,mesh9,3,2,0,"[3-0-1-2]",3,64,4.82552,0.97,0.754789,3,0.5,4576,532
5108,2566.8,ga_tcheby_proxy,mesh9,0,8,0,"[0-1-4-7-8]",4,84,6.42205,0.97,0.757116,4,0.5,4577,532
5109,2567,ga_tcheby_proxy,mesh9,3,7,0,"[3-6-7]",2,42,3.21103,0.97,0.752896,2,0.5,4578,532
5110,2567.13,ga_tcheby_proxy,mesh9,4,6,0,"[4-3-6]",2,42,3.21103,0.97,0.753846,2,0.5,4579,532
5111,2567.53,ga_tcheby_proxy,mesh9,8,0,0,"[8-7-4-1-0]",4,84,6.42205,0.97,0.753846,4,0.5,4580,532
5112,2568.19,ga_tcheby_proxy,mesh9,8,7,0,"[8-7]",1,22,1.61449,0.97,0.737166,1,0.5,4581,532
5113,2568.53,ga_tcheby_proxy,mesh9,6,1,0,"[6-3-4-1]",3,62,4.80756,0.97,0.752896,3,0.5,4582,532
5114,2568.9,ga_tcheby_proxy,mesh9,8,7,0,"[8-7]",1,22,1.61449,0.97,0.737705,1,0.5,4583,532
5115,2568.97,ga_tcheby_proxy,mesh9,8,7,0,"[8-7]",1,22,1.62337,0.964461,0.738241,1,0.5,4584,532
5116,2569.11,ga_tcheby_proxy,mesh9,6,3,0,"[6-3]",1,20,1.59654,0.975,0.752896,1,0.5,4585,532
5117,2569.35,ga_tcheby_proxy,mesh9,3,5,0,"[3-4-5]",2,44,3.22898,0.97,0.754789,2,0.5,4586,532
5118,2569.5,ga_tcheby_proxy,mesh9,7,8,0,"[7-8]",1,22,1.61449,0.97,0.753846,1,0.5,4587,532
5119,2570.63,ga_tcheby_proxy,mesh9,1,2,0,"[1-2]",1,22,1.61449,0.97,0.755258,1,0.5,4588,532
5120,2571.36,ga_tcheby_proxy,mesh9,3,4,0,"[3-4]",1,22,1.61449,0.97,0.753846,1,0.5,4589,532
5121,2571.4,ga_tcheby_proxy,mesh9,8,1,1,"[]",0,0,0,0,0,0,0.5,4589,533
5122,2571.47,ga_tcheby_proxy,mesh9,0,3,0,"[0-3]",1,20,1.59654,0.975,0.757576,1,0.5,4590,533
5123,2571.68,ga_tcheby_proxy,mesh9,8,3,0,"[8-7-6-3]",3,64,4.82552,0.97,0.753372,3,0.5,4591,533
5124,2573.05,ga_tcheby_proxy,mesh9,6,1,0,"[6-7-4-1]",3,62,4.80756,0.97,0.753372,3,0.5,4592,533
5125,2573.71,ga_tcheby_proxy,mesh9,1,2,0,"[1-2]",1,22,1.61449,0.97,0.755725,1,0.5,4593,533
5126,2574.04,ga_tcheby_proxy,mesh9,5,2,0,"[5-2]",1,20,1.59654,0.975,0.722944,1,0.5,4594,533
5127,2574.13,ga_tcheby_proxy,mesh9,4,6,0,"[4-3-6]",2,42,3.21103,0.97,0.754319,2,0.5,4595,533
5128,2574.32,ga_tcheby_proxy,mesh9,3,5,0,"[3-4-5]",2,44,3.22898,0.97,0.755258,2,0.5,4596,533
5129,2574.36,ga_tcheby_proxy,mesh9,7,5,1,"[]",0,0,0,0,0,0,0.5,4596,534
5130,2574.9,ga_tcheby_proxy,mesh9,5,0,0,"[5-2-1-0]",3,64,4.82552,0.97,0.754319,3,0.5,4597,534
5131,2575.7,ga_tcheby_proxy,mesh9,4,8,0,"[4-7-8]",2,42,3.21103,0.97,0.754319,2,0.5,4598,534
5132,2576.71,ga_tcheby_proxy,mesh9,3,4,0,"[3-4]",1,22,1.61449,0.97,0.754789,1,0.5,4599,534
5133,2578.14,ga_tcheby_proxy,mesh9,7,3,0,"[7-6-3]",2,42,3.21103,0.97,0.753846,2,0.5,4600,534
5134,2578.89,ga_tcheby_proxy,mesh9,1,0,0,"[1-0]",1,22,1.61449,0.97,0.754789,1,0.5,4601,534
5135,2580.27,ga_tcheby_proxy,mesh9,5,4,0,"[5-4]",1,22,1.61449,0.97,0.747036,1,0.5,4602,534
5136,2580.64,ga_tcheby_proxy,mesh9,5,6,0,"[5-8-7-6]",3,64,4.82552,0.97,0.75,3,0.5,4603,534
5137,2581.35,ga_tcheby_proxy,mesh9,8,4,0,"[8-5-4]",2,42,3.21103,0.97,0.747535,2,0.5,4604,534
5138,2581.44,ga_tcheby_proxy,mesh9,7,8,0,"[7-8]",1,22,1.61449,0.97,0.754789,1,0.5,4605,534
5139,2582.02,ga_tcheby_proxy,mesh9,1,5,0,"[1-4-5]",2,42,3.21103,0.97,0.757576,2,0.5,4606,534
5140,2582.09,ga_tcheby_proxy,mesh9,8,2,0,"[8-5-2]",2,40,3.19307,0.975,0.729958,2,0.5,4607,534
5141,2582.24,ga_tcheby_proxy,mesh9,3,2,0,"[3-4-1-2]",3,64,4.82552,0.97,0.75619,3,0.5,4608,534
5142,2582.78,ga_tcheby_proxy,mesh9,5,6,0,"[5-8-7-6]",3,64,4.82552,0.97,0.750487,3,0.5,4609,534
5143,2583.19,ga_tcheby_proxy,mesh9,7,5,0,"[7-8-5]",2,42,3.21103,0.97,0.755258,2,0.5,4610,534
5144,2583.65,ga_tcheby_proxy,mesh9,2,5,0,"[2-5]",1,20,1.59654,0.975,0.758491,1,0.5,4611,534
5145,2585.63,ga_tcheby_proxy,mesh9,5,8,0,"[5-8]",1,20,1.59654,0.975,0.750973,1,0.5,4612,534
5146,2586.14,ga_tcheby_proxy,mesh9,8,1,0,"[8-5-2-1]",3,62,4.80756,0.97,0.748527,3,0.5,4613,534
5147,2586.91,ga_tcheby_proxy,mesh9,3,7,0,"[3-6-7]",2,42,3.21103,0.97,0.753846,2,0.5,4614,534
5148,2587.02,ga_tcheby_proxy,mesh9,5,2,0,"[5-2]",1,20,1.59654,0.975,0.725322,1,0.5,4615,534
5149,2587.08,ga_tcheby_proxy,mesh9,7,2,1,"[]",0,0,0,0,0,0,0.5,4615,535
5150,2587.19,ga_tcheby_proxy,mesh9,4,5,0,"[4-5]",1,22,1.61449,0.97,0.75619,1,0.5,4616,535
5151,2587.58,ga_tcheby_proxy,mesh9,7,5,0,"[7-8-5]",2,42,3.21103,0.97,0.755725,2,0.5,4617,535
5152,2588.34,ga_tcheby_proxy,mesh9,5,6,0,"[5-8-7-6]",3,64,4.82552,0.97,0.751456,3,0.5,4618,535
5153,2589.02,ga_tcheby_proxy,mesh9,8,6,0,"[8-7-6]",2,44,3.22898,0.97,0.748031,2,0.5,4619,535
5154,2589.52,ga_tcheby_proxy,mesh9,3,4,0,"[3-4]",1,22,1.61449,0.97,0.755725,1,0.5,4620,535
5155,2589.99,ga_tcheby_proxy,mesh9,0,6,0,"[0-3-6]",2,40,3.19307,0.975,0.758034,2,0.5,4621,535
5156,2590.04,ga_tcheby_proxy,mesh9,3,2,1,"[]",0,0,0,0,0,0,0.5,4621,536
5157,2590.24,ga_tcheby_proxy,mesh9,8,2,0,"[8-5-2]",2,40,3.19307,0.975,0.732218,2,0.5,4622,536
5158,2590.7,ga_tcheby_proxy,mesh9,4,6,0,"[4-7-6]",2,42,3.21103,0.97,0.754789,2,0.5,4623,536
5159,2590.72,ga_tcheby_proxy,mesh9,3,8,1,"[]",0,0,0,0,0,0,0.5,4623,537
5160,2590.86,ga_tcheby_proxy,mesh9,2,1,0,"[2-1]",1,22,1.61449,0.97,0.74902,1,0.5,4624,537
5161,2591.11,ga_tcheby_proxy,mesh9,5,4,0,"[5-4]",1,22,1.61449,0.97,0.748031,1,0.5,4625,537
5162,2591.4,ga_tcheby_proxy,mesh9,3,8,0,"[3-4-7-8]",3,64,4.82552,0.97,0.75619,3,0.5,4626,537
5163,2592.32,ga_tcheby_proxy,mesh9,1,5,0,"[1-4-5]",2,42,3.21103,0.97,0.758034,2,0.5,4627,537
5164,2594.01,ga_tcheby_proxy,mesh9,3,8,0,"[3-4-7-8]",3,64,4.82552,0.97,0.756654,3,0.5,4628,537
5165,2594.95,ga_tcheby_proxy,mesh9,6,8,0,"[6-7-8]",2,44,3.22898,0.97,0.757116,2,0.5,4629,537
5166,2595.17,ga_tcheby_proxy,mesh9,7,5,0,"[7-4-5]",2,42,3.21103,0.97,0.757116,2,0.5,4630,537
5167,2595.33,ga_tcheby_proxy,mesh9,2,0,0,"[2-1-0]",2,44,3.22898,0.97,0.755258,2,0.5,4631,537
5168,2595.98,ga_tcheby_proxy,mesh9,3,7,0,"[3-6-7]",2,42,3.21103,0.97,0.754789,2,0.5,4632,537
5169,2596.71,ga_tcheby_proxy,mesh9,4,3,0,"[4-3]",1,22,1.61449,0.97,0.754789,1,0.5,4633,537
5170,2596.99,ga_tcheby_proxy,mesh9,1,8,0,"[1-4-7-8]",3,62,4.80756,0.97,0.758491,3,0.5,4634,537
5171,2597.71,ga_tcheby_proxy,mesh9,8,1,0,"[8-5-2-1]",3,62,4.80756,0.97,0.75,3,0.5,4635,537
5172,2597.99,ga_tcheby_proxy,mesh9,6,8,0,"[6-7-8]",2,44,3.22898,0.97,0.758034,2,0.5,4636,537
5173,2598.54,ga_tcheby_proxy,mesh9,7,2,0,"[7-4-1-2]",3,62,4.80756,0.97,0.756654,3,0.5,4637,537
5174,2598.89,ga_tcheby_proxy,mesh9,1,7,0,"[1-4-7]",2,40,3.19307,0.975,0.758945,2,0.5,4638,537
5175,2599.12,ga_tcheby_proxy,mesh9,7,4,0,"[7-4]",1,20,1.59654,0.975,0.749511,1,0.5,4639,537
5176,2599.51,ga_tcheby_proxy,mesh9,0,5,0,"[0-3-4-5]",3,64,4.82552,0.97,0.758491,3,0.5,4640,537
5177,2599.78,ga_tcheby_proxy,mesh9,4,5,0,"[4-5]",1,22,1.61449,0.97,0.758034,1,0.5,4641,537
5178,2600.53,ga_tcheby_proxy,mesh9,4,1,0,"[4-1]",1,20,1.59654,0.975,0.752418,1,0.5,4642,537
5179,2601.04,ga_tcheby_proxy,mesh9,4,5,0,"[4-5]",1,22,1.61449,0.97,0.758491,1,0.5,4643,537
5180,2601.62,ga_tcheby_proxy,mesh9,7,1,0,"[7-4-1]",2,40,3.19307,0.975,0.752896,2,0.5,4644,537
5181,2601.92,ga_tcheby_proxy,mesh9,5,4,0,"[5-4]",1,22,1.61449,0.97,0.748527,1,0.5,4645,537
5182,2602.11,ga_tcheby_proxy,mesh9,5,3,0,"[5-4-3]",2,44,3.22898,0.97,0.755258,2,0.5,4646,537
5183,2602.35,ga_tcheby_proxy,mesh9,0,8,0,"[0-3-4-7-8]",4,84,6.42205,0.97,0.758945,4,0.5,4647,537
5184,2602.64,ga_tcheby_proxy,mesh9,3,4,0,"[3-4]",1,22,1.61449,0.97,0.758034,1,0.5,4648,537
5185,2602.81,ga_tcheby_proxy,mesh9,8,1,0,"[8-5-2-1]",3,62,4.80756,0.97,0.750487,3,0.5,4649,537
5186,2602.89,ga_tcheby_proxy,mesh9,5,7,0,"[5-4-7]",2,42,3.21103,0.97,0.757576,2,0.5,4650,537
5187,2604.12,ga_tcheby_proxy,mesh9,1,3,0,"[1-4-3]",2,42,3.21103,0.97,0.759398,2,0.5,4651,537
5188,2604.86,ga_tcheby_proxy,mesh9,3,5,0,"[3-4-5]",2,44,3.22898,0.97,0.758945,2,0.5,4652,537
5189,2604.94,ga_tcheby_proxy,mesh9,3,4,0,"[3-4]",1,22,1.61449,0.97,0.758945,1,0.5,4653,537
5190,2604.95,ga_tcheby_proxy,mesh9,6,7,1,"[]",0,0,0,0,0,0,0.5,4653,538
5191,2604.99,ga_tcheby_proxy,mesh9,5,8,1,"[]",0,0,0,0,0,0,0.5,4653,539
5192,2605.62,ga_tcheby_proxy,mesh9,6,4,0,"[6-7-4]",2,42,3.21103,0.97,0.755725,2,0.5,4654,539
5193,2606.02,ga_tcheby_proxy,mesh9,4,8,0,"[4-7-8]",2,42,3.21103,0.97,0.758945,2,0.5,4655,539
5194,2606.6,ga_tcheby_proxy,mesh9,7,8,0,"[7-8]",1,22,1.61449,0.97,0.759398,1,0.5,4656,539
5195,2606.77,ga_tcheby_proxy,mesh9,8,4,0,"[8-5-4]",2,42,3.21103,0.97,0.75,2,0.5,4657,539
5196,2606.92,ga_tcheby_proxy,mesh9,2,4,0,"[2-5-4]",2,42,3.21103,0.97,0.758945,2,0.5,4658,539
5197,2607.45,ga_tcheby_proxy,mesh9,6,7,0,"[6-7]",1,22,1.61449,0.97,0.75619,1,0.5,4659,539
5198,2607.88,ga_tcheby_proxy,mesh9,5,3,0,"[5-4-3]",2,44,3.22898,0.97,0.75619,2,0.5,4660,539
5199,2608.38,ga_tcheby_proxy,mesh9,7,6,0,"[7-6]",1,22,1.61449,0.97,0.74902,1,0.5,4661,539
5200,2608.97,ga_tcheby_proxy,mesh9,4,8,0,"[4-5-8]",2,42,3.21103,0.97,0.759398,2,0.5,4662,539
5201,2609.27,ga_tcheby_proxy,mesh9,8,1,0,"[8-5-2-1]",3,62,4.80756,0.97,0.750973,3,0.5,4663,539
5202,2609.4,ga_tcheby_proxy,mesh9,5,0,0,"[5-2-1-0]",3,64,4.82552,0.97,0.755725,3,0.5,4664,539
5203,2609.7,ga_tcheby_proxy,mesh9,1,2,0,"[1-2]",1,22,1.61449,0.97,0.757116,1,0.5,4665,539
5204,2610.52,ga_tcheby_proxy,mesh9,8,1,0,"[8-5-2-1]",3,62,4.80756,0.97,0.751938,3,0.5,4666,539
5205,2611.02,ga_tcheby_proxy,mesh9,0,3,0,"[0-3]",1,20,1.59654,0.975,0.759398,1,0.5,4667,539
5206,2611.21,ga_tcheby_proxy,mesh9,6,1,0,"[6-3-0-1]",3,62,4.80756,0.97,0.754319,3,0.5,4668,539
5207,2611.34,ga_tcheby_proxy,mesh9,0,7,0,"[0-1-4-7]",3,62,4.80756,0.97,0.75985,3,0.5,4669,539
5208,2612.07,ga_tcheby_proxy,mesh9,3,4,0,"[3-4]",1,22,1.61449,0.97,0.759398,1,0.5,4670,539
5209,2612.77,ga_tcheby_proxy,mesh9,2,1,0,"[2-1]",1,22,1.61449,0.97,0.752418,1,0.5,4671,539
5210,2613.2,ga_tcheby_proxy,mesh9,3,4,0,"[3-4]",1,22,1.61449,0.97,0.75985,1,0.5,4672,539
5211,2613.45,ga_tcheby_proxy,mesh9,5,4,0,"[5-4]",1,22,1.61449,0.97,0.751456,1,0.5,4673,539
5212,2613.49,ga_tcheby_proxy,mesh9,1,7,1,"[]",0,0,0,0,0,0,0.5,4673,540
5213,2613.75,ga_tcheby_proxy,mesh9,4,5,0,"[4-5]",1,22,1.61449,0.97,0.75985,1,0.5,4674,540
5214,2614.48,ga_tcheby_proxy,mesh9,4,1,0,"[4-1]",1,20,1.59654,0.975,0.753372,1,0.5,4675,540
5215,2615.44,ga_tcheby_proxy,mesh9,7,4,0,"[7-4]",1,20,1.59654,0.975,0.750973,1,0.5,4676,540
5216,2615.49,ga_tcheby_proxy,mesh9,2,1,1,"[]",0,0,0,0,0,0,0.5,4676,541
5217,2616.16,ga_tcheby_proxy,mesh9,0,5,0,"[0-1-2-5]",3,64,4.82552,0.97,0.759398,3,0.5,4677,541
5218,2616.43,ga_tcheby_proxy,mesh9,2,7,0,"[2-5-8-7]",3,62,4.80756,0.97,0.75985,3,0.5,4678,541
5219,2616.61,ga_tcheby_proxy,mesh9,4,5,0,"[4-5]",1,22,1.61449,0.97,0.7603,1,0.5,4679,541
5220,2616.62,ga_tcheby_proxy,mesh9,3,0,1,"[]",0,0,0,0,0,0,0.5,4679,542
5221,2616.85,ga_tcheby_proxy,mesh9,1,3,0,"[1-0-3]",2,42,3.21103,0.97,0.75985,2,0.5,4680,542
5222,2617.25,ga_tcheby_proxy,mesh9,4,8,0,"[4-7-8]",2,42,3.21103,0.97,0.75985,2,0.5,4681,542
5223,2617.32,ga_tcheby_proxy,mesh9,4,6,0,"[4-3-6]",2,42,3.21103,0.97,0.756654,2,0.5,4682,542
5224,2617.39,ga_tcheby_proxy,mesh9,6,2,0,"[6-3-0-1-2]",4,84,6.5025,0.926548,0.758034,4,0.5,4683,542
5225,2618.74,ga_tcheby_proxy,mesh9,4,7,0,"[4-7]",1,20,1.59654,0.975,0.759398,1,0.5,4684,542
5226,2618.78,ga_tcheby_proxy,mesh9,4,8,1,"[]",0,0,0,0,0,0,0.5,4684,543
5227,2619.53,ga_tcheby_proxy,mesh9,2,3,0,"[2-5-4-3]",3,64,4.82552,0.97,0.7603,3,0.5,4685,543
5228,2619.93,ga_tcheby_proxy,mesh9,6,4,0,"[6-7-4]",2,42,3.21103,0.97,0.756654,2,0.5,4686,543
5229,2620.4,ga_tcheby_proxy,mesh9,3,6,0,"[3-6]",1,20,1.59654,0.975,0.746032,1,0.5,4687,543
5230,2620.71,ga_tcheby_proxy,mesh9,5,3,0,"[5-4-3]",2,44,3.22898,0.97,0.757576,2,0.5,4688,543
5231,2620.78,ga_tcheby_proxy,mesh9,8,3,0,"[8-7-4-3]",3,64,4.85209,0.953614,0.758034,3,0.5,4689,543
5232,2620.97,ga_tcheby_proxy,mesh9,0,7,0,"[0-3-6-7]",3,62,4.80756,0.97,0.7603,3,0.5,4690,543
5233,2621.16,ga_tcheby_proxy,mesh9,2,7,0,"[2-1-4-7]",3,62,4.80756,0.97,0.7603,3,0.5,4691,543
5234,2622.42,ga_tcheby_proxy,mesh9,1,5,0,"[1-2-5]",2,42,3.21103,0.97,0.760748,2,0.5,4692,543
5235,2622.44,ga_tcheby_proxy,mesh9,0,1,1,"[]",0,0,0,0,0,0,0.5,4692,544
5236,2622.59,ga_tcheby_proxy,mesh9,7,2,0,"[7-4-1-2]",3,62,4.80756,0.97,0.758945,3,0.5,4693,544
5237,2622.73,ga_tcheby_proxy,mesh9,1,0,0,"[1-0]",1,22,1.61449,0.97,0.756654,1,0.5,4694,544
5238,2622.91,ga_tcheby_proxy,mesh9,3,6,0,"[3-6]",1,20,1.59654,0.975,0.747036,1,0.5,4695,544
5239,2622.98,ga_tcheby_proxy,mesh9,2,4,0,"[2-1-4]",2,42,3.23827,0.953208,0.760748,2,0.5,4696,544
5240,2623.74,ga_tcheby_proxy,mesh9,3,6,0,"[3-6]",1,20,1.59654,0.975,0.747535,1,0.5,4697,544
5241,2626.7,ga_tcheby_proxy,mesh9,0,6,0,"[0-3-6]",2,40,3.19307,0.975,0.760748,2,0.5,4698,544
5242,2627.07,ga_tcheby_proxy,mesh9,4,2,0,"[4-1-2]",2,42,3.21103,0.97,0.759398,2,0.5,4699,544
5243,2627.94,ga_tcheby_proxy,mesh9,7,0,0,"[7-6-3-0]",3,62,4.80756,0.97,0.755258,3,0.5,4700,544
5244,2628.26,ga_tcheby_proxy,mesh9,8,1,0,"[8-5-2-1]",3,62,4.80756,0.97,0.753846,3,0.5,4701,544
5245,2628.28,ga_tcheby_proxy,mesh9,1,5,1,"[]",0,0,0,0,0,0,0.5,4701,545
5246,2628.58,ga_tcheby_proxy,mesh9,2,4,0,"[2-5-4]",2,42,3.21103,0.97,0.761194,2,0.5,4702,545
5247,2628.85,ga_tcheby_proxy,mesh9,3,5,0,"[3-4-5]",2,44,3.22898,0.97,0.760748,2,0.5,4703,545
5248,2629.18,ga_tcheby_proxy,mesh9,0,4,0,"[0-1-4]",2,42,3.21103,0.97,0.761194,2,0.5,4704,545
5249,2629.66,ga_tcheby_proxy,mesh9,6,4,0,"[6-7-4]",2,42,3.21103,0.97,0.757576,2,0.5,4705,545
5250,2630.45,ga_tcheby_proxy,mesh9,0,8,0,"[0-3-6-7-8]",4,84,6.42205,0.97,0.761194,4,0.5,4706,545
5251,2631.64,ga_tcheby_proxy,mesh9,6,2,0,"[6-7-4-1-2]",4,84,6.42205,0.97,0.75985,4,0.5,4707,545
5252,2632.35,ga_tcheby_proxy,mesh9,4,5,0,"[4-5]",1,22,1.61449,0.97,0.761194,1,0.5,4708,545
5253,2633.68,ga_tcheby_proxy,mesh9,6,7,0,"[6-7]",1,22,1.61449,0.97,0.758945,1,0.5,4709,545
5254,2634.06,ga_tcheby_proxy,mesh9,5,4,0,"[5-4]",1,22,1.61449,0.97,0.753372,1,0.5,4710,545
5255,2634.14,ga_tcheby_proxy,mesh9,1,7,0,"[1-4-7]",2,40,3.19307,0.975,0.761639,2,0.5,4711,545
5256,2634.56,ga_tcheby_proxy,mesh9,1,3,0,"[1-0-3]",2,42,3.21103,0.97,0.761639,2,0.5,4712,545
5257,2635.03,ga_tcheby_proxy,mesh9,2,3,0,"[2-5-4-3]",3,64,4.82552,0.97,0.761639,3,0.5,4713,545
5258,2636.2,ga_tcheby_proxy,mesh9,8,7,0,"[8-7]",1,22,1.61449,0.97,0.742455,1,0.5,4714,545
5259,2637.53,ga_tcheby_proxy,mesh9,4,8,0,"[4-7-8]",2,42,3.21103,0.97,0.760748,2,0.5,4715,545
5260,2638.39,ga_tcheby_proxy,mesh9,3,4,0,"[3-4]",1,22,1.61449,0.97,0.760748,1,0.5,4716,545
5261,2638.5,ga_tcheby_proxy,mesh9,3,2,0,"[3-0-1-2]",3,64,4.82552,0.97,0.7603,3,0.5,4717,545
5262,2638.58,ga_tcheby_proxy,mesh9,5,4,0,"[5-4]",1,22,1.61449,0.97,0.754319,1,0.5,4718,545
5263,2639.74,ga_tcheby_proxy,mesh9,0,1,0,"[0-1]",1,22,1.61449,0.97,0.741414,1,0.5,4719,545
5264,2639.86,ga_tcheby_proxy,mesh9,5,7,0,"[5-8-7]",2,42,3.21103,0.97,0.752896,2,0.5,4720,545
5265,2640.14,ga_tcheby_proxy,mesh9,0,1,0,"[0-1]",1,22,1.61449,0.97,0.741935,1,0.5,4721,545
5266,2640.62,ga_tcheby_proxy,mesh9,4,2,0,"[4-1-2]",2,42,3.21103,0.97,0.760748,2,0.5,4722,545
5267,2640.85,ga_tcheby_proxy,mesh9,2,8,0,"[2-5-8]",2,40,3.19307,0.975,0.762082,2,0.5,4723,545
5268,2641.32,ga_tcheby_proxy,mesh9,5,3,0,"[5-4-3]",2,44,3.22898,0.97,0.758945,2,0.5,4724,545
5269,2641.46,ga_tcheby_proxy,mesh9,5,1,0,"[5-2-1]",2,42,3.21103,0.97,0.754319,2,0.5,4725,545
5270,2641.99,ga_tcheby_proxy,mesh9,1,7,0,"[1-4-7]",2,40,3.19307,0.975,0.762082,2,0.5,4726,545
5271,2642,ga_tcheby_proxy,mesh9,8,6,1,"[]",0,0,0,0,0,0,0.5,4726,546
5272,2644.11,ga_tcheby_proxy,mesh9,4,7,0,"[4-7]",1,20,1.59654,0.975,0.761639,1,0.5,4727,546
5273,2644.49,ga_tcheby_proxy,mesh9,8,2,0,"[8-5-2]",2,40,3.19307,0.975,0.736082,2,0.5,4728,546
5274,2644.77,ga_tcheby_proxy,mesh9,8,1,0,"[8-5-2-1]",3,62,4.80756,0.97,0.754789,3,0.5,4729,546
5275,2646.03,ga_tcheby_proxy,mesh9,0,6,0,"[0-3-6]",2,40,3.19307,0.975,0.762082,2,0.5,4730,546
5276,2646.93,ga_tcheby_proxy,mesh9,7,0,0,"[7-6-3-0]",3,62,4.80756,0.97,0.755725,3,0.5,4731,546
5277,2647.78,ga_tcheby_proxy,mesh9,0,4,0,"[0-1-4]",2,42,3.21103,0.97,0.762523,2,0.5,4732,546
5278,2648.02,ga_tcheby_proxy,mesh9,4,8,0,"[4-5-8]",2,42,3.21103,0.97,0.761639,2,0.5,4733,546
5279,2648.64,ga_tcheby_proxy,mesh9,1,5,0,"[1-2-5]",2,42,3.21103,0.97,0.762523,2,0.5,4734,546
5280,2649.08,ga_tcheby_proxy,mesh9,4,6,0,"[4-3-6]",2,42,3.21103,0.97,0.759398,2,0.5,4735,546
5281,2649.38,ga_tcheby_proxy,mesh9,3,8,0,"[3-6-7-8]",3,64,4.82552,0.97,0.761194,3,0.5,4736,546
5282,2650.25,ga_tcheby_proxy,mesh9,5,7,0,"[5-8-7]",2,42,3.21103,0.97,0.754319,2,0.5,4737,546
5283,2650.71,ga_tcheby_proxy,mesh9,3,4,0,"[3-4]",1,22,1.61449,0.97,0.761194,1,0.5,4738,546
5284,2651.34,ga_tcheby_proxy,mesh9,6,5,0,"[6-7-8-5]",3,64,4.82552,0.97,0.761639,3,0.5,4739,546
5285,2651.46,ga_tcheby_proxy,mesh9,3,4,0,"[3-4]",1,22,1.61449,0.97,0.761639,1,0.5,4740,546
5286,2651.65,ga_tcheby_proxy,mesh9,2,5,0,"[2-5]",1,20,1.59654,0.975,0.762963,1,0.5,4741,546
5287,2651.98,ga_tcheby_proxy,mesh9,5,2,0,"[5-2]",1,20,1.59654,0.975,0.731656,1,0.5,4742,546
5288,2652.31,ga_tcheby_proxy,mesh9,3,7,0,"[3-6-7]",2,42,3.21103,0.97,0.7603,2,0.5,4743,546
5289,2652.55,ga_tcheby_proxy,mesh9,7,3,0,"[7-6-3]",2,42,3.21103,0.97,0.75619,2,0.5,4744,546
5290,2653.01,ga_tcheby_proxy,mesh9,4,8,0,"[4-5-8]",2,42,3.21103,0.97,0.762082,2,0.5,4745,546
5291,2653.65,ga_tcheby_proxy,mesh9,2,3,0,"[2-1-0-3]",3,64,4.82552,0.97,0.762523,3,0.5,4746,546
5292,2654.43,ga_tcheby_proxy,mesh9,7,5,0,"[7-8-5]",2,42,3.21103,0.97,0.762082,2,0.5,4747,546
5293,2654.72,ga_tcheby_proxy,mesh9,3,4,0,"[3-4]",1,22,1.61449,0.97,0.762082,1,0.5,4748,546
5294,2656.06,ga_tcheby_proxy,mesh9,8,1,0,"[8-7-4-1]",3,62,4.80756,0.97,0.755725,3,0.5,4749,546
5295,2656.24,ga_tcheby_proxy,mesh9,7,2,0,"[7-4-1-2]",3,62,4.80756,0.97,0.761639,3,0.5,4750,546
5296,2656.93,ga_tcheby_proxy,mesh9,4,7,0,"[4-7]",1,20,1.59654,0.975,0.762082,1,0.5,4751,546
5297,2657.44,ga_tcheby_proxy,mesh9,5,8,0,"[5-8]",1,20,1.59654,0.975,0.755258,1,0.5,4752,546
5298,2657.46,ga_tcheby_proxy,mesh9,7,6,1,"[]",0,0,0,0,0,0,0.5,4752,547
5299,2658.37,ga_tcheby_proxy,mesh9,2,1,0,"[2-1]",1,22,1.61449,0.97,0.755725,1,0.5,4753,547
5300,2659.2,ga_tcheby_proxy,mesh9,8,1,0,"[8-5-2-1]",3,62,4.80756,0.97,0.75619,3,0.5,4754,547
5301,2659.47,ga_tcheby_proxy,mesh9,1,4,0,"[1-4]",1,20,1.59654,0.975,0.762963,1,0.5,4755,547
5302,2660.18,ga_tcheby_proxy,mesh9,1,3,0,"[1-0-3]",2,42,3.21103,0.97,0.762963,2,0.5,4756,547
5303,2661.08,ga_tcheby_proxy,mesh9,6,8,0,"[6-7-8]",2,44,3.22898,0.97,0.762523,2,0.5,4757,547
5304,2661.7,ga_tcheby_proxy,mesh9,2,7,0,"[2-5-8-7]",3,62,4.80756,0.97,0.763401,3,0.5,4758,547
5305,2661.7,ga_tcheby_proxy,mesh9,2,7,0,"[2-5-8-7]",3,62,4.96729,0.937792,0.763838,3,0.5,4759,547
5306,2662.52,ga_tcheby_proxy,mesh9,2,5,0,"[2-5]",1,20,1.59654,0.975,0.764273,1,0.5,4760,547
5307,2662.63,ga_tcheby_proxy,mesh9,3,8,0,"[3-4-5-8]",3,64,4.82552,0.97,0.762523,3,0.5,4761,547
5308,2663.83,ga_tcheby_proxy,mesh9,6,2,0,"[6-3-0-1-2]",4,84,6.42205,0.97,0.762082,4,0.5,4762,547
5309,2665.51,ga_tcheby_proxy,mesh9,7,1,0,"[7-4-1]",2,40,3.19307,0.975,0.756654,2,0.5,4763,547
5310,2665.56,ga_tcheby_proxy,mesh9,1,7,1,"[]",0,0,0,0,0,0,0.5,4763,548
5311,2666.77,ga_tcheby_proxy,mesh9,6,5,0,"[6-3-4-5]",3,64,4.82552,0.97,0.762963,3,0.5,4764,548
5312,2667.07,ga_tcheby_proxy,mesh9,1,5,0,"[1-4-5]",2,42,3.21103,0.97,0.763401,2,0.5,4765,548
5313,2667.3,ga_tcheby_proxy,mesh9,4,2,0,"[4-1-2]",2,42,3.21103,0.97,0.762523,2,0.5,4766,548
5314,2667.54,ga_tcheby_proxy,mesh9,6,7,0,"[6-7]",1,22,1.61449,0.97,0.761194,1,0.5,4767,548
5315,2668.68,ga_tcheby_proxy,mesh9,3,4,0,"[3-4]",1,22,1.61449,0.97,0.763401,1,0.5,4768,548
5316,2669.08,ga_tcheby_proxy,mesh9,0,4,0,"[0-3-4]",2,42,3.21103,0.97,0.763838,2,0.5,4769,548
5317,2669.35,ga_tcheby_proxy,mesh9,5,0,0,"[5-4-1-0]",3,64,4.82552,0.97,0.758491,3,0.5,4770,548
5318,2669.37,ga_tcheby_proxy,mesh9,3,6,1,"[]",0,0,0,0,0,0,0.5,4770,549
5319,2670.05,ga_tcheby_proxy,mesh9,6,0,0,"[6-3-0]",2,40,3.19307,0.975,0.757576,2,0.5,4771,549
5320,2671.35,ga_tcheby_proxy,mesh9,0,5,0,"[0-1-4-5]",3,64,4.82552,0.97,0.763838,3,0.5,4772,549
5321,2671.44,ga_tcheby_proxy,mesh9,2,5,0,"[2-5]",1,20,1.59654,0.975,0.764706,1,0.5,4773,549
5322,2671.72,ga_tcheby_proxy,mesh9,8,6,0,"[8-7-6]",2,44,3.22898,0.97,0.750973,2,0.5,4774,549
5323,2671.77,ga_tcheby_proxy,mesh9,7,2,1,"[]",0,0,0,0,0,0,0.5,4774,550
5324,2672.69,ga_tcheby_proxy,mesh9,4,3,0,"[4-3]",1,22,1.61449,0.97,0.75985,1,0.5,4775,550
5325,2673.64,ga_tcheby_proxy,mesh9,2,3,0,"[2-1-0-3]",3,64,4.82552,0.97,0.763838,3,0.5,4776,550
5326,2674.21,ga_tcheby_proxy,mesh9,3,0,0,"[3-0]",1,20,1.59654,0.975,0.757116,1,0.5,4777,550
5327,2674.92,ga_tcheby_proxy,mesh9,8,7,0,"[8-7]",1,22,1.61449,0.97,0.746032,1,0.5,4778,550
5328,2676.44,ga_tcheby_proxy,mesh9,1,0,0,"[1-0]",1,22,1.61449,0.97,0.759398,1,0.5,4779,550
5329,2677.32,ga_tcheby_proxy,mesh9,0,6,0,"[0-3-6]",2,40,3.19307,0.975,0.764273,2,0.5,4780,550
5330,2677.39,ga_tcheby_proxy,mesh9,2,0,1,"[]",0,0,0,0,0,0,0.5,4780,551
5331,2678.23,ga_tcheby_proxy,mesh9,6,0,0,"[6-3-0]",2,40,3.19307,0.975,0.758034,2,0.5,4781,551
5332,2678.37,ga_tcheby_proxy,mesh9,6,2,0,"[6-7-4-1-2]",4,84,6.42205,0.97,0.762963,4,0.5,4782,551
5333,2678.54,ga_tcheby_proxy,mesh9,4,0,0,"[4-1-0]",2,42,3.21103,0.97,0.75985,2,0.5,4783,551
5334,2678.79,ga_tcheby_proxy,mesh9,4,6,0,"[4-3-6]",2,42,3.21103,0.97,0.7603,2,0.5,4784,551
5335,2679.03,ga_tcheby_proxy,mesh9,8,0,0,"[8-7-6-3-0]",4,84,6.42205,0.97,0.758491,4,0.5,4785,551
5336,2679.21,ga_tcheby_proxy,mesh9,0,2,0,"[0-1-2]",2,44,3.22898,0.97,0.763401,2,0.5,4786,551
5337,2679.87,ga_tcheby_proxy,mesh9,8,4,0,"[8-5-4]",2,42,3.21103,0.97,0.755725,2,0.5,4787,551
5338,2680.3,ga_tcheby_proxy,mesh9,7,0,0,"[7-6-3-0]",3,62,4.80756,0.97,0.758945,3,0.5,4788,551
5339,2680.51,ga_tcheby_proxy,mesh9,1,6,0,"[1-4-3-6]",3,62,4.80756,0.97,0.764273,3,0.5,4789,551
5340,2680.52,ga_tcheby_proxy,mesh9,5,6,1,"[]",0,0,0,0,0,0,0.5,4789,552
5341,2682.32,ga_tcheby_proxy,mesh9,5,2,0,"[5-2]",1,20,1.59654,0.975,0.732777,1,0.5,4790,552
5342,2683.13,ga_tcheby_proxy,mesh9,7,6,0,"[7-6]",1,22,1.61449,0.97,0.752418,1,0.5,4791,552
5343,2683.15,ga_tcheby_proxy,mesh9,2,7,1,"[]",0,0,0,0,0,0,0.5,4791,553
5344,2683.2,ga_tcheby_proxy,mesh9,4,5,1,"[]",0,0,0,0,0,0,0.5,4791,554
5345,2683.82,ga_tcheby_proxy,mesh9,0,8,0,"[0-1-4-7-8]",4,84,6.42205,0.97,0.764706,4,0.5,4792,554
5346,2684.56,ga_tcheby_proxy,mesh9,7,1,0,"[7-4-1]",2,40,3.19307,0.975,0.758945,2,0.5,4793,554
5347,2684.77,ga_tcheby_proxy,mesh9,5,7,0,"[5-8-7]",2,42,3.21103,0.97,0.757116,2,0.5,4794,554
5348,2685.02,ga_tcheby_proxy,mesh9,0,8,0,"[0-3-4-7-8]",4,84,6.42205,0.97,0.764706,4,0.5,4795,554
5349,2685.04,ga_tcheby_proxy,mesh9,2,5,1,"[]",0,0,0,0,0,0,0.5,4795,555
5350,2686.37,ga_tcheby_proxy,mesh9,5,3,0,"[5-4-3]",2,44,3.22898,0.97,0.761194,2,0.5,4796,555
5351,2686.56,ga_tcheby_proxy,mesh9,0,1,0,"[0-1]",1,22,1.61449,0.97,0.74502,1,0.5,4797,555
5352,2686.59,ga_tcheby_proxy,mesh9,1,7,1,"[]",0,0,0,0,0,0,0.5,4797,556
5353,2686.76,ga_tcheby_proxy,mesh9,3,8,0,"[3-6-7-8]",3,64,4.82552,0.97,0.763838,3,0.5,4798,556
5354,2688.28,ga_tcheby_proxy,mesh9,2,6,0,"[2-5-8-7-6]",4,84,6.42205,0.97,0.765138,4,0.5,4799,556
5355,2688.77,ga_tcheby_proxy,mesh9,5,0,0,"[5-2-1-0]",3,64,4.82552,0.97,0.7603,3,0.5,4800,556
5356,2688.78,ga_tcheby_proxy,mesh9,2,0,1,"[]",0,0,0,0,0,0,0.5,4800,557
5357,2688.87,ga_tcheby_proxy,mesh9,3,4,0,"[3-4]",1,22,1.61449,0.97,0.764706,1,0.5,4801,557
5358,2689.04,ga_tcheby_proxy,mesh9,5,3,0,"[5-4-3]",2,44,3.22898,0.97,0.761639,2,0.5,4802,557
5359,2689.56,ga_tcheby_proxy,mesh9,3,7,0,"[3-6-7]",2,42,3.21103,0.97,0.762523,2,0.5,4803,557
5360,2689.64,ga_tcheby_proxy,mesh9,5,7,0,"[5-4-7]",2,42,3.21103,0.97,0.763401,2,0.5,4804,557
5361,2690.37,ga_tcheby_proxy,mesh9,8,0,0,"[8-7-6-3-0]",4,84,6.42205,0.97,0.759398,4,0.5,4805,557
5362,2690.95,ga_tcheby_proxy,mesh9,0,2,0,"[0-1-2]",2,44,3.22898,0.97,0.763838,2,0.5,4806,557
5363,2691.01,ga_tcheby_proxy,mesh9,0,1,1,"[]",0,0,0,0,0,0,0.5,4806,558
5364,2691.14,ga_tcheby_proxy,mesh9,8,0,0,"[8-7-6-3-0]",4,84,6.42205,0.97,0.75985,4,0.5,4807,558
5365,2691.24,ga_tcheby_proxy,mesh9,6,7,0,"[6-7]",1,22,1.61449,0.97,0.762963,1,0.5,4808,558
5366,2691.8,ga_tcheby_proxy,mesh9,2,4,0,"[2-1-4]",2,42,3.21103,0.97,0.765138,2,0.5,4809,558
5367,2691.9,ga_tcheby_proxy,mesh9,0,3,0,"[0-3]",1,20,1.59654,0.975,0.765138,1,0.5,4810,558
5368,2692.11,ga_tcheby_proxy,mesh9,4,2,0,"[4-1-2]",2,42,3.21103,0.97,0.764273,2,0.5,4811,558
5369,2692.25,ga_tcheby_proxy,mesh9,2,6,0,"[2-1-4-7-6]",4,84,6.42205,0.97,0.765568,4,0.5,4812,558
5370,2692.73,ga_tcheby_proxy,mesh9,8,1,0,"[8-5-2-1]",3,62,4.80756,0.97,0.758491,3,0.5,4813,558
5371,2693.31,ga_tcheby_proxy,mesh9,4,3,0,"[4-3]",1,22,1.61449,0.97,0.762082,1,0.5,4814,558
5372,2694.05,ga_tcheby_proxy,mesh9,1,7,0,"[1-4-7]",2,40,3.19307,0.975,0.765996,2,0.5,4815,558
5373,2694.1,ga_tcheby_proxy,mesh9,1,7,1,"[]",0,0,0,0,0,0,0.5,4815,559
5374,2694.16,ga_tcheby_proxy,mesh9,4,7,1,"[]",0,0,0,0,0,0,0.5,4815,560
5375,2694.63,ga_tcheby_proxy,mesh9,7,8,0,"[7-8]",1,22,1.61449,0.97,0.764273,1,0.5,4816,560
5376,2694.77,ga_tcheby_proxy,mesh9,0,5,0,"[0-3-4-5]",3,64,4.82552,0.97,0.765568,3,0.5,4817,560
5377,2694.94,ga_tcheby_proxy,mesh9,2,3,0,"[2-5-4-3]",3,64,4.82552,0.97,0.765568,3,0.5,4818,560
5378,2695.22,ga_tcheby_proxy,mesh9,0,2,0,"[0-1-2]",2,44,3.22898,0.97,0.764706,2,0.5,4819,560
5379,2695.51,ga_tcheby_proxy,mesh9,1,5,0,"[1-2-5]",2,42,3.21103,0.97,0.765996,2,0.5,4820,560
5380,2696.2,ga_tcheby_proxy,mesh9,5,7,0,"[5-8-7]",2,42,3.21103,0.97,0.758034,2,0.5,4821,560
5381,2696.25,ga_tcheby_proxy,mesh9,2,1,1,"[]",0,0,0,0,0,0,0.5,4821,561
5382,2697,ga_tcheby_proxy,mesh9,0,1,0,"[0-1]",1,22,1.61449,0.97,0.746535,1,0.5,4822,561
5383,2697.51,ga_tcheby_proxy,mesh9,6,4,0,"[6-7-4]",2,42,3.21103,0.97,0.763401,2,0.5,4823,561
5384,2697.53,ga_tcheby_proxy,mesh9,2,8,1,"[]",0,0,0,0,0,0,0.5,4823,562
5385,2698.04,ga_tcheby_proxy,mesh9,8,5,0,"[8-5]",1,20,1.59654,0.975,0.739837,1,0.5,4824,562
5386,2698.4,ga_tcheby_proxy,mesh9,0,8,0,"[0-3-6-7-8]",4,84,6.42205,0.97,0.765996,4,0.5,4825,562
5387,2698.73,ga_tcheby_proxy,mesh9,8,1,0,"[8-5-2-1]",3,62,4.80756,0.97,0.758945,3,0.5,4826,562
5388,2699.57,ga_tcheby_proxy,mesh9,4,8,0,"[4-5-8]",2,42,3.21103,0.97,0.764706,2,0.5,4827,562
5389,2699.9,ga_tcheby_proxy,mesh9,5,0,0,"[5-4-1-0]",3,64,4.82552,0.97,0.760748,3,0.5,4828,562
5390,2701.04,ga_tcheby_proxy,mesh9,1,7,0,"[1-4-7]",2,40,3.19307,0.975,0.766423,2,0.5,4829,562
5391,2701.05,ga_tcheby_proxy,mesh9,1,3,0,"[1-4-3]",2,42,3.34851,0.929172,0.772477,2,0.5,4830,562
5392,2702.43,ga_tcheby_proxy,mesh9,2,7,0,"[2-5-8-7]",3,62,4.80756,0.97,0.766423,3,0.5,4831,562
5393,2703.01,ga_tcheby_proxy,mesh9,4,5,0,"[4-5]",1,22,1.61449,0.97,0.765138,1,0.5,4832,562
5394,2703.23,ga_tcheby_proxy,mesh9,2,6,0,"[2-1-0-3-6]",4,84,6.42205,0.97,0.766423,4,0.5,4833,562
5395,2704.49,ga_tcheby_proxy,mesh9,8,7,0,"[8-7]",1,22,1.61449,0.97,0.75,1,0.5,4834,562
5396,2704.5,ga_tcheby_proxy,mesh9,0,2,1,"[]",0,0,0,0,0,0,0.5,4834,563
5397,2704.62,ga_tcheby_proxy,mesh9,2,5,0,"[2-5]",1,20,1.59654,0.975,0.766849,1,0.5,4835,563
5398,2704.66,ga_tcheby_proxy,mesh9,5,3,1,"[]",0,0,0,0,0,0,0.5,4835,564
5399,2705.11,ga_tcheby_proxy,mesh9,8,4,0,"[8-7-4]",2,42,3.21103,0.97,0.756654,2,0.5,4836,564
5400,2705.74,ga_tcheby_proxy,mesh9,8,5,0,"[8-5]",1,20,1.59654,0.975,0.740891,1,0.5,4837,564
5401,2707.17,ga_tcheby_proxy,mesh9,2,1,0,"[2-1]",1,22,1.61449,0.97,0.75985,1,0.5,4838,564
5402,2707.21,ga_tcheby_proxy,mesh9,6,2,1,"[]",0,0,0,0,0,0,0.5,4838,565
5403,2707.36,ga_tcheby_proxy,mesh9,7,8,0,"[7-8]",1,22,1.61449,0.97,0.765138,1,0.5,4839,565
5404,2707.99,ga_tcheby_proxy,mesh9,2,1,0,"[2-1]",1,22,1.61449,0.97,0.7603,1,0.5,4840,565
5405,2708.12,ga_tcheby_proxy,mesh9,0,2,0,"[0-1-2]",2,44,3.22898,0.97,0.765568,2,0.5,4841,565
5406,2708.22,ga_tcheby_proxy,mesh9,4,5,0,"[4-5]",1,22,1.61449,0.97,0.765568,1,0.5,4842,565
5407,2708.39,ga_tcheby_proxy,mesh9,0,8,0,"[0-3-6-7-8]",4,84,6.42205,0.97,0.766849,4,0.5,4843,565
5408,2708.54,ga_tcheby_proxy,mesh9,8,5,0,"[8-5]",1,20,1.59654,0.975,0.741414,1,0.5,4844,565
5409,2709.46,ga_tcheby_proxy,mesh9,6,4,0,"[6-7-4]",2,42,3.21103,0.97,0.764706,2,0.5,4845,565
5410,2709.91,ga_tcheby_proxy,mesh9,6,4,0,"[6-7-4]",2,42,3.21103,0.97,0.765138,2,0.5,4846,565
5411,2709.91,ga_tcheby_proxy,mesh9,4,3,1,"[]",0,0,0,0,0,0,0.5,4846,566
5412,2710.84,ga_tcheby_proxy,mesh9,1,3,0,"[1-0-3]",2,42,3.21103,0.97,0.767273,2,0.5,4847,566
5413,2711.04,ga_tcheby_proxy,mesh9,4,0,0,"[4-1-0]",2,42,3.21103,0.97,0.762082,2,0.5,4848,566
5414,2712.09,ga_tcheby_proxy,mesh9,3,2,0,"[3-0-1-2]",3,64,4.82552,0.97,0.765996,3,0.5,4849,566
5415,2712.1,ga_tcheby_proxy,mesh9,1,2,1,"[]",0,0,0,0,0,0,0.5,4849,567
5416,2712.22,ga_tcheby_proxy,mesh9,2,1,0,"[2-1]",1,22,1.61449,0.97,0.760748,1,0.5,4850,567
5417,2712.4,ga_tcheby_proxy,mesh9,2,4,0,"[2-5-4]",2,42,3.21103,0.97,0.767273,2,0.5,4851,567
5418,2712.53,ga_tcheby_proxy,mesh9,6,8,0,"[6-7-8]",2,44,3.22898,0.97,0.765996,2,0.5,4852,567
5419,2712.84,ga_tcheby_proxy,mesh9,4,0,0,"[4-1-0]",2,42,3.21103,0.97,0.762523,2,0.5,4853,567
5420,2712.96,ga_tcheby_proxy,mesh9,3,8,0,"[3-4-5-8]",3,64,4.82552,0.97,0.765996,3,0.5,4854,567
5421,2713.12,ga_tcheby_proxy,mesh9,5,2,0,"[5-2]",1,20,1.59654,0.975,0.73499,1,0.5,4855,567
5422,2713.35,ga_tcheby_proxy,mesh9,7,1,0,"[7-4-1]",2,40,3.19307,0.975,0.761194,2,0.5,4856,567
5423,2713.79,ga_tcheby_proxy,mesh9,5,7,0,"[5-8-7]",2,42,3.21103,0.97,0.75985,2,0.5,4857,567
5424,2714.45,ga_tcheby_proxy,mesh9,2,4,0,"[2-1-4]",2,42,3.21103,0.97,0.767273,2,0.5,4858,567
5425,2715.01,ga_tcheby_proxy,mesh9,4,1,0,"[4-1]",1,20,1.59654,0.975,0.761639,1,0.5,4859,567
5426,2715.44,ga_tcheby_proxy,mesh9,7,6,0,"[7-6]",1,22,1.61449,0.97,0.754789,1,0.5,4860,567
5427,2716.04,ga_tcheby_proxy,mesh9,8,1,0,"[8-5-2-1]",3,62,4.80756,0.97,0.761639,3,0.5,4861,567
5428,2717.62,ga_tcheby_proxy,mesh9,7,8,0,"[7-8]",1,22,1.61449,0.97,0.766423,1,0.5,4862,567
5429,2717.64,ga_tcheby_proxy,mesh9,0,7,1,"[]",0,0,0,0,0,0,0.5,4862,568
5430,2719.5,ga_tcheby_proxy,mesh9,4,2,0,"[4-5-2]",2,42,3.21103,0.97,0.766423,2,0.5,4863,568
5431,2719.64,ga_tcheby_proxy,mesh9,6,3,0,"[6-3]",1,20,1.59654,0.975,0.7603,1,0.5,4864,568
5432,2720.5,ga_tcheby_proxy,mesh9,5,0,0,"[5-4-1-0]",3,64,4.82552,0.97,0.762963,3,0.5,4865,568
5433,2720.91,ga_tcheby_proxy,mesh9,8,2,0,"[8-5-2]",2,40,3.19307,0.975,0.742455,2,0.5,4866,568
5434,2720.96,ga_tcheby_proxy,mesh9,4,2,1,"[]",0,0,0,0,0,0,0.5,4866,569
5435,2721.92,ga_tcheby_proxy,mesh9,2,3,0,"[2-1-4-3]",3,64,4.82552,0.97,0.767695,3,0.5,4867,569
5436,2722.73,ga_tcheby_proxy,mesh9,6,2,0,"[6-3-0-1-2]",4,84,6.42205,0.97,0.766423,4,0.5,4868,569
5437,2723.16,ga_tcheby_proxy,mesh9,4,1,0,"[4-1]",1,20,1.59654,0.975,0.762523,1,0.5,4869,569
5438,2723.47,ga_tcheby_proxy,mesh9,6,1,0,"[6-3-0-1]",3,62,4.80756,0.97,0.761194,3,0.5,4870,569
5439,2723.51,ga_tcheby_proxy,mesh9,3,0,1,"[]",0,0,0,0,0,0,0.5,4870,570
5440,2724.83,ga_tcheby_proxy,mesh9,0,1,0,"[0-1]",1,22,1.61449,0.97,0.74902,1,0.5,4871,570
5441,2725.9,ga_tcheby_proxy,mesh9,4,2,0,"[4-5-2]",2,42,3.21103,0.97,0.766849,2,0.5,4872,570
5442,2726.45,ga_tcheby_proxy,mesh9,8,2,0,"[8-5-2]",2,40,3.19307,0.975,0.742972,2,0.5,4873,570
5443,2727.59,ga_tcheby_proxy,mesh9,2,8,0,"[2-5-8]",2,40,3.19307,0.975,0.767695,2,0.5,4874,570
5444,2727.72,ga_tcheby_proxy,mesh9,1,8,0,"[1-2-5-8]",3,62,4.80756,0.97,0.768116,3,0.5,4875,570
5445,2728.01,ga_tcheby_proxy,mesh9,4,0,0,"[4-1-0]",2,42,3.21103,0.97,0.763401,2,0.5,4876,570
5446,2729.46,ga_tcheby_proxy,mesh9,2,0,0,"[2-1-0]",2,44,3.22898,0.97,0.763838,2,0.5,4877,570
5447,2729.52,ga_tcheby_proxy,mesh9,7,6,1,"[]",0,0,0,0,0,0,0.5,4877,571
5448,2730.77,ga_tcheby_proxy,mesh9,2,0,0,"[2-1-0]",2,44,3.22898,0.97,0.764273,2,0.5,4878,571
5449,2730.99,ga_tcheby_proxy,mesh9,0,5,0,"[0-3-4-5]",3,64,4.82552,0.97,0.767695,3,0.5,4879,571
5450,2731.8,ga_tcheby_proxy,mesh9,1,3,0,"[1-0-3]",2,42,3.21103,0.97,0.768116,2,0.5,4880,571
5451,2731.86,ga_tcheby_proxy,mesh9,0,2,1,"[]",0,0,0,0,0,0,0.5,4880,572
5452,2732.66,ga_tcheby_proxy,mesh9,3,2,0,"[3-4-1-2]",3,64,4.82552,0.97,0.767273,3,0.5,4881,572
5453,2733.36,ga_tcheby_proxy,mesh9,7,5,0,"[7-8-5]",2,42,3.21103,0.97,0.766849,2,0.5,4882,572
5454,2733.6,ga_tcheby_proxy,mesh9,1,6,0,"[1-4-7-6]",3,62,4.80756,0.97,0.768116,3,0.5,4883,572
5455,2733.77,ga_tcheby_proxy,mesh9,1,4,0,"[1-4]",1,20,1.59654,0.975,0.768535,1,0.5,4884,572
5456,2734.93,ga_tcheby_proxy,mesh9,5,1,0,"[5-2-1]",2,42,3.21103,0.97,0.763401,2,0.5,4885,572
5457,2735.93,ga_tcheby_proxy,mesh9,1,6,0,"[1-0-3-6]",3,62,4.80756,0.97,0.768535,3,0.5,4886,572
5458,2736.3,ga_tcheby_proxy,mesh9,4,6,0,"[4-3-6]",2,42,3.21103,0.97,0.763838,2,0.5,4887,572
5459,2736.33,ga_tcheby_proxy,mesh9,5,6,1,"[]",0,0,0,0,0,0,0.5,4887,573
5460,2736.68,ga_tcheby_proxy,mesh9,8,3,0,"[8-7-6-3]",3,64,4.82552,0.97,0.761639,3,0.5,4888,573
5461,2736.91,ga_tcheby_proxy,mesh9,5,3,0,"[5-4-3]",2,44,3.22898,0.97,0.764273,2,0.5,4889,573
5462,2737.76,ga_tcheby_proxy,mesh9,1,3,0,"[1-0-3]",2,42,3.21103,0.97,0.768953,2,0.5,4890,573
5463,2740.91,ga_tcheby_proxy,mesh9,0,2,0,"[0-1-2]",2,44,3.22898,0.97,0.767695,2,0.5,4891,573
5464,2741.74,ga_tcheby_proxy,mesh9,7,0,0,"[7-6-3-0]",3,62,4.80756,0.97,0.762082,3,0.5,4892,573
5465,2741.93,ga_tcheby_proxy,mesh9,3,0,0,"[3-0]",1,20,1.59654,0.975,0.761639,1,0.5,4893,573
5466,2743.17,ga_tcheby_proxy,mesh9,1,6,0,"[1-4-3-6]",3,62,4.80756,0.97,0.768953,3,0.5,4894,573
5467,2743.49,ga_tcheby_proxy,mesh9,3,8,0,"[3-4-7-8]",3,64,4.82552,0.97,0.767273,3,0.5,4895,573
5468,2743.94,ga_tcheby_proxy,mesh9,2,0,0,"[2-1-0]",2,44,3.22898,0.97,0.765996,2,0.5,4896,573
5469,2744.24,ga_tcheby_proxy,mesh9,8,5,0,"[8-5]",1,20,1.59654,0.975,0.744,1,0.5,4897,573
5470,2744.61,ga_tcheby_proxy,mesh9,4,0,0,"[4-3-0]",2,42,3.21103,0.97,0.765138,2,0.5,4898,573
5471,2744.95,ga_tcheby_proxy,mesh9,8,3,0,"[8-7-6-3]",3,64,4.82552,0.97,0.762523,3,0.5,4899,573
5472,2745.38,ga_tcheby_proxy,mesh9,2,6,0,"[2-5-4-7-6]",4,84,6.42205,0.97,0.768535,4,0.5,4900,573
5473,2746.25,ga_tcheby_proxy,mesh9,4,0,0,"[4-3-0]",2,42,3.21103,0.97,0.765568,2,0.5,4901,573
5474,2746.44,ga_tcheby_proxy,mesh9,5,8,0,"[5-8]",1,20,1.59654,0.975,0.761194,1,0.5,4902,573
5475,2746.56,ga_tcheby_proxy,mesh9,3,0,0,"[3-0]",1,20,1.59654,0.975,0.762963,1,0.5,4903,573
5476,2747.2,ga_tcheby_proxy,mesh9,7,8,0,"[7-8]",1,22,1.61449,0.97,0.767695,1,0.5,4904,573
5477,2747.27,ga_tcheby_proxy,mesh9,2,5,0,"[2-5]",1,20,1.69319,0.917367,0.768953,1,0.5,4905,573
5478,2747.92,ga_tcheby_proxy,mesh9,6,2,0,"[6-7-4-5-2]",4,84,6.42205,0.97,0.767695,4,0.5,4906,573
5479,2748.35,ga_tcheby_proxy,mesh9,2,3,0,"[2-1-0-3]",3,64,4.82552,0.97,0.769369,3,0.5,4907,573
5480,2749.15,ga_tcheby_proxy,mesh9,8,2,0,"[8-5-2]",2,40,3.19307,0.975,0.744511,2,0.5,4908,573
5481,2749.78,ga_tcheby_proxy,mesh9,0,5,0,"[0-1-2-5]",3,64,4.82552,0.97,0.769369,3,0.5,4909,573
5482,2749.84,ga_tcheby_proxy,mesh9,1,4,1,"[]",0,0,0,0,0,0,0.5,4909,574
5483,2749.91,ga_tcheby_proxy,mesh9,2,8,0,"[2-5-8]",2,40,3.31905,0.93085,0.769784,2,0.5,4910,574
5484,2750.31,ga_tcheby_proxy,mesh9,8,5,0,"[8-5]",1,20,1.59654,0.975,0.74502,1,0.5,4911,574
5485,2750.57,ga_tcheby_proxy,mesh9,7,3,0,"[7-6-3]",2,42,3.21103,0.97,0.762963,2,0.5,4912,574
5486,2750.97,ga_tcheby_proxy,mesh9,7,5,0,"[7-8-5]",2,42,3.21103,0.97,0.768116,2,0.5,4913,574
5487,2751.15,ga_tcheby_proxy,mesh9,3,0,0,"[3-0]",1,20,1.59654,0.975,0.763401,1,0.5,4914,574
5488,2751.36,ga_tcheby_proxy,mesh9,7,4,0,"[7-4]",1,20,1.59654,0.975,0.758945,1,0.5,4915,574
5489,2753.32,ga_tcheby_proxy,mesh9,8,6,0,"[8-7-6]",2,44,3.22898,0.97,0.758034,2,0.5,4916,574
5490,2753.52,ga_tcheby_proxy,mesh9,0,5,0,"[0-1-4-5]",3,64,4.82552,0.97,0.769369,3,0.5,4917,574
5491,2753.83,ga_tcheby_proxy,mesh9,1,4,0,"[1-4]",1,20,1.59654,0.975,0.769784,1,0.5,4918,574
5492,2754.18,ga_tcheby_proxy,mesh9,7,3,0,"[7-6-3]",2,42,3.21103,0.97,0.763401,2,0.5,4919,574
5493,2755.47,ga_tcheby_proxy,mesh9,8,2,0,"[8-5-2]",2,40,3.19307,0.975,0.746032,2,0.5,4920,574
5494,2757.32,ga_tcheby_proxy,mesh9,3,5,0,"[3-4-5]",2,44,3.22898,0.97,0.768535,2,0.5,4921,574
5495,2757.96,ga_tcheby_proxy,mesh9,1,7,0,"[1-4-7]",2,40,3.19307,0.975,0.770197,2,0.5,4922,574
5496,2758.11,ga_tcheby_proxy,mesh9,1,8,0,"[1-2-5-8]",3,62,4.80756,0.97,0.770197,3,0.5,4923,574
5497,2758.79,ga_tcheby_proxy,mesh9,8,0,0,"[8-7-6-3-0]",4,84,6.42205,0.97,0.763838,4,0.5,4924,574
5498,2758.98,ga_tcheby_proxy,mesh9,6,8,0,"[6-7-8]",2,44,3.22898,0.97,0.768535,2,0.5,4925,574
5499,2759.26,ga_tcheby_proxy,mesh9,4,2,0,"[4-5-2]",2,42,3.21103,0.97,0.768953,2,0.5,4926,574
5500,2759.34,ga_tcheby_proxy,mesh9,7,0,0,"[7-4-3-0]",3,62,4.80756,0.97,0.765996,3,0.5,4927,574
5501,2761.3,ga_tcheby_proxy,mesh9,1,8,0,"[1-4-7-8]",3,62,4.80756,0.97,0.770609,3,0.5,4928,574
5502,2761.33,ga_tcheby_proxy,mesh9,5,4,1,"[]",0,0,0,0,0,0,0.5,4928,575
5503,2762.1,ga_tcheby_proxy,mesh9,4,0,0,"[4-3-0]",2,42,3.21103,0.97,0.766423,2,0.5,4929,575
5504,2763.1,ga_tcheby_proxy,mesh9,0,2,0,"[0-1-2]",2,44,3.22898,0.97,0.768953,2,0.5,4930,575
5505,2763.78,ga_tcheby_proxy,mesh9,8,5,0,"[8-5]",1,20,1.59654,0.975,0.746535,1,0.5,4931,575
5506,2763.86,ga_tcheby_proxy,mesh9,0,4,0,"[0-3-4]",2,42,3.21103,0.97,0.769784,2,0.5,4932,575
5507,2764.71,ga_tcheby_proxy,mesh9,8,4,0,"[8-7-4]",2,42,3.21103,0.97,0.75985,2,0.5,4933,575
5508,2766.49,ga_tcheby_proxy,mesh9,8,0,0,"[8-7-6-3-0]",4,84,6.42205,0.97,0.765138,4,0.5,4934,575
5509,2766.7,ga_tcheby_proxy,mesh9,6,8,0,"[6-7-8]",2,44,3.22898,0.97,0.769369,2,0.5,4935,575
5510,2766.93,ga_tcheby_proxy,mesh9,4,5,0,"[4-5]",1,22,1.61449,0.97,0.769369,1,0.5,4936,575
5511,2767.08,ga_tcheby_proxy,mesh9,7,8,0,"[7-8]",1,22,1.61449,0.97,0.769784,1,0.5,4937,575
5512,2767.4,ga_tcheby_proxy,mesh9,6,3,0,"[6-3]",1,20,1.59654,0.975,0.764706,1,0.5,4938,575
5513,2767.78,ga_tcheby_proxy,mesh9,5,1,0,"[5-4-1]",2,42,3.21103,0.97,0.763838,2,0.5,4939,575
5514,2768.71,ga_tcheby_proxy,mesh9,2,8,0,"[2-5-8]",2,40,3.19307,0.975,0.770609,2,0.5,4940,575
5515,2769.32,ga_tcheby_proxy,mesh9,8,5,0,"[8-5]",1,20,1.59654,0.975,0.747036,1,0.5,4941,575
5516,2769.43,ga_tcheby_proxy,mesh9,1,4,0,"[1-4]",1,20,1.59654,0.975,0.77102,1,0.5,4942,575
5517,2769.52,ga_tcheby_proxy,mesh9,7,2,0,"[7-4-1-2]",3,62,4.80756,0.97,0.769369,3,0.5,4943,575
5518,2769.83,ga_tcheby_proxy,mesh9,5,8,0,"[5-8]",1,20,1.59654,0.975,0.762963,1,0.5,4944,575
5519,2771.32,ga_tcheby_proxy,mesh9,7,6,0,"[7-6]",1,22,1.61449,0.97,0.75985,1,0.5,4945,575
5520,2771.5,ga_tcheby_proxy,mesh9,8,4,0,"[8-7-4]",2,42,3.21103,0.97,0.760748,2,0.5,4946,575
5521,2772.36,ga_tcheby_proxy,mesh9,7,6,0,"[7-6]",1,22,1.61449,0.97,0.7603,1,0.5,4947,575
5522,2772.51,ga_tcheby_proxy,mesh9,3,6,0,"[3-6]",1,20,1.59654,0.975,0.75619,1,0.5,4948,575
5523,2772.58,ga_tcheby_proxy,mesh9,3,2,0,"[3-4-7-8-5-2]",5,104,8.1218,0.938046,0.770197,5,0.5,4949,575
5524,2772.66,ga_tcheby_proxy,mesh9,3,4,0,"[3-4]",1,22,1.61449,0.97,0.768535,1,0.5,4950,575
5525,2772.75,ga_tcheby_proxy,mesh9,7,5,0,"[7-4-5]",2,42,3.21103,0.97,0.769784,2,0.5,4951,575
5526,2772.85,ga_tcheby_proxy,mesh9,2,0,0,"[2-1-0]",2,44,3.22898,0.97,0.766849,2,0.5,4952,575
5527,2772.97,ga_tcheby_proxy,mesh9,8,0,0,"[8-7-6-3-0]",4,84,6.42205,0.97,0.765568,4,0.5,4953,575
5528,2773.09,ga_tcheby_proxy,mesh9,7,8,0,"[7-8]",1,22,1.61449,0.97,0.770609,1,0.5,4954,575
5529,2773.42,ga_tcheby_proxy,mesh9,2,5,0,"[2-5]",1,20,1.59654,0.975,0.77102,1,0.5,4955,575
5530,2773.96,ga_tcheby_proxy,mesh9,1,6,0,"[1-0-3-6]",3,62,4.80756,0.97,0.770197,3,0.5,4956,575
5531,2774.43,ga_tcheby_proxy,mesh9,5,7,0,"[5-8-7]",2,42,3.21103,0.97,0.763401,2,0.5,4957,575
5532,2774.5,ga_tcheby_proxy,mesh9,3,2,0,"[3-4-5-2]",3,64,4.87162,0.941922,0.770197,3,0.5,4958,575
5533,2775.02,ga_tcheby_proxy,mesh9,4,3,0,"[4-3]",1,22,1.61449,0.97,0.766849,1,0.5,4959,575
5534,2775.9,ga_tcheby_proxy,mesh9,4,0,0,"[4-3-0]",2,42,3.21103,0.97,0.767273,2,0.5,4960,575
5535,2776.82,ga_tcheby_proxy,mesh9,7,5,0,"[7-4-5]",2,42,3.21103,0.97,0.770609,2,0.5,4961,575
5536,2777.61,ga_tcheby_proxy,mesh9,3,2,0,"[3-4-1-2]",3,64,4.82552,0.97,0.769784,3,0.5,4962,575
5537,2777.92,ga_tcheby_proxy,mesh9,4,0,0,"[4-1-0]",2,42,3.21103,0.97,0.767695,2,0.5,4963,575
5538,2778.17,ga_tcheby_proxy,mesh9,2,7,0,"[2-5-8-7]",3,62,4.80756,0.97,0.771429,3,0.5,4964,575
5539,2778.2,ga_tcheby_proxy,mesh9,8,3,1,"[]",0,0,0,0,0,0,0.5,4964,576
5540,2778.46,ga_tcheby_proxy,mesh9,0,5,0,"[0-3-4-5]",3,64,4.82552,0.97,0.77102,3,0.5,4965,576
5541,2778.51,ga_tcheby_proxy,mesh9,4,1,1,"[]",0,0,0,0,0,0,0.5,4965,577
5542,2780,ga_tcheby_proxy,mesh9,5,3,0,"[5-4-3]",2,44,3.22898,0.97,0.767695,2,0.5,4966,577
5543,2781.96,ga_tcheby_proxy,mesh9,5,4,0,"[5-4]",1,22,1.61449,0.97,0.761194,1,0.5,4967,577
5544,2782.29,ga_tcheby_proxy,mesh9,5,7,0,"[5-8-7]",2,42,3.21103,0.97,0.764273,2,0.5,4968,577
5545,2782.75,ga_tcheby_proxy,mesh9,8,7,0,"[8-7]",1,22,1.61449,0.97,0.756654,1,0.5,4969,577
5546,2782.94,ga_tcheby_proxy,mesh9,3,7,0,"[3-6-7]",2,42,3.21103,0.97,0.767273,2,0.5,4970,577
5547,2783.06,ga_tcheby_proxy,mesh9,0,4,0,"[0-3-4]",2,42,3.21103,0.97,0.77102,2,0.5,4971,577
5548,2783.43,ga_tcheby_proxy,mesh9,8,2,0,"[8-5-2]",2,40,3.19307,0.975,0.748031,2,0.5,4972,577
5549,2783.78,ga_tcheby_proxy,mesh9,5,7,0,"[5-8-7]",2,42,3.21103,0.97,0.764706,2,0.5,4973,577
5550,2784.55,ga_tcheby_proxy,mesh9,7,8,0,"[7-8]",1,22,1.61449,0.97,0.77102,1,0.5,4974,577
5551,2785.01,ga_tcheby_proxy,mesh9,8,2,0,"[8-5-2]",2,40,3.19307,0.975,0.748527,2,0.5,4975,577
5552,2785.39,ga_tcheby_proxy,mesh9,3,7,0,"[3-6-7]",2,42,3.21103,0.97,0.767695,2,0.5,4976,577
5553,2785.42,ga_tcheby_proxy,mesh9,3,4,1,"[]",0,0,0,0,0,0,0.5,4976,578
5554,2785.47,ga_tcheby_proxy,mesh9,4,3,1,"[]",0,0,0,0,0,0,0.5,4976,579
5555,2785.84,ga_tcheby_proxy,mesh9,2,8,0,"[2-5-8]",2,40,3.19307,0.975,0.771836,2,0.5,4977,579
5556,2786.03,ga_tcheby_proxy,mesh9,1,2,0,"[1-2]",1,22,1.61449,0.97,0.770197,1,0.5,4978,579
5557,2788.21,ga_tcheby_proxy,mesh9,7,3,0,"[7-6-3]",2,42,3.21103,0.97,0.765568,2,0.5,4979,579
5558,2788.23,ga_tcheby_proxy,mesh9,0,8,1,"[]",0,0,0,0,0,0,0.5,4979,580
5559,2788.59,ga_tcheby_proxy,mesh9,4,2,0,"[4-1-2]",2,42,3.21103,0.97,0.770609,2,0.5,4980,580
5560,2789.3,ga_tcheby_proxy,mesh9,6,8,0,"[6-7-8]",2,44,3.22898,0.97,0.771429,2,0.5,4981,580
5561,2789.53,ga_tcheby_proxy,mesh9,0,8,0,"[0-3-4-5-8]",4,84,6.42205,0.97,0.771429,4,0.5,4982,580
5562,2791.41,ga_tcheby_proxy,mesh9,0,3,0,"[0-3]",1,20,1.59654,0.975,0.771836,1,0.5,4983,580
5563,2791.99,ga_tcheby_proxy,mesh9,4,0,0,"[4-1-0]",2,42,3.21103,0.97,0.768116,2,0.5,4984,580
5564,2792.04,ga_tcheby_proxy,mesh9,1,7,1,"[]",0,0,0,0,0,0,0.5,4984,581
5565,2792.78,ga_tcheby_proxy,mesh9,5,8,0,"[5-8]",1,20,1.59654,0.975,0.765996,1,0.5,4985,581
5566,2793.17,ga_tcheby_proxy,mesh9,7,2,0,"[7-4-1-2]",3,62,4.80756,0.97,0.77102,3,0.5,4986,581
5567,2793.18,ga_tcheby_proxy,mesh9,8,6,1,"[]",0,0,0,0,0,0,0.5,4986,582
5568,2793.61,ga_tcheby_proxy,mesh9,3,8,0,"[3-6-7-8]",3,64,4.82552,0.97,0.771836,3,0.5,4987,582
5569,2793.76,ga_tcheby_proxy,mesh9,2,4,0,"[2-1-4]",2,42,3.21103,0.97,0.771429,2,0.5,4988,582
5570,2793.87,ga_tcheby_proxy,mesh9,1,0,0,"[1-0]",1,22,1.61449,0.97,0.768535,1,0.5,4989,582
5571,2794.28,ga_tcheby_proxy,mesh9,8,3,0,"[8-7-6-3]",3,64,4.82552,0.97,0.765996,3,0.5,4990,582
5572,2794.9,ga_tcheby_proxy,mesh9,0,6,0,"[0-3-6]",2,40,3.19307,0.975,0.772242,2,0.5,4991,582
5573,2794.94,ga_tcheby_proxy,mesh9,5,4,1,"[]",0,0,0,0,0,0,0.5,4991,583
5574,2795.15,ga_tcheby_proxy,mesh9,6,0,0,"[6-3-0]",2,40,3.19307,0.975,0.766423,2,0.5,4992,583
5575,2795.23,ga_tcheby_proxy,mesh9,6,2,0,"[6-3-4-1-2]",4,84,6.42205,0.97,0.771429,4,0.5,4993,583
5576,2795.26,ga_tcheby_proxy,mesh9,2,0,1,"[]",0,0,0,0,0,0,0.5,4993,584
5577,2795.39,ga_tcheby_proxy,mesh9,2,1,0,"[2-1]",1,22,1.61449,0.97,0.765568,1,0.5,4994,584
5578,2795.76,ga_tcheby_proxy,mesh9,1,2,0,"[1-2]",1,22,1.61449,0.97,0.771836,1,0.5,4995,584
5579,2795.76,ga_tcheby_proxy,mesh9,1,7,0,"[1-4-7]",2,40,3.24537,0.958613,0.774597,2,0.5,4996,584
5580,2796.12,ga_tcheby_proxy,mesh9,2,5,0,"[2-5]",1,20,1.59654,0.975,0.772242,1,0.5,4997,584
5581,2797.19,ga_tcheby_proxy,mesh9,1,2,0,"[1-2]",1,22,1.61449,0.97,0.772242,1,0.5,4998,584
5582,2797.26,ga_tcheby_proxy,mesh9,6,4,0,"[6-7-4]",2,42,3.21103,0.97,0.768953,2,0.5,4999,584
5583,2797.63,ga_tcheby_proxy,mesh9,0,6,0,"[0-3-6]",2,40,3.19307,0.975,0.772647,2,0.5,5000,584
5584,2798.69,ga_tcheby_proxy,mesh9,2,3,0,"[2-1-4-3]",3,64,4.82552,0.97,0.772242,3,0.5,5001,584
5585,2799.32,ga_tcheby_proxy,mesh9,1,2,0,"[1-2]",1,22,1.61449,0.97,0.772647,1,0.5,5002,584
5586,2799.34,ga_tcheby_proxy,mesh9,5,3,1,"[]",0,0,0,0,0,0,0.5,5002,585
5587,2799.43,ga_tcheby_proxy,mesh9,8,6,0,"[8-7-6]",2,44,3.22898,0.97,0.762082,2,0.5,5003,585
5588,2799.82,ga_tcheby_proxy,mesh9,4,3,0,"[4-3]",1,22,1.61449,0.97,0.768535,1,0.5,5004,585
5589,2800.66,ga_tcheby_proxy,mesh9,1,6,0,"[1-4-3-6]",3,62,4.80756,0.97,0.772647,3,0.5,5005,585
5590,2800.84,ga_tcheby_proxy,mesh9,5,3,0,"[5-4-3]",2,44,3.22898,0.97,0.769369,2,0.5,5006,585
5591,2800.86,ga_tcheby_proxy,mesh9,3,4,1,"[]",0,0,0,0,0,0,0.5,5006,586
5592,2801.32,ga_tcheby_proxy,mesh9,7,0,0,"[7-6-3-0]",3,62,4.80756,0.97,0.767273,3,0.5,5007,586
5593,2801.42,ga_tcheby_proxy,mesh9,7,4,0,"[7-4]",1,20,1.59654,0.975,0.762963,1,0.5,5008,586
5594,2801.52,ga_tcheby_proxy,mesh9,1,7,0,"[1-4-7]",2,40,3.19307,0.975,0.77305,2,0.5,5009,586
5595,2801.54,ga_tcheby_proxy,mesh9,8,4,1,"[]",0,0,0,0,0,0,0.5,5009,587
5596,2802.05,ga_tcheby_proxy,mesh9,0,8,0,"[0-3-6-7-8]",4,84,6.42205,0.97,0.77305,4,0.5,5010,587
5597,2802.63,ga_tcheby_proxy,mesh9,2,8,0,"[2-5-8]",2,40,3.19307,0.975,0.772647,2,0.5,5011,587
5598,2802.66,ga_tcheby_proxy,mesh9,0,8,1,"[]",0,0,0,0,0,0,0.5,5011,588
5599,2803.13,ga_tcheby_proxy,mesh9,8,3,0,"[8-7-6-3]",3,64,4.82552,0.97,0.767695,3,0.5,5012,588
5600,2803.22,ga_tcheby_proxy,mesh9,2,6,0,"[2-5-8-7-6]",4,84,6.42205,0.97,0.77305,4,0.5,5013,588
5601,2803.56,ga_tcheby_proxy,mesh9,7,6,0,"[7-6]",1,22,1.61449,0.97,0.763838,1,0.5,5014,588
5602,2803.78,ga_tcheby_proxy,mesh9,8,7,0,"[8-7]",1,22,1.61449,0.97,0.759398,1,0.5,5015,588
5603,2803.87,ga_tcheby_proxy,mesh9,5,8,0,"[5-8]",1,20,1.59654,0.975,0.767273,1,0.5,5016,588
5604,2804.43,ga_tcheby_proxy,mesh9,0,1,0,"[0-1]",1,22,1.61449,0.97,0.751456,1,0.5,5017,588
5605,2804.53,ga_tcheby_proxy,mesh9,2,1,0,"[2-1]",1,22,1.61449,0.97,0.766423,1,0.5,5018,588
5606,2805.2,ga_tcheby_proxy,mesh9,6,7,0,"[6-7]",1,22,1.61449,0.97,0.769784,1,0.5,5019,588
5607,2805.45,ga_tcheby_proxy,mesh9,5,8,0,"[5-8]",1,20,1.59654,0.975,0.767695,1,0.5,5020,588
5608,2805.96,ga_tcheby_proxy,mesh9,8,3,0,"[8-7-6-3]",3,64,4.82552,0.97,0.768116,3,0.5,5021,588
5609,2806.34,ga_tcheby_proxy,mesh9,8,3,0,"[8-7-6-3]",3,64,4.82552,0.97,0.768535,3,0.5,5022,588
5610,2806.35,ga_tcheby_proxy,mesh9,7,1,1,"[]",0,0,0,0,0,0,0.5,5022,589
5611,2806.35,ga_tcheby_proxy,mesh9,1,7,1,"[]",0,0,0,0,0,0,0.5,5022,590
5612,2806.76,ga_tcheby_proxy,mesh9,5,0,0,"[5-2-1-0]",3,64,4.82552,0.97,0.768953,3,0.5,5023,590
5613,2807.58,ga_tcheby_proxy,mesh9,4,5,0,"[4-5]",1,22,1.61449,0.97,0.771836,1,0.5,5024,590
5614,2808.75,ga_tcheby_proxy,mesh9,1,2,0,"[1-2]",1,22,1.61449,0.97,0.77305,1,0.5,5025,590
5615,2810.98,ga_tcheby_proxy,mesh9,6,4,0,"[6-7-4]",2,42,3.21103,0.97,0.770197,2,0.5,5026,590
5616,2811.57,ga_tcheby_proxy,mesh9,5,2,0,"[5-2]",1,20,1.59654,0.975,0.743487,1,0.5,5027,590
5617,2811.92,ga_tcheby_proxy,mesh9,4,8,0,"[4-5-8]",2,42,3.21103,0.97,0.772242,2,0.5,5028,590
5618,2811.94,ga_tcheby_proxy,mesh9,6,3,1,"[]",0,0,0,0,0,0,0.5,5028,591
5619,2811.96,ga_tcheby_proxy,mesh9,4,0,1,"[]",0,0,0,0,0,0,0.5,5028,592
5620,2812.43,ga_tcheby_proxy,mesh9,1,0,0,"[1-0]",1,22,1.61449,0.97,0.769369,1,0.5,5029,592
5621,2812.7,ga_tcheby_proxy,mesh9,6,5,0,"[6-3-4-5]",3,64,4.82552,0.97,0.772647,3,0.5,5030,592
5622,2812.87,ga_tcheby_proxy,mesh9,1,3,0,"[1-4-3]",2,42,3.21103,0.97,0.773451,2,0.5,5031,592
5623,2813.3,ga_tcheby_proxy,mesh9,3,6,0,"[3-6]",1,20,1.59654,0.975,0.7603,1,0.5,5032,592
5624,2815.24,ga_tcheby_proxy,mesh9,3,7,0,"[3-6-7]",2,42,3.21103,0.97,0.770609,2,0.5,5033,592
5625,2815.42,ga_tcheby_proxy,mesh9,6,1,0,"[6-3-0-1]",3,62,4.80756,0.97,0.769369,3,0.5,5034,592
5626,2815.51,ga_tcheby_proxy,mesh9,5,1,0,"[5-2-1]",2,42,3.21103,0.97,0.767273,2,0.5,5035,592
5627,2816.29,ga_tcheby_proxy,mesh9,5,3,0,"[5-4-3]",2,44,3.22898,0.97,0.770197,2,0.5,5036,592
5628,2816.4,ga_tcheby_proxy,mesh9,4,7,0,"[4-7]",1,20,1.59654,0.975,0.768535,1,0.5,5037,592
5629,2817.8,ga_tcheby_proxy,mesh9,3,0,0,"[3-0]",1,20,1.59654,0.975,0.767695,1,0.5,5038,592
5630,2818.21,ga_tcheby_proxy,mesh9,0,6,0,"[0-3-6]",2,40,3.19307,0.975,0.773451,2,0.5,5039,592
5631,2818.35,ga_tcheby_proxy,mesh9,2,6,0,"[2-5-4-7-6]",4,84,6.42205,0.97,0.773451,4,0.5,5040,592
5632,2819.11,ga_tcheby_proxy,mesh9,8,2,0,"[8-5-2]",2,40,3.19307,0.975,0.74902,2,0.5,5041,592
5633,2820.52,ga_tcheby_proxy,mesh9,0,8,0,"[0-1-4-7-8]",4,84,6.42205,0.97,0.773852,4,0.5,5042,592
5634,2820.78,ga_tcheby_proxy,mesh9,2,4,0,"[2-5-4]",2,42,3.21103,0.97,0.773852,2,0.5,5043,592
5635,2821.87,ga_tcheby_proxy,mesh9,0,3,0,"[0-3]",1,20,1.59654,0.975,0.773852,1,0.5,5044,592
5636,2821.89,ga_tcheby_proxy,mesh9,4,7,1,"[]",0,0,0,0,0,0,0.5,5044,593
5637,2823.24,ga_tcheby_proxy,mesh9,3,8,0,"[3-6-7-8]",3,64,4.82552,0.97,0.77305,3,0.5,5045,593
5638,2823.27,ga_tcheby_proxy,mesh9,6,1,1,"[]",0,0,0,0,0,0,0.5,5045,594
5639,2823.32,ga_tcheby_proxy,mesh9,1,3,1,"[]",0,0,0,0,0,0,0.5,5045,595
5640,2823.36,ga_tcheby_proxy,mesh9,0,1,1,"[]",0,0,0,0,0,0,0.5,5045,596
5641,2824.05,ga_tcheby_proxy,mesh9,6,4,0,"[6-7-4]",2,42,3.21103,0.97,0.771429,2,0.5,5046,596
5642,2824.5,ga_tcheby_proxy,mesh9,6,7,0,"[6-7]",1,22,1.61449,0.97,0.771836,1,0.5,5047,596
5643,2825.03,ga_tcheby_proxy,mesh9,7,0,0,"[7-4-1-0]",3,62,4.80756,0.97,0.769784,3,0.5,5048,596
5644,2825.61,ga_tcheby_proxy,mesh9,0,8,0,"[0-3-6-7-8]",4,84,6.42205,0.97,0.77425,4,0.5,5049,596
5645,2826,ga_tcheby_proxy,mesh9,5,0,0,"[5-2-1-0]",3,64,4.82552,0.97,0.770197,3,0.5,5050,596
5646,2826.75,ga_tcheby_proxy,mesh9,6,8,0,"[6-7-8]",2,44,3.22898,0.97,0.773852,2,0.5,5051,596
5647,2827.38,ga_tcheby_proxy,mesh9,8,7,0,"[8-7]",1,22,1.61449,0.97,0.760748,1,0.5,5052,596
5648,2827.46,ga_tcheby_proxy,mesh9,0,8,0,"[0-1-4-7-8]",4,84,6.42205,0.97,0.77425,4,0.5,5053,596
5649,2827.71,ga_tcheby_proxy,mesh9,7,5,0,"[7-4-5]",2,42,3.21103,0.97,0.77305,2,0.5,5054,596
5650,2828.35,ga_tcheby_proxy,mesh9,4,6,0,"[4-7-6]",2,42,3.21103,0.97,0.770197,2,0.5,5055,596
5651,2828.96,ga_tcheby_proxy,mesh9,3,7,0,"[3-4-7]",2,42,3.21103,0.97,0.771836,2,0.5,5056,596
5652,2829.09,ga_tcheby_proxy,mesh9,3,7,0,"[3-4-7]",2,42,3.21103,0.97,0.772242,2,0.5,5057,596
5653,2829.26,ga_tcheby_proxy,mesh9,2,0,0,"[2-1-0]",2,44,3.22898,0.97,0.770609,2,0.5,5058,596
5654,2829.55,ga_tcheby_proxy,mesh9,1,2,0,"[1-2]",1,22,1.61449,0.97,0.773451,1,0.5,5059,596
5655,2829.66,ga_tcheby_proxy,mesh9,5,1,0,"[5-4-1]",2,42,3.21103,0.97,0.767695,2,0.5,5060,596
5656,2830.36,ga_tcheby_proxy,mesh9,6,1,0,"[6-3-0-1]",3,62,4.80756,0.97,0.769784,3,0.5,5061,596
5657,2830.42,ga_tcheby_proxy,mesh9,3,6,0,"[3-6]",1,20,1.67724,0.926403,0.762523,1,0.5,5062,596
5658,2830.71,ga_tcheby_proxy,mesh9,0,7,0,"[0-3-4-7]",3,62,4.80756,0.97,0.774648,3,0.5,5063,596
5659,2831.47,ga_tcheby_proxy,mesh9,2,5,0,"[2-5]",1,20,1.59654,0.975,0.77425,1,0.5,5064,596
5660,2831.8,ga_tcheby_proxy,mesh9,5,6,0,"[5-8-7-6]",3,64,4.82552,0.97,0.768535,3,0.5,5065,596
5661,2832.86,ga_tcheby_proxy,mesh9,0,7,0,"[0-1-4-7]",3,62,4.80756,0.97,0.774648,3,0.5,5066,596
5662,2834.01,ga_tcheby_proxy,mesh9,7,4,0,"[7-4]",1,20,1.59654,0.975,0.765138,1,0.5,5067,596
5663,2834.07,ga_tcheby_proxy,mesh9,5,0,1,"[]",0,0,0,0,0,0,0.5,5067,597
5664,2834.38,ga_tcheby_proxy,mesh9,7,3,0,"[7-6-3]",2,42,3.21103,0.97,0.770197,2,0.5,5068,597
5665,2834.51,ga_tcheby_proxy,mesh9,1,4,0,"[1-4]",1,20,1.59654,0.975,0.775044,1,0.5,5069,597
5666,2834.55,ga_tcheby_proxy,mesh9,4,8,1,"[]",0,0,0,0,0,0,0.5,5069,598
5667,2834.78,ga_tcheby_proxy,mesh9,4,8,0,"[4-5-8]",2,42,3.21103,0.97,0.773451,2,0.5,5070,598
5668,2835.68,ga_tcheby_proxy,mesh9,7,4,0,"[7-4]",1,20,1.59654,0.975,0.765568,1,0.5,5071,598
5669,2836.01,ga_tcheby_proxy,mesh9,3,4,0,"[3-4]",1,22,1.61449,0.97,0.77305,1,0.5,5072,598
5670,2836.62,ga_tcheby_proxy,mesh9,7,4,0,"[7-4]",1,20,1.59654,0.975,0.765996,1,0.5,5073,598
5671,2838.35,ga_tcheby_proxy,mesh9,8,7,0,"[8-7]",1,22,1.61449,0.97,0.761639,1,0.5,5074,598
5672,2838.67,ga_tcheby_proxy,mesh9,2,7,0,"[2-5-4-7]",3,62,4.80756,0.97,0.774648,3,0.5,5075,598
5673,2838.99,ga_tcheby_proxy,mesh9,7,8,0,"[7-8]",1,22,1.61449,0.97,0.774648,1,0.5,5076,598
5674,2839.45,ga_tcheby_proxy,mesh9,3,7,0,"[3-6-7]",2,42,3.21103,0.97,0.77305,2,0.5,5077,598
5675,2840.06,ga_tcheby_proxy,mesh9,7,6,0,"[7-6]",1,22,1.61449,0.97,0.766849,1,0.5,5078,598
5676,2840.29,ga_tcheby_proxy,mesh9,3,2,0,"[3-0-1-2]",3,64,4.82552,0.97,0.773852,3,0.5,5079,598
5677,2840.73,ga_tcheby_proxy,mesh9,6,2,0,"[6-7-4-5-2]",4,84,6.42205,0.97,0.773852,4,0.5,5080,598
5678,2840.77,ga_tcheby_proxy,mesh9,3,7,1,"[]",0,0,0,0,0,0,0.5,5080,599
5679,2840.91,ga_tcheby_proxy,mesh9,1,5,0,"[1-2-5]",2,42,3.21103,0.97,0.775044,2,0.5,5081,599
5680,2841.15,ga_tcheby_proxy,mesh9,2,8,0,"[2-5-8]",2,40,3.19307,0.975,0.775439,2,0.5,5082,599
5681,2841.18,ga_tcheby_proxy,mesh9,5,6,1,"[]",0,0,0,0,0,0,0.5,5082,600
5682,2842.24,ga_tcheby_proxy,mesh9,1,2,0,"[1-2]",1,22,1.61449,0.97,0.774648,1,0.5,5083,600
5683,2842.87,ga_tcheby_proxy,mesh9,3,1,0,"[3-0-1]",2,42,3.21103,0.97,0.768953,2,0.5,5084,600
5684,2842.98,ga_tcheby_proxy,mesh9,2,4,0,"[2-1-4]",2,42,3.21103,0.97,0.775439,2,0.5,5085,600
5685,2844.24,ga_tcheby_proxy,mesh9,2,4,0,"[2-1-4]",2,42,3.21103,0.97,0.775832,2,0.5,5086,600
5686,2844.79,ga_tcheby_proxy,mesh9,8,5,0,"[8-5]",1,20,1.59654,0.975,0.749511,1,0.5,5087,600
5687,2845.77,ga_tcheby_proxy,mesh9,6,3,0,"[6-3]",1,20,1.59654,0.975,0.770609,1,0.5,5088,600
5688,2846.36,ga_tcheby_proxy,mesh9,4,3,0,"[4-3]",1,22,1.61449,0.97,0.770609,1,0.5,5089,600
5689,2846.38,ga_tcheby_proxy,mesh9,2,1,1,"[]",0,0,0,0,0,0,0.5,5089,601
5690,2847.08,ga_tcheby_proxy,mesh9,3,8,0,"[3-4-5-8]",3,64,4.82552,0.97,0.77425,3,0.5,5090,601
5691,2847.34,ga_tcheby_proxy,mesh9,8,2,0,"[8-5-2]",2,40,3.19307,0.975,0.75,2,0.5,5091,601
5692,2847.91,ga_tcheby_proxy,mesh9,6,2,0,"[6-3-4-5-2]",4,84,6.42205,0.97,0.774648,4,0.5,5092,601
5693,2848.06,ga_tcheby_proxy,mesh9,4,5,0,"[4-5]",1,22,1.61449,0.97,0.775044,1,0.5,5093,601
5694,2848.11,ga_tcheby_proxy,mesh9,6,7,1,"[]",0,0,0,0,0,0,0.5,5093,602
5695,2848.74,ga_tcheby_proxy,mesh9,0,5,0,"[0-3-4-5]",3,64,4.82552,0.97,0.775439,3,0.5,5094,602
5696,2848.82,ga_tcheby_proxy,mesh9,3,7,0,"[3-6-7]",2,42,3.21103,0.97,0.773852,2,0.5,5095,602
5697,2849.07,ga_tcheby_proxy,mesh9,3,7,0,"[3-6-7]",2,42,3.21103,0.97,0.77425,2,0.5,5096,602
5698,2850.26,ga_tcheby_proxy,mesh9,5,1,0,"[5-4-1]",2,42,3.21103,0.97,0.768116,2,0.5,5097,602
5699,2850.69,ga_tcheby_proxy,mesh9,2,0,0,"[2-1-0]",2,44,3.22898,0.97,0.77102,2,0.5,5098,602
5700,2850.81,ga_tcheby_proxy,mesh9,0,5,0,"[0-3-4-5]",3,64,4.82552,0.97,0.775832,3,0.5,5099,602
5701,2850.87,ga_tcheby_proxy,mesh9,3,6,1,"[]",0,0,0,0,0,0,0.5,5099,603
5702,2851.14,ga_tcheby_proxy,mesh9,1,6,0,"[1-0-3-6]",3,62,4.80756,0.97,0.775832,3,0.5,5100,603
5703,2851.15,ga_tcheby_proxy,mesh9,4,7,1,"[]",0,0,0,0,0,0,0.5,5100,604
5704,2852.28,ga_tcheby_proxy,mesh9,7,4,0,"[7-4]",1,20,1.59654,0.975,0.766849,1,0.5,5101,604
5705,2852.4,ga_tcheby_proxy,mesh9,2,6,0,"[2-5-8-7-6]",4,84,6.42205,0.97,0.775832,4,0.5,5102,604
5706,2852.74,ga_tcheby_proxy,mesh9,7,3,0,"[7-4-3]",2,42,3.21103,0.97,0.77102,2,0.5,5103,604
5707,2853.78,ga_tcheby_proxy,mesh9,4,1,0,"[4-1]",1,20,1.59654,0.975,0.768535,1,0.5,5104,604
5708,2853.89,ga_tcheby_proxy,mesh9,2,8,0,"[2-5-8]",2,40,3.19307,0.975,0.776224,2,0.5,5105,604
5709,2854.58,ga_tcheby_proxy,mesh9,1,2,0,"[1-2]",1,22,1.61449,0.97,0.775044,1,0.5,5106,604
5710,2854.62,ga_tcheby_proxy,mesh9,4,2,1,"[]",0,0,0,0,0,0,0.5,5106,605
5711,2854.75,ga_tcheby_proxy,mesh9,2,8,0,"[2-5-8]",2,40,3.19307,0.975,0.776614,2,0.5,5107,605
5712,2855.23,ga_tcheby_proxy,mesh9,3,0,0,"[3-0]",1,20,1.59654,0.975,0.769369,1,0.5,5108,605
5713,2855.51,ga_tcheby_proxy,mesh9,6,4,0,"[6-7-4]",2,42,3.21103,0.97,0.774648,2,0.5,5109,605
5714,2855.65,ga_tcheby_proxy,mesh9,2,7,0,"[2-1-4-7]",3,62,4.80756,0.97,0.776224,3,0.5,5110,605
5715,2855.81,ga_tcheby_proxy,mesh9,8,7,0,"[8-7]",1,22,1.61449,0.97,0.762523,1,0.5,5111,605
5716,2855.95,ga_tcheby_proxy,mesh9,2,8,0,"[2-5-8]",2,40,3.19307,0.975,0.777003,2,0.5,5112,605
5717,2856.6,ga_tcheby_proxy,mesh9,1,7,0,"[1-4-7]",2,40,3.19307,0.975,0.776614,2,0.5,5113,605
5718,2857.36,ga_tcheby_proxy,mesh9,3,5,0,"[3-4-5]",2,44,3.22898,0.97,0.776224,2,0.5,5114,605
5719,2858.98,ga_tcheby_proxy,mesh9,0,8,0,"[0-3-4-7-8]",4,84,6.42205,0.97,0.776224,4,0.5,5115,605
5720,2859.61,ga_tcheby_proxy,mesh9,5,0,0,"[5-4-3-0]",3,64,4.82552,0.97,0.771429,3,0.5,5116,605
5721,2859.97,ga_tcheby_proxy,mesh9,0,8,0,"[0-3-4-7-8]",4,84,6.42205,0.97,0.776614,4,0.5,5117,605
5722,2861.06,ga_tcheby_proxy,mesh9,3,5,0,"[3-4-5]",2,44,3.22898,0.97,0.776614,2,0.5,5118,605
5723,2861.07,ga_tcheby_proxy,mesh9,7,1,1,"[]",0,0,0,0,0,0,0.5,5118,606
5724,2862.17,ga_tcheby_proxy,mesh9,3,8,0,"[3-6-7-8]",3,64,4.82552,0.97,0.775832,3,0.5,5119,606
5725,2863.16,ga_tcheby_proxy,mesh9,4,8,0,"[4-7-8]",2,42,3.21103,0.97,0.776224,2,0.5,5120,606
5726,2863.28,ga_tcheby_proxy,mesh9,6,2,0,"[6-7-4-1-2]",4,84,6.42205,0.97,0.775439,4,0.5,5121,606
5727,2864.02,ga_tcheby_proxy,mesh9,6,1,0,"[6-3-0-1]",3,62,4.80756,0.97,0.771429,3,0.5,5122,606
5728,2864.08,ga_tcheby_proxy,mesh9,1,5,0,"[1-4-7-8-5]",4,82,6.5872,0.902751,0.777003,4,0.5,5123,606
5729,2864.97,ga_tcheby_proxy,mesh9,0,3,0,"[0-3]",1,20,1.59654,0.975,0.777003,1,0.5,5124,606
5730,2865.32,ga_tcheby_proxy,mesh9,1,3,0,"[1-4-3]",2,42,3.21103,0.97,0.777391,2,0.5,5125,606
5731,2865.57,ga_tcheby_proxy,mesh9,3,5,0,"[3-4-5]",2,44,3.22898,0.97,0.777003,2,0.5,5126,606
5732,2865.71,ga_tcheby_proxy,mesh9,4,8,0,"[4-7-8]",2,42,3.21103,0.97,0.777003,2,0.5,5127,606
5733,2865.78,ga_tcheby_proxy,mesh9,2,0,0,"[2-1-0]",2,44,3.30207,0.926226,0.771836,2,0.5,5128,606
5734,2866.23,ga_tcheby_proxy,mesh9,7,0,0,"[7-6-3-0]",3,62,4.80756,0.97,0.771836,3,0.5,5129,606
5735,2866.65,ga_tcheby_proxy,mesh9,5,3,0,"[5-4-3]",2,44,3.22898,0.97,0.772242,2,0.5,5130,606
5736,2866.97,ga_tcheby_proxy,mesh9,7,8,0,"[7-8]",1,22,1.61449,0.97,0.777391,1,0.5,5131,606
5737,2867.51,ga_tcheby_proxy,mesh9,3,5,0,"[3-4-5]",2,44,3.22898,0.97,0.777391,2,0.5,5132,606
5738,2868.55,ga_tcheby_proxy,mesh9,3,2,0,"[3-0-1-2]",3,64,4.82552,0.97,0.775832,3,0.5,5133,606
5739,2869.02,ga_tcheby_proxy,mesh9,3,1,0,"[3-0-1]",2,42,3.21103,0.97,0.771429,2,0.5,5134,606
5740,2869.55,ga_tcheby_proxy,mesh9,0,7,0,"[0-3-4-7]",3,62,4.80756,0.97,0.777391,3,0.5,5135,606
5741,2869.88,ga_tcheby_proxy,mesh9,3,0,0,"[3-0]",1,20,1.59654,0.975,0.771836,1,0.5,5136,606
5742,2870.46,ga_tcheby_proxy,mesh9,2,6,0,"[2-5-4-7-6]",4,84,6.42205,0.97,0.777391,4,0.5,5137,606
5743,2871.06,ga_tcheby_proxy,mesh9,0,5,0,"[0-3-4-5]",3,64,4.82552,0.97,0.777778,3,0.5,5138,606
5744,2871.67,ga_tcheby_proxy,mesh9,1,7,0,"[1-4-7]",2,40,3.19307,0.975,0.777778,2,0.5,5139,606
5745,2872.02,ga_tcheby_proxy,mesh9,0,8,0,"[0-1-2-5-8]",4,84,6.42205,0.97,0.777778,4,0.5,5140,606
5746,2872.18,ga_tcheby_proxy,mesh9,2,5,0,"[2-5]",1,20,1.59654,0.975,0.778163,1,0.5,5141,606
5747,2872.9,ga_tcheby_proxy,mesh9,8,2,0,"[8-5-2]",2,40,3.19307,0.975,0.750973,2,0.5,5142,606
5748,2873.39,ga_tcheby_proxy,mesh9,6,0,0,"[6-3-0]",2,40,3.19307,0.975,0.772242,2,0.5,5143,606
5749,2873.58,ga_tcheby_proxy,mesh9,2,5,0,"[2-5]",1,20,1.59654,0.975,0.778547,1,0.5,5144,606
5750,2874.04,ga_tcheby_proxy,mesh9,8,3,0,"[8-7-6-3]",3,64,4.82552,0.97,0.772647,3,0.5,5145,606
5751,2874.55,ga_tcheby_proxy,mesh9,8,4,0,"[8-5-4]",2,42,3.21103,0.97,0.765996,2,0.5,5146,606
5752,2875.85,ga_tcheby_proxy,mesh9,4,2,0,"[4-1-2]",2,42,3.21103,0.97,0.776614,2,0.5,5147,606
5753,2876.92,ga_tcheby_proxy,mesh9,4,5,0,"[4-5]",1,22,1.61449,0.97,0.778163,1,0.5,5148,606
5754,2877.18,ga_tcheby_proxy,mesh9,0,3,0,"[0-3]",1,20,1.59654,0.975,0.778163,1,0.5,5149,606
5755,2877.59,ga_tcheby_proxy,mesh9,4,5,0,"[4-5]",1,22,1.61449,0.97,0.778547,1,0.5,5150,606
5756,2877.99,ga_tcheby_proxy,mesh9,1,0,0,"[1-0]",1,22,1.61449,0.97,0.772242,1,0.5,5151,606
5757,2878.07,ga_tcheby_proxy,mesh9,3,1,0,"[3-4-1]",2,42,3.21103,0.97,0.778163,2,0.5,5152,606
5758,2878.07,ga_tcheby_proxy,mesh9,6,3,1,"[]",0,0,0,0,0,0,0.5,5152,607
5759,2878.68,ga_tcheby_proxy,mesh9,1,3,0,"[1-4-3]",2,42,3.21103,0.97,0.778163,2,0.5,5153,607
5760,2879.75,ga_tcheby_proxy,mesh9,8,3,0,"[8-5-4-3]",3,64,4.82552,0.97,0.77305,3,0.5,5154,607
5761,2880.36,ga_tcheby_proxy,mesh9,4,3,0,"[4-3]",1,22,1.61449,0.97,0.773451,1,0.5,5155,607
5762,2881.07,ga_tcheby_proxy,mesh9,6,7,0,"[6-7]",1,22,1.61449,0.97,0.775832,1,0.5,5156,607
5763,2881.36,ga_tcheby_proxy,mesh9,5,2,0,"[5-2]",1,20,1.59654,0.975,0.747535,1,0.5,5157,607
5764,2881.85,ga_tcheby_proxy,mesh9,5,7,0,"[5-8-7]",2,42,3.21103,0.97,0.772242,2,0.5,5158,607
5765,2881.97,ga_tcheby_proxy,mesh9,3,0,0,"[3-0]",1,20,1.59654,0.975,0.772647,1,0.5,5159,607
5766,2882.48,ga_tcheby_proxy,mesh9,8,6,0,"[8-7-6]",2,44,3.22898,0.97,0.768953,2,0.5,5160,607
5767,2882.83,ga_tcheby_proxy,mesh9,7,3,0,"[7-6-3]",2,42,3.21103,0.97,0.77305,2,0.5,5161,607
5768,2882.95,ga_tcheby_proxy,mesh9,7,6,0,"[7-6]",1,22,1.61449,0.97,0.769784,1,0.5,5162,607
5769,2885.41,ga_tcheby_proxy,mesh9,3,4,0,"[3-4]",1,22,1.61449,0.97,0.778547,1,0.5,5163,607
5770,2885.53,ga_tcheby_proxy,mesh9,2,5,0,"[2-5]",1,20,1.59654,0.975,0.778929,1,0.5,5164,607
5771,2885.91,ga_tcheby_proxy,mesh9,1,2,0,"[1-2]",1,22,1.61449,0.97,0.777003,1,0.5,5165,607
5772,2886.86,ga_tcheby_proxy,mesh9,7,5,0,"[7-8-5]",2,42,3.21103,0.97,0.777778,2,0.5,5166,607
5773,2888.3,ga_tcheby_proxy,mesh9,7,1,0,"[7-4-1]",2,40,3.19307,0.975,0.770197,2,0.5,5167,607
5774,2888.61,ga_tcheby_proxy,mesh9,8,4,0,"[8-5-4]",2,42,3.21103,0.97,0.766849,2,0.5,5168,607
5775,2888.74,ga_tcheby_proxy,mesh9,1,3,0,"[1-0-3]",2,42,3.21103,0.97,0.778547,2,0.5,5169,607
5776,2889.21,ga_tcheby_proxy,mesh9,2,7,0,"[2-1-4-7]",3,62,4.80756,0.97,0.778547,3,0.5,5170,607
5777,2890.37,ga_tcheby_proxy,mesh9,8,4,0,"[8-5-4]",2,42,3.21103,0.97,0.767273,2,0.5,5171,607
5778,2890.85,ga_tcheby_proxy,mesh9,8,6,0,"[8-7-6]",2,44,3.22898,0.97,0.770197,2,0.5,5172,607
5779,2891.21,ga_tcheby_proxy,mesh9,1,0,0,"[1-0]",1,22,1.61449,0.97,0.77305,1,0.5,5173,607
5780,2891.34,ga_tcheby_proxy,mesh9,2,0,0,"[2-1-0]",2,44,3.22898,0.97,0.773451,2,0.5,5174,607
5781,2891.53,ga_tcheby_proxy,mesh9,3,4,0,"[3-4]",1,22,1.61449,0.97,0.778929,1,0.5,5175,607
5782,2893.85,ga_tcheby_proxy,mesh9,6,2,0,"[6-3-0-1-2]",4,84,6.42205,0.97,0.777391,4,0.5,5176,607
5783,2894.36,ga_tcheby_proxy,mesh9,2,1,0,"[2-1]",1,22,1.61449,0.97,0.771429,1,0.5,5177,607
5784,2894.68,ga_tcheby_proxy,mesh9,6,4,0,"[6-7-4]",2,42,3.21103,0.97,0.776224,2,0.5,5178,607
5785,2895.98,ga_tcheby_proxy,mesh9,8,7,0,"[8-7]",1,22,1.61449,0.97,0.764706,1,0.5,5179,607
5786,2896.09,ga_tcheby_proxy,mesh9,0,7,0,"[0-3-6-7]",3,62,4.80756,0.97,0.778929,3,0.5,5180,607
5787,2896.4,ga_tcheby_proxy,mesh9,2,7,0,"[2-1-4-7]",3,62,4.80756,0.97,0.778929,3,0.5,5181,607
5788,2896.41,ga_tcheby_proxy,mesh9,4,7,1,"[]",0,0,0,0,0,0,0.5,5181,608
5789,2896.59,ga_tcheby_proxy,mesh9,5,3,0,"[5-4-3]",2,44,3.22898,0.97,0.773852,2,0.5,5182,608
5790,2896.62,ga_tcheby_proxy,mesh9,6,4,1,"[]",0,0,0,0,0,0,0.5,5182,609
5791,2897.98,ga_tcheby_proxy,mesh9,8,4,0,"[8-5-4]",2,42,3.21103,0.97,0.768116,2,0.5,5183,609
5792,2898.31,ga_tcheby_proxy,mesh9,2,0,0,"[2-1-0]",2,44,3.22898,0.97,0.773852,2,0.5,5184,609
5793,2899.11,ga_tcheby_proxy,mesh9,2,7,0,"[2-5-4-7]",3,62,4.80756,0.97,0.77931,3,0.5,5185,609
5794,2899.44,ga_tcheby_proxy,mesh9,6,5,0,"[6-7-8-5]",3,64,4.82552,0.97,0.778163,3,0.5,5186,609
5795,2899.87,ga_tcheby_proxy,mesh9,8,1,0,"[8-7-4-1]",3,62,4.80756,0.97,0.770609,3,0.5,5187,609
5796,2900.43,ga_tcheby_proxy,mesh9,5,3,0,"[5-4-3]",2,44,3.22898,0.97,0.77425,2,0.5,5188,609
5797,2900.45,ga_tcheby_proxy,mesh9,6,4,1,"[]",0,0,0,0,0,0,0.5,5188,610
5798,2900.5,ga_tcheby_proxy,mesh9,8,4,1,"[]",0,0,0,0,0,0,0.5,5188,611
5799,2901.38,ga_tcheby_proxy,mesh9,1,0,0,"[1-0]",1,22,1.61449,0.97,0.77425,1,0.5,5189,611
5800,2901.92,ga_tcheby_proxy,mesh9,0,3,0,"[0-3]",1,20,1.59654,0.975,0.77931,1,0.5,5190,611
5801,2902.41,ga_tcheby_proxy,mesh9,8,5,0,"[8-5]",1,20,1.59654,0.975,0.754789,1,0.5,5191,611
5802,2902.46,ga_tcheby_proxy,mesh9,0,6,1,"[]",0,0,0,0,0,0,0.5,5191,612
5803,2903.29,ga_tcheby_proxy,mesh9,7,6,0,"[7-6]",1,22,1.61449,0.97,0.770609,1,0.5,5192,612
5804,2903.41,ga_tcheby_proxy,mesh9,4,5,0,"[4-5]",1,22,1.61449,0.97,0.778929,1,0.5,5193,612
5805,2904.76,ga_tcheby_proxy,mesh9,6,4,0,"[6-7-4]",2,42,3.21103,0.97,0.777391,2,0.5,5194,612
5806,2904.87,ga_tcheby_proxy,mesh9,2,7,0,"[2-1-4-7]",3,62,4.80756,0.97,0.77931,3,0.5,5195,612
5807,2905.47,ga_tcheby_proxy,mesh9,4,6,0,"[4-3-6]",2,42,3.21103,0.97,0.774648,2,0.5,5196,612
5808,2906.71,ga_tcheby_proxy,mesh9,5,0,0,"[5-2-1-0]",3,64,4.82552,0.97,0.774648,3,0.5,5197,612
5809,2906.77,ga_tcheby_proxy,mesh9,6,1,0,"[6-7-4-1]",3,62,4.97613,0.904813,0.777778,3,0.5,5198,612
5810,2907.03,ga_tcheby_proxy,mesh9,1,4,0,"[1-4]",1,20,1.59654,0.975,0.77969,1,0.5,5199,612
5811,2907.11,ga_tcheby_proxy,mesh9,5,6,0,"[5-4-3-6]",3,64,4.82552,0.97,0.775044,3,0.5,5200,612
5812,2907.15,ga_tcheby_proxy,mesh9,3,8,1,"[]",0,0,0,0,0,0,0.5,5200,613
5813,2907.32,ga_tcheby_proxy,mesh9,1,6,0,"[1-0-3-6]",3,62,4.80756,0.97,0.77969,3,0.5,5201,613
5814,2907.33,ga_tcheby_proxy,mesh9,3,2,1,"[]",0,0,0,0,0,0,0.5,5201,614
5815,2907.62,ga_tcheby_proxy,mesh9,8,1,0,"[8-7-4-1]",3,62,4.80756,0.97,0.771429,3,0.5,5202,614
5816,2909.53,ga_tcheby_proxy,mesh9,6,5,0,"[6-7-8-5]",3,64,4.82552,0.97,0.778547,3,0.5,5203,614
5817,2909.85,ga_tcheby_proxy,mesh9,0,2,0,"[0-1-2]",2,44,3.22898,0.97,0.777778,2,0.5,5204,614
5818,2910.47,ga_tcheby_proxy,mesh9,1,5,0,"[1-2-5]",2,42,3.21103,0.97,0.77969,2,0.5,5205,614
5819,2911.12,ga_tcheby_proxy,mesh9,4,3,0,"[4-3]",1,22,1.61449,0.97,0.775439,1,0.5,5206,614
5820,2911.83,ga_tcheby_proxy,mesh9,1,4,0,"[1-4]",1,20,1.59654,0.975,0.780069,1,0.5,5207,614
5821,2911.99,ga_tcheby_proxy,mesh9,2,8,0,"[2-5-8]",2,40,3.19307,0.975,0.780069,2,0.5,5208,614
5822,2912.13,ga_tcheby_proxy,mesh9,7,3,0,"[7-6-3]",2,42,3.21103,0.97,0.773852,2,0.5,5209,614
5823,2912.59,ga_tcheby_proxy,mesh9,8,1,0,"[8-7-4-1]",3,62,4.80756,0.97,0.771836,3,0.5,5210,614
5824,2913.17,ga_tcheby_proxy,mesh9,1,4,0,"[1-4]",1,20,1.59654,0.975,0.780446,1,0.5,5211,614
5825,2913.59,ga_tcheby_proxy,mesh9,1,8,0,"[1-2-5-8]",3,62,4.80756,0.97,0.780446,3,0.5,5212,614
5826,2914.38,ga_tcheby_proxy,mesh9,8,0,0,"[8-7-6-3-0]",4,84,6.42205,0.97,0.77425,4,0.5,5213,614
5827,2914.87,ga_tcheby_proxy,mesh9,4,2,0,"[4-1-2]",2,42,3.21103,0.97,0.778929,2,0.5,5214,614
5828,2915.01,ga_tcheby_proxy,mesh9,8,2,0,"[8-5-2]",2,40,3.19307,0.975,0.755725,2,0.5,5215,614
5829,2915.34,ga_tcheby_proxy,mesh9,5,1,0,"[5-4-1]",2,42,3.21103,0.97,0.772647,2,0.5,5216,614
5830,2915.39,ga_tcheby_proxy,mesh9,6,2,1,"[]",0,0,0,0,0,0,0.5,5216,615
5831,2917.06,ga_tcheby_proxy,mesh9,6,4,0,"[6-7-4]",2,42,3.21103,0.97,0.778547,2,0.5,5217,615
5832,2917.27,ga_tcheby_proxy,mesh9,8,0,0,"[8-7-6-3-0]",4,84,6.42205,0.97,0.774648,4,0.5,5218,615
5833,2917.93,ga_tcheby_proxy,mesh9,0,4,0,"[0-3-4]",2,42,3.21103,0.97,0.780069,2,0.5,5219,615
5834,2918.11,ga_tcheby_proxy,mesh9,7,5,0,"[7-8-5]",2,42,3.21103,0.97,0.778929,2,0.5,5220,615
5835,2919.58,ga_tcheby_proxy,mesh9,6,2,0,"[6-7-4-1-2]",4,84,6.42205,0.97,0.77931,4,0.5,5221,615
5836,2920.19,ga_tcheby_proxy,mesh9,8,7,0,"[8-7]",1,22,1.61449,0.97,0.767273,1,0.5,5222,615
5837,2921.96,ga_tcheby_proxy,mesh9,5,0,0,"[5-4-1-0]",3,64,4.82552,0.97,0.775439,3,0.5,5223,615
5838,2922.45,ga_tcheby_proxy,mesh9,0,6,0,"[0-3-6]",2,40,3.19307,0.975,0.780446,2,0.5,5224,615
5839,2922.73,ga_tcheby_proxy,mesh9,5,6,0,"[5-8-7-6]",3,64,4.82552,0.97,0.773451,3,0.5,5225,615
5840,2923.21,ga_tcheby_proxy,mesh9,4,8,0,"[4-5-8]",2,42,3.21103,0.97,0.77931,2,0.5,5226,615
5841,2924.46,ga_tcheby_proxy,mesh9,7,4,0,"[7-4]",1,20,1.59654,0.975,0.772242,1,0.5,5227,615
5842,2925.59,ga_tcheby_proxy,mesh9,2,4,0,"[2-1-4]",2,42,3.21103,0.97,0.780822,2,0.5,5228,615
5843,2925.72,ga_tcheby_proxy,mesh9,0,6,0,"[0-3-6]",2,40,3.19307,0.975,0.780822,2,0.5,5229,615
5844,2925.92,ga_tcheby_proxy,mesh9,1,6,0,"[1-0-3-6]",3,62,4.80756,0.97,0.781197,3,0.5,5230,615
5845,2926.08,ga_tcheby_proxy,mesh9,2,7,0,"[2-5-4-7]",3,62,4.80756,0.97,0.780822,3,0.5,5231,615
5846,2926.94,ga_tcheby_proxy,mesh9,2,0,0,"[2-1-0]",2,44,3.22898,0.97,0.776224,2,0.5,5232,615
5847,2927.15,ga_tcheby_proxy,mesh9,0,4,0,"[0-1-4]",2,42,3.21103,0.97,0.781197,2,0.5,5233,615
5848,2927.62,ga_tcheby_proxy,mesh9,1,6,0,"[1-4-7-6]",3,62,4.80756,0.97,0.78157,3,0.5,5234,615
5849,2927.97,ga_tcheby_proxy,mesh9,6,7,0,"[6-7]",1,22,1.61449,0.97,0.77931,1,0.5,5235,615
5850,2928.06,ga_tcheby_proxy,mesh9,3,4,0,"[3-4]",1,22,1.61449,0.97,0.77969,1,0.5,5236,615
5851,2928.63,ga_tcheby_proxy,mesh9,7,2,0,"[7-8-5-2]",3,62,4.80756,0.97,0.77931,3,0.5,5237,615
5852,2929.79,ga_tcheby_proxy,mesh9,6,8,0,"[6-7-8]",2,44,3.22898,0.97,0.77969,2,0.5,5238,615
5853,2929.93,ga_tcheby_proxy,mesh9,6,3,0,"[6-3]",1,20,1.59654,0.975,0.775044,1,0.5,5239,615
5854,2930.43,ga_tcheby_proxy,mesh9,0,2,0,"[0-1-2]",2,44,3.22898,0.97,0.77969,2,0.5,5240,615
5855,2931.62,ga_tcheby_proxy,mesh9,8,5,0,"[8-5]",1,20,1.59654,0.975,0.757116,1,0.5,5241,615
5856,2932.04,ga_tcheby_proxy,mesh9,5,1,0,"[5-4-1]",2,42,3.21103,0.97,0.773852,2,0.5,5242,615
5857,2932.22,ga_tcheby_proxy,mesh9,8,7,0,"[8-7]",1,22,1.61449,0.97,0.768116,1,0.5,5243,615
5858,2932.39,ga_tcheby_proxy,mesh9,0,1,0,"[0-1]",1,22,1.61449,0.97,0.758945,1,0.5,5244,615
5859,2933.16,ga_tcheby_proxy,mesh9,4,2,0,"[4-5-2]",2,42,3.21103,0.97,0.77969,2,0.5,5245,615
5860,2933.23,ga_tcheby_proxy,mesh9,3,4,0,"[3-4]",1,22,1.65934,0.942661,0.780069,1,0.5,5246,615
5861,2933.73,ga_tcheby_proxy,mesh9,6,4,0,"[6-7-4]",2,42,3.21103,0.97,0.780069,2,0.5,5247,615
5862,2933.91,ga_tcheby_proxy,mesh9,3,1,0,"[3-0-1]",2,42,3.21103,0.97,0.77425,2,0.5,5248,615
5863,2934.09,ga_tcheby_proxy,mesh9,4,3,0,"[4-3]",1,22,1.61449,0.97,0.775832,1,0.5,5249,615
5864,2934.29,ga_tcheby_proxy,mesh9,8,2,0,"[8-5-2]",2,40,3.19307,0.975,0.757576,2,0.5,5250,615
5865,2934.98,ga_tcheby_proxy,mesh9,2,7,0,"[2-5-4-7]",3,62,4.80756,0.97,0.781197,3,0.5,5251,615
5866,2935.83,ga_tcheby_proxy,mesh9,6,8,0,"[6-7-8]",2,44,3.22898,0.97,0.780446,2,0.5,5252,615
5867,2937.07,ga_tcheby_proxy,mesh9,8,5,0,"[8-5]",1,20,1.59654,0.975,0.758034,1,0.5,5253,615
5868,2937.37,ga_tcheby_proxy,mesh9,7,4,0,"[7-4]",1,20,1.59654,0.975,0.77305,1,0.5,5254,615
5869,2937.91,ga_tcheby_proxy,mesh9,5,6,0,"[5-8-7-6]",3,64,4.82552,0.97,0.77425,3,0.5,5255,615
5870,2938.11,ga_tcheby_proxy,mesh9,7,4,0,"[7-4]",1,20,1.59654,0.975,0.773451,1,0.5,5256,615
5871,2938.27,ga_tcheby_proxy,mesh9,7,1,0,"[7-4-1]",2,40,3.19307,0.975,0.77425,2,0.5,5257,615
5872,2939.44,ga_tcheby_proxy,mesh9,0,7,0,"[0-3-4-7]",3,62,4.80756,0.97,0.78157,3,0.5,5258,615
5873,2939.72,ga_tcheby_proxy,mesh9,6,3,0,"[6-3]",1,20,1.59654,0.975,0.775439,1,0.5,5259,615
5874,2939.85,ga_tcheby_proxy,mesh9,2,4,0,"[2-5-4]",2,42,3.21103,0.97,0.78157,2,0.5,5260,615
5875,2939.97,ga_tcheby_proxy,mesh9,2,0,0,"[2-1-0]",2,44,3.22898,0.97,0.776614,2,0.5,5261,615
5876,2940.63,ga_tcheby_proxy,mesh9,7,3,0,"[7-6-3]",2,42,3.21103,0.97,0.775832,2,0.5,5262,615
5877,2941.21,ga_tcheby_proxy,mesh9,7,8,0,"[7-8]",1,22,1.61449,0.97,0.780446,1,0.5,5263,615
5878,2942.39,ga_tcheby_proxy,mesh9,1,6,0,"[1-0-3-6]",3,62,4.80756,0.97,0.781942,3,0.5,5264,615
5879,2942.56,ga_tcheby_proxy,mesh9,2,3,0,"[2-1-4-3]",3,64,4.82552,0.97,0.781942,3,0.5,5265,615
5880,2942.71,ga_tcheby_proxy,mesh9,8,2,0,"[8-5-2]",2,40,3.19307,0.975,0.758491,2,0.5,5266,615
5881,2943.31,ga_tcheby_proxy,mesh9,5,4,0,"[5-4]",1,22,1.61449,0.97,0.772242,1,0.5,5267,615
5882,2943.52,ga_tcheby_proxy,mesh9,6,2,0,"[6-3-0-1-2]",4,84,6.42205,0.97,0.780069,4,0.5,5268,615
5883,2943.84,ga_tcheby_proxy,mesh9,5,1,0,"[5-4-1]",2,42,3.21103,0.97,0.774648,2,0.5,5269,615
5884,2943.91,ga_tcheby_proxy,mesh9,6,4,0,"[6-3-4]",2,42,3.23766,0.953577,0.780822,2,0.5,5270,615
5885,2944.28,ga_tcheby_proxy,mesh9,1,6,0,"[1-4-7-6]",3,62,4.80756,0.97,0.782313,3,0.5,5271,615
5886,2944.49,ga_tcheby_proxy,mesh9,5,7,0,"[5-8-7]",2,42,3.21103,0.97,0.774648,2,0.5,5272,615
5887,2944.89,ga_tcheby_proxy,mesh9,0,1,0,"[0-1]",1,22,1.61449,0.97,0.7603,1,0.5,5273,615
5888,2946.41,ga_tcheby_proxy,mesh9,4,8,0,"[4-5-8]",2,42,3.21103,0.97,0.780069,2,0.5,5274,615
5889,2946.43,ga_tcheby_proxy,mesh9,2,8,1,"[]",0,0,0,0,0,0,0.5,5274,616
5890,2946.64,ga_tcheby_proxy,mesh9,1,7,0,"[1-4-7]",2,40,3.19307,0.975,0.782683,2,0.5,5275,616
5891,2946.66,ga_tcheby_proxy,mesh9,8,6,1,"[]",0,0,0,0,0,0,0.5,5275,617
5892,2946.94,ga_tcheby_proxy,mesh9,1,3,0,"[1-0-3]",2,42,3.21103,0.97,0.782313,2,0.5,5276,617
5893,2947.52,ga_tcheby_proxy,mesh9,4,5,0,"[4-5]",1,22,1.61449,0.97,0.780446,1,0.5,5277,617
5894,2947.88,ga_tcheby_proxy,mesh9,6,8,0,"[6-7-8]",2,44,3.22898,0.97,0.780822,2,0.5,5278,617
5895,2948.2,ga_tcheby_proxy,mesh9,8,3,0,"[8-7-4-3]",3,64,4.82552,0.97,0.776614,3,0.5,5279,617
5896,2948.22,ga_tcheby_proxy,mesh9,4,2,1,"[]",0,0,0,0,0,0,0.5,5279,618
5897,2948.65,ga_tcheby_proxy,mesh9,4,0,0,"[4-3-0]",2,42,3.21103,0.97,0.777003,2,0.5,5280,618
5898,2948.66,ga_tcheby_proxy,mesh9,2,1,1,"[]",0,0,0,0,0,0,0.5,5280,619
5899,2949.38,ga_tcheby_proxy,mesh9,1,6,0,"[1-0-3-6]",3,62,4.80756,0.97,0.782683,3,0.5,5281,619
5900,2950.17,ga_tcheby_proxy,mesh9,4,0,0,"[4-3-0]",2,42,3.21103,0.97,0.777391,2,0.5,5282,619
5901,2950.26,ga_tcheby_proxy,mesh9,4,7,0,"[4-7]",1,20,1.59654,0.975,0.780446,1,0.5,5283,619
5902,2950.28,ga_tcheby_proxy,mesh9,1,6,1,"[]",0,0,0,0,0,0,0.5,5283,620
5903,2950.29,ga_tcheby_proxy,mesh9,5,1,1,"[]",0,0,0,0,0,0,0.5,5283,621
5904,2950.4,ga_tcheby_proxy,mesh9,1,5,0,"[1-2-5]",2,42,3.21103,0.97,0.781942,2,0.5,5284,621
5905,2951.66,ga_tcheby_proxy,mesh9,3,5,0,"[3-4-5]",2,44,3.22898,0.97,0.781197,2,0.5,5285,621
5906,2952.2,ga_tcheby_proxy,mesh9,6,2,0,"[6-3-0-1-2]",4,84,6.42205,0.97,0.780822,4,0.5,5286,621
5907,2952.23,ga_tcheby_proxy,mesh9,2,0,1,"[]",0,0,0,0,0,0,0.5,5286,622
5908,2952.67,ga_tcheby_proxy,mesh9,1,6,0,"[1-4-3-6]",3,62,4.80756,0.97,0.783051,3,0.5,5287,622
5909,2952.73,ga_tcheby_proxy,mesh9,3,7,1,"[]",0,0,0,0,0,0,0.5,5287,623
5910,2953.15,ga_tcheby_proxy,mesh9,2,8,0,"[2-5-8]",2,40,3.19307,0.975,0.782313,2,0.5,5288,623
5911,2953.97,ga_tcheby_proxy,mesh9,7,4,0,"[7-4]",1,20,1.59654,0.975,0.774648,1,0.5,5289,623
5912,2954.65,ga_tcheby_proxy,mesh9,0,1,0,"[0-1]",1,22,1.61449,0.97,0.761194,1,0.5,5290,623
5913,2955.05,ga_tcheby_proxy,mesh9,3,4,0,"[3-4]",1,22,1.61449,0.97,0.78157,1,0.5,5291,623
5914,2955.11,ga_tcheby_proxy,mesh9,6,3,1,"[]",0,0,0,0,0,0,0.5,5291,624
5915,2955.54,ga_tcheby_proxy,mesh9,6,8,0,"[6-7-8]",2,44,3.22898,0.97,0.781197,2,0.5,5292,624
5916,2955.77,ga_tcheby_proxy,mesh9,5,6,0,"[5-8-7-6]",3,64,4.82552,0.97,0.775832,3,0.5,5293,624
5917,2955.84,ga_tcheby_proxy,mesh9,3,7,0,"[3-6-7]",2,42,3.21989,0.964472,0.78157,2,0.5,5294,624
5918,2956.62,ga_tcheby_proxy,mesh9,1,6,0,"[1-0-3-6]",3,62,4.80756,0.97,0.783051,3,0.5,5295,624
5919,2957.06,ga_tcheby_proxy,mesh9,3,7,0,"[3-4-7]",2,42,3.21103,0.97,0.781942,2,0.5,5296,624
5920,2957.94,ga_tcheby_proxy,mesh9,0,6,0,"[0-3-6]",2,40,3.19307,0.975,0.783418,2,0.5,5297,624
5921,2958,ga_tcheby_proxy,mesh9,3,8,1,"[]",0,0,0,0,0,0,0.5,5297,625
5922,2958.48,ga_tcheby_proxy,mesh9,1,4,0,"[1-4]",1,20,1.59654,0.975,0.783418,1,0.5,5298,625
5923,2958.95,ga_tcheby_proxy,mesh9,6,5,0,"[6-7-4-5]",3,64,4.82552,0.97,0.781942,3,0.5,5299,625
5924,2958.97,ga_tcheby_proxy,mesh9,8,7,1,"[]",0,0,0,0,0,0,0.5,5299,626
5925,2960.3,ga_tcheby_proxy,mesh9,8,6,0,"[8-7-6]",2,44,3.22898,0.97,0.774648,2,0.5,5300,626
5926,2960.4,ga_tcheby_proxy,mesh9,3,7,0,"[3-6-7]",2,42,3.21103,0.97,0.782313,2,0.5,5301,626
5927,2960.89,ga_tcheby_proxy,mesh9,2,3,0,"[2-5-4-3]",3,64,4.82552,0.97,0.782683,3,0.5,5302,626
5928,2961.16,ga_tcheby_proxy,mesh9,1,0,0,"[1-0]",1,22,1.61449,0.97,0.778547,1,0.5,5303,626
5929,2961.22,ga_tcheby_proxy,mesh9,1,3,1,"[]",0,0,0,0,0,0,0.5,5303,627
5930,2961.51,ga_tcheby_proxy,mesh9,1,3,0,"[1-0-3]",2,42,3.21103,0.97,0.783784,2,0.5,5304,627
5931,2961.84,ga_tcheby_proxy,mesh9,2,0,0,"[2-1-0]",2,44,3.22898,0.97,0.77931,2,0.5,5305,627
5932,2962.71,ga_tcheby_proxy,mesh9,1,6,0,"[1-4-3-6]",3,62,4.80756,0.97,0.783784,3,0.5,5306,627
5933,2962.91,ga_tcheby_proxy,mesh9,7,2,0,"[7-4-1-2]",3,62,4.80756,0.97,0.781197,3,0.5,5307,627
5934,2962.95,ga_tcheby_proxy,mesh9,6,8,1,"[]",0,0,0,0,0,0,0.5,5307,628
5935,2963.65,ga_tcheby_proxy,mesh9,1,8,0,"[1-2-5-8]",3,62,4.80756,0.97,0.783051,3,0.5,5308,628
5936,2963.69,ga_tcheby_proxy,mesh9,4,3,1,"[]",0,0,0,0,0,0,0.5,5308,629
5937,2963.73,ga_tcheby_proxy,mesh9,3,5,1,"[]",0,0,0,0,0,0,0.5,5308,630
5938,2964.36,ga_tcheby_proxy,mesh9,6,3,0,"[6-3]",1,20,1.59654,0.975,0.777391,1,0.5,5309,630
5939,2964.53,ga_tcheby_proxy,mesh9,8,4,0,"[8-5-4]",2,42,3.21103,0.97,0.773451,2,0.5,5310,630
5940,2964.76,ga_tcheby_proxy,mesh9,7,4,0,"[7-4]",1,20,1.59654,0.975,0.775832,1,0.5,5311,630
5941,2964.84,ga_tcheby_proxy,mesh9,2,3,0,"[2-1-0-3]",3,64,4.91159,0.918857,0.784148,3,0.5,5312,630
5942,2966.44,ga_tcheby_proxy,mesh9,8,4,0,"[8-5-4]",2,42,3.21103,0.97,0.773852,2,0.5,5313,630
5943,2967.27,ga_tcheby_proxy,mesh9,0,1,0,"[0-1]",1,22,1.61449,0.97,0.761639,1,0.5,5314,630
5944,2967.4,ga_tcheby_proxy,mesh9,6,8,0,"[6-7-8]",2,44,3.22898,0.97,0.782683,2,0.5,5315,630
5945,2967.56,ga_tcheby_proxy,mesh9,2,0,0,"[2-1-0]",2,44,3.22898,0.97,0.780069,2,0.5,5316,630
5946,2967.63,ga_tcheby_proxy,mesh9,7,3,0,"[7-6-3]",2,42,3.30118,0.916563,0.777778,2,0.5,5317,630
5947,2968.91,ga_tcheby_proxy,mesh9,7,5,0,"[7-4-5]",2,42,3.21103,0.97,0.78157,2,0.5,5318,630
5948,2969.91,ga_tcheby_proxy,mesh9,2,8,0,"[2-5-8]",2,40,3.19307,0.975,0.783418,2,0.5,5319,630
5949,2969.92,ga_tcheby_proxy,mesh9,1,0,1,"[]",0,0,0,0,0,0,0.5,5319,631
5950,2970.2,ga_tcheby_proxy,mesh9,3,6,0,"[3-6]",1,20,1.59654,0.975,0.771429,1,0.5,5320,631
5951,2970.65,ga_tcheby_proxy,mesh9,3,4,0,"[3-4]",1,22,1.61449,0.97,0.782313,1,0.5,5321,631
5952,2970.69,ga_tcheby_proxy,mesh9,6,8,1,"[]",0,0,0,0,0,0,0.5,5321,632
5953,2970.83,ga_tcheby_proxy,mesh9,8,7,0,"[8-7]",1,22,1.61449,0.97,0.770609,1,0.5,5322,632
5954,2970.87,ga_tcheby_proxy,mesh9,7,8,1,"[]",0,0,0,0,0,0,0.5,5322,633
5955,2971.71,ga_tcheby_proxy,mesh9,0,3,0,"[0-3]",1,20,1.59654,0.975,0.784512,1,0.5,5323,633
5956,2972.14,ga_tcheby_proxy,mesh9,7,0,0,"[7-6-3-0]",3,62,4.80756,0.97,0.778163,3,0.5,5324,633
5957,2972.74,ga_tcheby_proxy,mesh9,8,7,0,"[8-7]",1,22,1.61449,0.97,0.77102,1,0.5,5325,633
5958,2973.28,ga_tcheby_proxy,mesh9,7,4,0,"[7-4]",1,20,1.59654,0.975,0.776614,1,0.5,5326,633
5959,2973.37,ga_tcheby_proxy,mesh9,4,3,0,"[4-3]",1,22,1.61449,0.97,0.778929,1,0.5,5327,633
5960,2973.89,ga_tcheby_proxy,mesh9,2,8,0,"[2-5-8]",2,40,3.19307,0.975,0.783784,2,0.5,5328,633
5961,2973.91,ga_tcheby_proxy,mesh9,5,8,1,"[]",0,0,0,0,0,0,0.5,5328,634
5962,2974.18,ga_tcheby_proxy,mesh9,2,1,0,"[2-1]",1,22,1.61449,0.97,0.776224,1,0.5,5329,634
5963,2974.71,ga_tcheby_proxy,mesh9,4,6,0,"[4-3-6]",2,42,3.21103,0.97,0.77931,2,0.5,5330,634
5964,2974.99,ga_tcheby_proxy,mesh9,1,2,0,"[1-2]",1,22,1.61449,0.97,0.781942,1,0.5,5331,634
5965,2975.42,ga_tcheby_proxy,mesh9,7,8,0,"[7-8]",1,22,1.61449,0.97,0.781942,1,0.5,5332,634
5966,2975.61,ga_tcheby_proxy,mesh9,7,6,0,"[7-6]",1,22,1.61449,0.97,0.775832,1,0.5,5333,634
5967,2975.67,ga_tcheby_proxy,mesh9,6,7,1,"[]",0,0,0,0,0,0,0.5,5333,635
5968,2977.18,ga_tcheby_proxy,mesh9,6,3,0,"[6-3]",1,20,1.59654,0.975,0.778547,1,0.5,5334,635
5969,2977.39,ga_tcheby_proxy,mesh9,8,6,0,"[8-7-6]",2,44,3.22898,0.97,0.776224,2,0.5,5335,635
5970,2977.51,ga_tcheby_proxy,mesh9,0,8,0,"[0-1-4-7-8]",4,84,6.42205,0.97,0.784148,4,0.5,5336,635
5971,2978.34,ga_tcheby_proxy,mesh9,7,6,0,"[7-6]",1,22,1.61449,0.97,0.776614,1,0.5,5337,635
5972,2978.92,ga_tcheby_proxy,mesh9,5,0,0,"[5-4-3-0]",3,64,4.82552,0.97,0.77969,3,0.5,5338,635
5973,2980.29,ga_tcheby_proxy,mesh9,4,1,0,"[4-1]",1,20,1.59654,0.975,0.775439,1,0.5,5339,635
5974,2980.5,ga_tcheby_proxy,mesh9,5,8,0,"[5-8]",1,20,1.59654,0.975,0.777391,1,0.5,5340,635
5975,2980.97,ga_tcheby_proxy,mesh9,6,3,0,"[6-3]",1,20,1.59654,0.975,0.778929,1,0.5,5341,635
5976,2981.65,ga_tcheby_proxy,mesh9,4,1,0,"[4-1]",1,20,1.59654,0.975,0.775832,1,0.5,5342,635
5977,2981.72,ga_tcheby_proxy,mesh9,2,4,0,"[2-1-4]",2,42,3.21103,0.97,0.784512,2,0.5,5343,635
5978,2981.81,ga_tcheby_proxy,mesh9,2,1,0,"[2-1]",1,22,1.61449,0.97,0.777003,1,0.5,5344,635
5979,2982.1,ga_tcheby_proxy,mesh9,0,8,0,"[0-1-2-5-8]",4,84,6.42205,0.97,0.784148,4,0.5,5345,635
5980,2982.46,ga_tcheby_proxy,mesh9,4,5,0,"[4-5]",1,22,1.61449,0.97,0.781942,1,0.5,5346,635
5981,2983.27,ga_tcheby_proxy,mesh9,8,0,0,"[8-7-6-3-0]",4,84,6.42205,0.97,0.77931,4,0.5,5347,635
5982,2985.15,ga_tcheby_proxy,mesh9,6,4,0,"[6-3-4]",2,42,3.21103,0.97,0.782683,2,0.5,5348,635
5983,2986.41,ga_tcheby_proxy,mesh9,6,5,0,"[6-7-8-5]",3,64,4.82552,0.97,0.783051,3,0.5,5349,635
5984,2986.97,ga_tcheby_proxy,mesh9,0,6,0,"[0-3-6]",2,40,3.19307,0.975,0.784874,2,0.5,5350,635
5985,2987.59,ga_tcheby_proxy,mesh9,2,5,0,"[2-5]",1,20,1.59654,0.975,0.784512,1,0.5,5351,635
5986,2988.2,ga_tcheby_proxy,mesh9,5,4,0,"[5-4]",1,22,1.61449,0.97,0.774648,1,0.5,5352,635
5987,2989.13,ga_tcheby_proxy,mesh9,3,0,0,"[3-0]",1,20,1.59654,0.975,0.777391,1,0.5,5353,635
5988,2989.23,ga_tcheby_proxy,mesh9,4,1,0,"[4-1]",1,20,1.59654,0.975,0.776224,1,0.5,5354,635
5989,2989.6,ga_tcheby_proxy,mesh9,1,7,0,"[1-4-7]",2,40,3.19307,0.975,0.784874,2,0.5,5355,635
5990,2991.14,ga_tcheby_proxy,mesh9,4,6,0,"[4-3-6]",2,42,3.21103,0.97,0.780069,2,0.5,5356,635
5991,2991.3,ga_tcheby_proxy,mesh9,5,7,0,"[5-8-7]",2,42,3.21103,0.97,0.778163,2,0.5,5357,635
5992,2991.3,ga_tcheby_proxy,mesh9,0,1,1,"[]",0,0,0,0,0,0,0.5,5357,636
5993,2991.76,ga_tcheby_proxy,mesh9,0,8,0,"[0-1-2-5-8]",4,84,6.42205,0.97,0.784874,4,0.5,5358,636
5994,2991.95,ga_tcheby_proxy,mesh9,0,4,0,"[0-1-4]",2,42,3.21103,0.97,0.785235,2,0.5,5359,636
5995,2992.07,ga_tcheby_proxy,mesh9,4,5,0,"[4-5]",1,22,1.61449,0.97,0.782313,1,0.5,5360,636
5996,2992.28,ga_tcheby_proxy,mesh9,4,7,0,"[4-7]",1,20,1.59654,0.975,0.781942,1,0.5,5361,636
5997,2992.57,ga_tcheby_proxy,mesh9,3,8,0,"[3-4-7-8]",3,64,4.82552,0.97,0.783051,3,0.5,5362,636
5998,2992.95,ga_tcheby_proxy,mesh9,8,2,0,"[8-5-2]",2,40,3.19307,0.975,0.7603,2,0.5,5363,636
5999,2994.95,ga_tcheby_proxy,mesh9,4,0,0,"[4-1-0]",2,42,3.21103,0.97,0.780446,2,0.5,5364,636
6000,2995.28,ga_tcheby_proxy,mesh9,5,0,0,"[5-4-3-0]",3,64,4.82552,0.97,0.780446,3,0.5,5365,636
6001,2996.21,ga_tcheby_proxy,mesh9,0,3,0,"[0-3]",1,20,1.59654,0.975,0.785235,1,0.5,5366,636
6002,2998.58,ga_tcheby_proxy,mesh9,8,3,0,"[8-7-6-3]",3,64,4.82552,0.97,0.780069,3,0.5,5367,636
6003,2999.13,ga_tcheby_proxy,mesh9,3,8,0,"[3-6-7-8]",3,64,4.82552,0.97,0.783418,3,0.5,5368,636
6004,2999.19,ga_tcheby_proxy,mesh9,3,1,1,"[]",0,0,0,0,0,0,0.5,5368,637
6005,2999.91,ga_tcheby_proxy,mesh9,5,7,0,"[5-8-7]",2,42,3.21103,0.97,0.778929,2,0.5,5369,637
6006,2999.95,ga_tcheby_proxy,mesh9,3,6,1,"[]",0,0,0,0,0,0,0.5,5369,638
6007,3000.28,ga_tcheby_proxy,mesh9,8,6,0,"[8-7-6]",2,44,3.22898,0.97,0.777778,2,0.5,5370,638
6008,3000.47,ga_tcheby_proxy,mesh9,8,7,0,"[8-7]",1,22,1.61449,0.97,0.773852,1,0.5,5371,638
6009,3000.51,ga_tcheby_proxy,mesh9,8,3,1,"[]",0,0,0,0,0,0,0.5,5371,639
6010,3001.08,ga_tcheby_proxy,mesh9,5,3,0,"[5-4-3]",2,44,3.22898,0.97,0.780822,2,0.5,5372,639
6011,3001.1,ga_tcheby_proxy,mesh9,2,6,1,"[]",0,0,0,0,0,0,0.5,5372,640
6012,3001.55,ga_tcheby_proxy,mesh9,1,5,0,"[1-2-5]",2,42,3.21103,0.97,0.785235,2,0.5,5373,640
6013,3001.67,ga_tcheby_proxy,mesh9,8,5,0,"[8-5]",1,20,1.59654,0.975,0.760748,1,0.5,5374,640
6014,3002.27,ga_tcheby_proxy,mesh9,2,7,0,"[2-5-4-7]",3,62,4.80756,0.97,0.785595,3,0.5,5375,640
6015,3002.4,ga_tcheby_proxy,mesh9,7,4,0,"[7-4]",1,20,1.59654,0.975,0.777003,1,0.5,5376,640
6016,3002.9,ga_tcheby_proxy,mesh9,1,2,0,"[1-2]",1,22,1.61449,0.97,0.783418,1,0.5,5377,640
6017,3003.15,ga_tcheby_proxy,mesh9,2,1,0,"[2-1]",1,22,1.61449,0.97,0.777391,1,0.5,5378,640
6018,3003.44,ga_tcheby_proxy,mesh9,6,8,0,"[6-7-8]",2,44,3.22898,0.97,0.783784,2,0.5,5379,640
6019,3004.1,ga_tcheby_proxy,mesh9,0,4,0,"[0-3-4]",2,42,3.21103,0.97,0.785595,2,0.5,5380,640
6020,3004.54,ga_tcheby_proxy,mesh9,1,8,0,"[1-4-7-8]",3,62,4.80756,0.97,0.785595,3,0.5,5381,640
6021,3005.02,ga_tcheby_proxy,mesh9,5,3,0,"[5-4-3]",2,44,3.22898,0.97,0.781197,2,0.5,5382,640
6022,3005.57,ga_tcheby_proxy,mesh9,0,5,0,"[0-1-2-5]",3,64,4.82552,0.97,0.785953,3,0.5,5383,640
6023,3005.61,ga_tcheby_proxy,mesh9,8,5,1,"[]",0,0,0,0,0,0,0.5,5383,641
6024,3008.62,ga_tcheby_proxy,mesh9,5,4,0,"[5-4]",1,22,1.61449,0.97,0.776614,1,0.5,5384,641
6025,3009.15,ga_tcheby_proxy,mesh9,6,8,0,"[6-7-8]",2,44,3.22898,0.97,0.784512,2,0.5,5385,641
6026,3009.86,ga_tcheby_proxy,mesh9,4,3,0,"[4-3]",1,22,1.61449,0.97,0.78157,1,0.5,5386,641
6027,3010.03,ga_tcheby_proxy,mesh9,8,1,0,"[8-5-4-1]",3,62,4.80756,0.97,0.777003,3,0.5,5387,641
6028,3010.64,ga_tcheby_proxy,mesh9,1,2,0,"[1-2]",1,22,1.61449,0.97,0.784148,1,0.5,5388,641
6029,3011.06,ga_tcheby_proxy,mesh9,8,1,0,"[8-5-4-1]",3,62,4.80756,0.97,0.777391,3,0.5,5389,641
6030,3011.53,ga_tcheby_proxy,mesh9,3,7,0,"[3-4-7]",2,42,3.21103,0.97,0.783784,2,0.5,5390,641
6031,3011.64,ga_tcheby_proxy,mesh9,1,4,0,"[1-4]",1,20,1.59654,0.975,0.785953,1,0.5,5391,641
6032,3012.66,ga_tcheby_proxy,mesh9,0,6,0,"[0-3-6]",2,40,3.19307,0.975,0.785953,2,0.5,5392,641
6033,3012.75,ga_tcheby_proxy,mesh9,2,7,0,"[2-1-4-7]",3,62,4.80756,0.97,0.786311,3,0.5,5393,641
6034,3013.73,ga_tcheby_proxy,mesh9,6,7,0,"[6-7]",1,22,1.61449,0.97,0.784512,1,0.5,5394,641
6035,3014.13,ga_tcheby_proxy,mesh9,3,8,0,"[3-4-5-8]",3,64,4.82552,0.97,0.784148,3,0.5,5395,641
6036,3014.6,ga_tcheby_proxy,mesh9,2,0,0,"[2-1-0]",2,44,3.22898,0.97,0.780822,2,0.5,5396,641
6037,3015.02,ga_tcheby_proxy,mesh9,2,8,0,"[2-5-8]",2,40,3.19307,0.975,0.786311,2,0.5,5397,641
6038,3015.2,ga_tcheby_proxy,mesh9,4,1,0,"[4-1]",1,20,1.59654,0.975,0.777778,1,0.5,5398,641
6039,3015.26,ga_tcheby_proxy,mesh9,6,4,1,"[]",0,0,0,0,0,0,0.5,5398,642
6040,3015.4,ga_tcheby_proxy,mesh9,2,7,0,"[2-5-4-7]",3,62,4.80756,0.97,0.786667,3,0.5,5399,642
6041,3015.62,ga_tcheby_proxy,mesh9,6,7,0,"[6-7]",1,22,1.61449,0.97,0.784874,1,0.5,5400,642
6042,3016,ga_tcheby_proxy,mesh9,1,3,0,"[1-0-3]",2,42,3.21103,0.97,0.786311,2,0.5,5401,642
6043,3016.48,ga_tcheby_proxy,mesh9,5,7,0,"[5-8-7]",2,42,3.21103,0.97,0.780069,2,0.5,5402,642
6044,3017.48,ga_tcheby_proxy,mesh9,1,5,0,"[1-4-5]",2,42,3.21103,0.97,0.786667,2,0.5,5403,642
6045,3017.55,ga_tcheby_proxy,mesh9,7,3,0,"[7-4-3]",2,42,3.21103,0.97,0.781942,2,0.5,5404,642
6046,3018.08,ga_tcheby_proxy,mesh9,1,5,0,"[1-2-5]",2,42,3.21103,0.97,0.787022,2,0.5,5405,642
6047,3018.74,ga_tcheby_proxy,mesh9,1,7,0,"[1-4-7]",2,40,3.19307,0.975,0.787022,2,0.5,5406,642
6048,3018.76,ga_tcheby_proxy,mesh9,4,5,1,"[]",0,0,0,0,0,0,0.5,5406,643
6049,3020.23,ga_tcheby_proxy,mesh9,4,8,0,"[4-5-8]",2,42,3.21103,0.97,0.783418,2,0.5,5407,643
6050,3020.41,ga_tcheby_proxy,mesh9,2,1,0,"[2-1]",1,22,1.61449,0.97,0.778547,1,0.5,5408,643
6051,3020.52,ga_tcheby_proxy,mesh9,4,0,0,"[4-1-0]",2,42,3.21103,0.97,0.78157,2,0.5,5409,643
6052,3020.93,ga_tcheby_proxy,mesh9,3,8,0,"[3-4-5-8]",3,64,4.82552,0.97,0.784512,3,0.5,5410,643
6053,3021.58,ga_tcheby_proxy,mesh9,6,0,0,"[6-3-0]",2,40,3.19307,0.975,0.780446,2,0.5,5411,643
6054,3021.59,ga_tcheby_proxy,mesh9,5,4,1,"[]",0,0,0,0,0,0,0.5,5411,644
6055,3022.49,ga_tcheby_proxy,mesh9,0,2,0,"[0-1-2]",2,44,3.22898,0.97,0.784874,2,0.5,5412,644
6056,3023.35,ga_tcheby_proxy,mesh9,8,1,0,"[8-7-4-1]",3,62,4.80756,0.97,0.778547,3,0.5,5413,644
6057,3024.43,ga_tcheby_proxy,mesh9,3,7,0,"[3-4-7]",2,42,3.21103,0.97,0.784874,2,0.5,5414,644
6058,3024.96,ga_tcheby_proxy,mesh9,0,5,0,"[0-3-4-5]",3,64,4.82552,0.97,0.786667,3,0.5,5415,644
6059,3025.75,ga_tcheby_proxy,mesh9,8,1,0,"[8-5-2-1]",3,62,4.80756,0.97,0.778929,3,0.5,5416,644
6060,3026.48,ga_tcheby_proxy,mesh9,4,1,0,"[4-1]",1,20,1.59654,0.975,0.778929,1,0.5,5417,644
6061,3027.33,ga_tcheby_proxy,mesh9,6,3,0,"[6-3]",1,20,1.59654,0.975,0.780822,1,0.5,5418,644
6062,3028.64,ga_tcheby_proxy,mesh9,0,5,0,"[0-3-4-5]",3,64,4.82552,0.97,0.787022,3,0.5,5419,644
6063,3028.85,ga_tcheby_proxy,mesh9,3,7,0,"[3-6-7]",2,42,3.21103,0.97,0.785235,2,0.5,5420,644
6064,3029.05,ga_tcheby_proxy,mesh9,3,7,0,"[3-6-7]",2,42,3.21103,0.97,0.785595,2,0.5,5421,644
6065,3029.86,ga_tcheby_proxy,mesh9,5,7,0,"[5-8-7]",2,42,3.21103,0.97,0.781197,2,0.5,5422,644
6066,3030.55,ga_tcheby_proxy,mesh9,3,1,0,"[3-0-1]",2,42,3.21103,0.97,0.778547,2,0.5,5423,644
6067,3030.7,ga_tcheby_proxy,mesh9,3,4,0,"[3-4]",1,22,1.61449,0.97,0.785953,1,0.5,5424,644
6068,3031.38,ga_tcheby_proxy,mesh9,7,5,0,"[7-8-5]",2,42,3.21103,0.97,0.784874,2,0.5,5425,644
6069,3032.49,ga_tcheby_proxy,mesh9,2,5,0,"[2-5]",1,20,1.59654,0.975,0.787375,1,0.5,5426,644
6070,3032.63,ga_tcheby_proxy,mesh9,8,5,0,"[8-5]",1,20,1.59654,0.975,0.762963,1,0.5,5427,644
6071,3032.8,ga_tcheby_proxy,mesh9,5,6,0,"[5-8-7-6]",3,64,4.82552,0.97,0.78157,3,0.5,5428,644
6072,3032.95,ga_tcheby_proxy,mesh9,5,3,0,"[5-4-3]",2,44,3.22898,0.97,0.782313,2,0.5,5429,644
6073,3033.22,ga_tcheby_proxy,mesh9,6,3,0,"[6-3]",1,20,1.59654,0.975,0.781197,1,0.5,5430,644
6074,3035.62,ga_tcheby_proxy,mesh9,3,2,0,"[3-0-1-2]",3,64,4.82552,0.97,0.785235,3,0.5,5431,644
6075,3036.8,ga_tcheby_proxy,mesh9,3,2,0,"[3-0-1-2]",3,64,4.82552,0.97,0.785595,3,0.5,5432,644
6076,3036.97,ga_tcheby_proxy,mesh9,0,4,0,"[0-1-4]",2,42,3.21103,0.97,0.787375,2,0.5,5433,644
6077,3037.11,ga_tcheby_proxy,mesh9,3,0,0,"[3-0]",1,20,1.59654,0.975,0.77969,1,0.5,5434,644
6078,3038.89,ga_tcheby_proxy,mesh9,6,0,0,"[6-3-0]",2,40,3.19307,0.975,0.78157,2,0.5,5435,644
6079,3038.94,ga_tcheby_proxy,mesh9,1,3,1,"[]",0,0,0,0,0,0,0.5,5435,645
6080,3039.18,ga_tcheby_proxy,mesh9,1,2,0,"[1-2]",1,22,1.61449,0.97,0.785953,1,0.5,5436,645
6081,3039.32,ga_tcheby_proxy,mesh9,2,0,0,"[2-1-0]",2,44,3.22898,0.97,0.781942,2,0.5,5437,645
6082,3039.48,ga_tcheby_proxy,mesh9,2,7,0,"[2-1-4-7]",3,62,4.80756,0.97,0.787728,3,0.5,5438,645
6083,3039.6,ga_tcheby_proxy,mesh9,7,3,0,"[7-6-3]",2,42,3.21103,0.97,0.781942,2,0.5,5439,645
6084,3040.06,ga_tcheby_proxy,mesh9,6,5,0,"[6-7-4-5]",3,64,4.82552,0.97,0.785953,3,0.5,5440,645
6085,3040.23,ga_tcheby_proxy,mesh9,1,8,0,"[1-2-5-8]",3,62,4.80756,0.97,0.787728,3,0.5,5441,645
6086,3041.8,ga_tcheby_proxy,mesh9,1,4,0,"[1-4]",1,20,1.59654,0.975,0.788079,1,0.5,5442,645
6087,3042.34,ga_tcheby_proxy,mesh9,4,8,0,"[4-5-8]",2,42,3.21103,0.97,0.785235,2,0.5,5443,645
6088,3043.31,ga_tcheby_proxy,mesh9,6,4,0,"[6-3-4]",2,42,3.21103,0.97,0.786311,2,0.5,5444,645
6089,3043.6,ga_tcheby_proxy,mesh9,7,2,0,"[7-8-5-2]",3,62,4.80756,0.97,0.785235,3,0.5,5445,645
6090,3043.7,ga_tcheby_proxy,mesh9,4,5,0,"[4-5]",1,22,1.61449,0.97,0.785595,1,0.5,5446,645
6091,3044.15,ga_tcheby_proxy,mesh9,7,0,0,"[7-4-1-0]",3,62,4.80756,0.97,0.782313,3,0.5,5447,645
6092,3044.28,ga_tcheby_proxy,mesh9,3,7,0,"[3-6-7]",2,42,3.21103,0.97,0.786311,2,0.5,5448,645
6093,3044.53,ga_tcheby_proxy,mesh9,5,6,0,"[5-4-3-6]",3,64,4.82552,0.97,0.782683,3,0.5,5449,645
6094,3044.78,ga_tcheby_proxy,mesh9,0,2,0,"[0-1-2]",2,44,3.22898,0.97,0.786667,2,0.5,5450,645
6095,3044.85,ga_tcheby_proxy,mesh9,6,4,0,"[6-7-8-5-4]",4,86,6.64719,0.91845,0.786667,4,0.5,5451,645
6096,3045.31,ga_tcheby_proxy,mesh9,2,1,0,"[2-1]",1,22,1.61449,0.97,0.780069,1,0.5,5452,645
6097,3046.15,ga_tcheby_proxy,mesh9,2,0,0,"[2-1-0]",2,44,3.22898,0.97,0.782683,2,0.5,5453,645
6098,3047.56,ga_tcheby_proxy,mesh9,4,8,0,"[4-7-8]",2,42,3.21103,0.97,0.785953,2,0.5,5454,645
6099,3047.58,ga_tcheby_proxy,mesh9,7,1,1,"[]",0,0,0,0,0,0,0.5,5454,646
6100,3047.71,ga_tcheby_proxy,mesh9,5,0,0,"[5-4-1-0]",3,64,4.82552,0.97,0.783051,3,0.5,5455,646
6101,3048.22,ga_tcheby_proxy,mesh9,4,6,0,"[4-3-6]",2,42,3.21103,0.97,0.783051,2,0.5,5456,646
6102,3049.18,ga_tcheby_proxy,mesh9,7,8,0,"[7-8]",1,22,1.61449,0.97,0.786311,1,0.5,5457,646
6103,3049.53,ga_tcheby_proxy,mesh9,7,3,0,"[7-6-3]",2,42,3.21103,0.97,0.782683,2,0.5,5458,646
6104,3049.77,ga_tcheby_proxy,mesh9,6,4,0,"[6-3-4]",2,42,3.21103,0.97,0.786667,2,0.5,5459,646
6105,3050.14,ga_tcheby_proxy,mesh9,8,0,0,"[8-7-4-1-0]",4,84,6.42205,0.97,0.783418,4,0.5,5460,646
6106,3050.51,ga_tcheby_proxy,mesh9,4,1,0,"[4-1]",1,20,1.59654,0.975,0.780446,1,0.5,5461,646
6107,3050.52,ga_tcheby_proxy,mesh9,5,0,0,"[5-2-1-0]",3,64,5.07711,0.919427,0.787776,3,0.5,5462,646
6108,3050.68,ga_tcheby_proxy,mesh9,0,8,0,"[0-3-4-7-8]",4,84,6.42205,0.97,0.787375,4,0.5,5463,646
6109,3051.02,ga_tcheby_proxy,mesh9,1,5,0,"[1-2-5]",2,42,3.21103,0.97,0.788079,2,0.5,5464,646
6110,3051.53,ga_tcheby_proxy,mesh9,6,8,0,"[6-7-8]",2,44,3.22898,0.97,0.787022,2,0.5,5465,646
6111,3051.61,ga_tcheby_proxy,mesh9,2,4,0,"[2-5-4]",2,42,3.21103,0.97,0.78843,2,0.5,5466,646
6112,3052.2,ga_tcheby_proxy,mesh9,0,6,0,"[0-3-6]",2,40,3.19307,0.975,0.787728,2,0.5,5467,646
6113,3052.49,ga_tcheby_proxy,mesh9,3,0,0,"[3-0]",1,20,1.59654,0.975,0.780446,1,0.5,5468,646
6114,3052.89,ga_tcheby_proxy,mesh9,8,6,0,"[8-7-6]",2,44,3.22898,0.97,0.77931,2,0.5,5469,646
6115,3053.75,ga_tcheby_proxy,mesh9,1,5,0,"[1-4-5]",2,42,3.21103,0.97,0.78843,2,0.5,5470,646
6116,3054.14,ga_tcheby_proxy,mesh9,4,8,0,"[4-5-8]",2,42,3.21103,0.97,0.786311,2,0.5,5471,646
6117,3054.2,ga_tcheby_proxy,mesh9,5,2,1,"[]",0,0,0,0,0,0,0.5,5471,647
6118,3054.82,ga_tcheby_proxy,mesh9,7,6,0,"[7-6]",1,22,1.61449,0.97,0.77969,1,0.5,5472,647
6119,3055.19,ga_tcheby_proxy,mesh9,6,7,0,"[6-7]",1,22,1.61449,0.97,0.787375,1,0.5,5473,647
6120,3055.21,ga_tcheby_proxy,mesh9,3,0,1,"[]",0,0,0,0,0,0,0.5,5473,648
6121,3055.54,ga_tcheby_proxy,mesh9,3,0,0,"[3-0]",1,20,1.59654,0.975,0.780822,1,0.5,5474,648
6122,3055.57,ga_tcheby_proxy,mesh9,8,1,1,"[]",0,0,0,0,0,0,0.5,5474,649
6123,3056,ga_tcheby_proxy,mesh9,0,1,0,"[0-1]",1,22,1.61449,0.97,0.766849,1,0.5,5475,649
6124,3056.32,ga_tcheby_proxy,mesh9,8,1,0,"[8-5-4-1]",3,62,4.80756,0.97,0.780822,3,0.5,5476,649
6125,3056.38,ga_tcheby_proxy,mesh9,7,2,1,"[]",0,0,0,0,0,0,0.5,5476,650
6126,3056.62,ga_tcheby_proxy,mesh9,1,6,0,"[1-0-3-6]",3,62,4.80756,0.97,0.788079,3,0.5,5477,650
6127,3056.66,ga_tcheby_proxy,mesh9,0,5,1,"[]",0,0,0,0,0,0,0.5,5477,651
6128,3056.71,ga_tcheby_proxy,mesh9,3,0,1,"[]",0,0,0,0,0,0,0.5,5477,652
6129,3056.74,ga_tcheby_proxy,mesh9,0,7,1,"[]",0,0,0,0,0,0,0.5,5477,653
6130,3056.91,ga_tcheby_proxy,mesh9,2,7,0,"[2-5-8-7]",3,62,4.80756,0.97,0.788779,3,0.5,5478,653
6131,3058.04,ga_tcheby_proxy,mesh9,2,7,0,"[2-1-4-7]",3,62,4.80756,0.97,0.788779,3,0.5,5479,653
6132,3058.24,ga_tcheby_proxy,mesh9,6,7,0,"[6-7]",1,22,1.61449,0.97,0.787728,1,0.5,5480,653
6133,3058.81,ga_tcheby_proxy,mesh9,5,1,0,"[5-4-1]",2,42,3.21103,0.97,0.781197,2,0.5,5481,653
6134,3058.96,ga_tcheby_proxy,mesh9,3,4,0,"[3-4]",1,22,1.61449,0.97,0.787375,1,0.5,5482,653
6135,3059.01,ga_tcheby_proxy,mesh9,6,8,1,"[]",0,0,0,0,0,0,0.5,5482,654
6136,3060.21,ga_tcheby_proxy,mesh9,8,0,0,"[8-5-4-3-0]",4,84,6.42205,0.97,0.783418,4,0.5,5483,654
6137,3060.54,ga_tcheby_proxy,mesh9,6,4,0,"[6-3-4]",2,42,3.21103,0.97,0.787728,2,0.5,5484,654
6138,3060.68,ga_tcheby_proxy,mesh9,0,6,0,"[0-3-6]",2,40,3.19307,0.975,0.78843,2,0.5,5485,654
6139,3060.95,ga_tcheby_proxy,mesh9,1,6,0,"[1-0-3-6]",3,62,4.80756,0.97,0.788779,3,0.5,5486,654
6140,3062.29,ga_tcheby_proxy,mesh9,1,2,0,"[1-2]",1,22,1.61449,0.97,0.787375,1,0.5,5487,654
6141,3062.5,ga_tcheby_proxy,mesh9,6,3,0,"[6-3]",1,20,1.59654,0.975,0.783784,1,0.5,5488,654
6142,3062.89,ga_tcheby_proxy,mesh9,3,6,0,"[3-6]",1,20,1.59654,0.975,0.777391,1,0.5,5489,654
6143,3062.93,ga_tcheby_proxy,mesh9,5,7,1,"[]",0,0,0,0,0,0,0.5,5489,655
6144,3063.42,ga_tcheby_proxy,mesh9,4,7,0,"[4-7]",1,20,1.59654,0.975,0.786667,1,0.5,5490,655
6145,3064.18,ga_tcheby_proxy,mesh9,1,5,0,"[1-2-5]",2,42,3.21103,0.97,0.789127,2,0.5,5491,655
6146,3064.38,ga_tcheby_proxy,mesh9,6,7,0,"[6-7]",1,22,1.61449,0.97,0.788079,1,0.5,5492,655
6147,3064.73,ga_tcheby_proxy,mesh9,2,0,0,"[2-1-0]",2,44,3.22898,0.97,0.784874,2,0.5,5493,655
6148,3064.87,ga_tcheby_proxy,mesh9,1,5,0,"[1-4-5]",2,42,3.21103,0.97,0.789127,2,0.5,5494,655
6149,3065.02,ga_tcheby_proxy,mesh9,0,5,0,"[0-3-4-5]",3,64,4.82552,0.97,0.789127,3,0.5,5495,655
6150,3067.55,ga_tcheby_proxy,mesh9,8,1,0,"[8-5-4-1]",3,62,4.80756,0.97,0.78157,3,0.5,5496,655
6151,3067.82,ga_tcheby_proxy,mesh9,3,6,0,"[3-6]",1,20,1.59654,0.975,0.777778,1,0.5,5497,655
6152,3068.15,ga_tcheby_proxy,mesh9,2,0,0,"[2-1-0]",2,44,3.22898,0.97,0.785235,2,0.5,5498,655
6153,3068.28,ga_tcheby_proxy,mesh9,7,4,0,"[7-4]",1,20,1.59654,0.975,0.77931,1,0.5,5499,655
6154,3069.14,ga_tcheby_proxy,mesh9,4,3,0,"[4-3]",1,22,1.61449,0.97,0.783784,1,0.5,5500,655
6155,3069.42,ga_tcheby_proxy,mesh9,1,2,0,"[1-2]",1,22,1.61449,0.97,0.788079,1,0.5,5501,655
6156,3070.23,ga_tcheby_proxy,mesh9,8,1,0,"[8-5-4-1]",3,62,4.80756,0.97,0.781942,3,0.5,5502,655
6157,3071.04,ga_tcheby_proxy,mesh9,0,7,0,"[0-1-4-7]",3,62,4.80756,0.97,0.789474,3,0.5,5503,655
6158,3071.45,ga_tcheby_proxy,mesh9,8,3,0,"[8-5-4-3]",3,64,4.82552,0.97,0.784148,3,0.5,5504,655
6159,3072.43,ga_tcheby_proxy,mesh9,6,3,0,"[6-3]",1,20,1.59654,0.975,0.784148,1,0.5,5505,655
6160,3072.61,ga_tcheby_proxy,mesh9,6,5,0,"[6-3-4-5]",3,64,4.82552,0.97,0.78843,3,0.5,5506,655
6161,3072.86,ga_tcheby_proxy,mesh9,8,2,0,"[8-5-2]",2,40,3.19307,0.975,0.766423,2,0.5,5507,655
6162,3072.93,ga_tcheby_proxy,mesh9,6,4,0,"[6-3-4]",2,42,3.27258,0.932869,0.788779,2,0.5,5508,655
6163,3073.15,ga_tcheby_proxy,mesh9,1,5,0,"[1-2-5]",2,42,3.21103,0.97,0.789474,2,0.5,5509,655
6164,3073.97,ga_tcheby_proxy,mesh9,8,6,0,"[8-7-6]",2,44,3.22898,0.97,0.780069,2,0.5,5510,655
6165,3074.11,ga_tcheby_proxy,mesh9,1,0,0,"[1-0]",1,22,1.61449,0.97,0.785595,1,0.5,5511,655
6166,3074.36,ga_tcheby_proxy,mesh9,7,1,0,"[7-4-1]",2,40,3.19307,0.975,0.782313,2,0.5,5512,655
6167,3074.75,ga_tcheby_proxy,mesh9,0,3,0,"[0-3]",1,20,1.59654,0.975,0.789474,1,0.5,5513,655
6168,3074.84,ga_tcheby_proxy,mesh9,0,4,0,"[0-1-4]",2,42,3.21103,0.97,0.789819,2,0.5,5514,655
6169,3075.41,ga_tcheby_proxy,mesh9,2,6,0,"[2-5-8-7-6]",4,84,6.42205,0.97,0.789819,4,0.5,5515,655
6170,3075.67,ga_tcheby_proxy,mesh9,1,8,0,"[1-4-7-8]",3,62,4.80756,0.97,0.790164,3,0.5,5516,655
6171,3076.57,ga_tcheby_proxy,mesh9,6,3,0,"[6-3]",1,20,1.59654,0.975,0.785235,1,0.5,5517,655
6172,3077.3,ga_tcheby_proxy,mesh9,7,0,0,"[7-4-3-0]",3,62,4.80756,0.97,0.784512,3,0.5,5518,655
6173,3077.72,ga_tcheby_proxy,mesh9,7,4,0,"[7-4]",1,20,1.59654,0.975,0.780446,1,0.5,5519,655
6174,3079.43,ga_tcheby_proxy,mesh9,7,6,0,"[7-6]",1,22,1.61449,0.97,0.780822,1,0.5,5520,655
6175,3079.73,ga_tcheby_proxy,mesh9,7,3,0,"[7-4-3]",2,42,3.21103,0.97,0.784874,2,0.5,5521,655
6176,3081.89,ga_tcheby_proxy,mesh9,3,1,0,"[3-0-1]",2,42,3.21103,0.97,0.781942,2,0.5,5522,655
6177,3084.22,ga_tcheby_proxy,mesh9,3,2,0,"[3-0-1-2]",3,64,4.82552,0.97,0.788779,3,0.5,5523,655
6178,3084.57,ga_tcheby_proxy,mesh9,2,7,0,"[2-5-4-7]",3,62,4.80756,0.97,0.790164,3,0.5,5524,655
6179,3085.08,ga_tcheby_proxy,mesh9,8,0,0,"[8-5-4-3-0]",4,84,6.42205,0.97,0.785235,4,0.5,5525,655
6180,3085.33,ga_tcheby_proxy,mesh9,5,2,0,"[5-2]",1,20,1.59654,0.975,0.753372,1,0.5,5526,655
6181,3086.16,ga_tcheby_proxy,mesh9,8,7,0,"[8-7]",1,22,1.61449,0.97,0.777778,1,0.5,5527,655
6182,3086.56,ga_tcheby_proxy,mesh9,5,1,0,"[5-2-1]",2,42,3.21103,0.97,0.782313,2,0.5,5528,655
6183,3086.96,ga_tcheby_proxy,mesh9,5,6,0,"[5-8-7-6]",3,64,4.82552,0.97,0.783784,3,0.5,5529,655
6184,3087.33,ga_tcheby_proxy,mesh9,5,3,0,"[5-4-3]",2,44,3.22898,0.97,0.785595,2,0.5,5530,655
6185,3087.45,ga_tcheby_proxy,mesh9,8,5,0,"[8-5]",1,20,1.59654,0.975,0.767273,1,0.5,5531,655
6186,3087.61,ga_tcheby_proxy,mesh9,5,3,0,"[5-4-3]",2,44,3.22898,0.97,0.785953,2,0.5,5532,655
6187,3087.61,ga_tcheby_proxy,mesh9,7,1,0,"[7-4-1]",2,40,3.27028,0.950716,0.785223,2,0.5,5533,655
6188,3088.8,ga_tcheby_proxy,mesh9,3,0,0,"[3-0]",1,20,1.59654,0.975,0.783051,1,0.5,5534,655
6189,3089.95,ga_tcheby_proxy,mesh9,8,3,0,"[8-7-6-3]",3,64,4.82552,0.97,0.785595,3,0.5,5535,655
6190,3090.03,ga_tcheby_proxy,mesh9,5,2,0,"[5-2]",1,20,1.59654,0.975,0.754319,1,0.5,5536,655
6191,3090.36,ga_tcheby_proxy,mesh9,2,5,0,"[2-5]",1,20,1.59654,0.975,0.790507,1,0.5,5537,655
6192,3090.5,ga_tcheby_proxy,mesh9,1,6,0,"[1-0-3-6]",3,62,4.80756,0.97,0.789819,3,0.5,5538,655
6193,3092.3,ga_tcheby_proxy,mesh9,6,7,0,"[6-7]",1,22,1.61449,0.97,0.78843,1,0.5,5539,655
6194,3092.51,ga_tcheby_proxy,mesh9,5,0,0,"[5-2-1-0]",3,64,4.82552,0.97,0.786311,3,0.5,5540,655
6195,3092.83,ga_tcheby_proxy,mesh9,2,1,0,"[2-1]",1,22,1.61449,0.97,0.783051,1,0.5,5541,655
6196,3093.12,ga_tcheby_proxy,mesh9,5,7,0,"[5-8-7]",2,42,3.21103,0.97,0.784148,2,0.5,5542,655
6197,3093.4,ga_tcheby_proxy,mesh9,0,4,0,"[0-3-4]",2,42,3.21103,0.97,0.790164,2,0.5,5543,655
6198,3094.12,ga_tcheby_proxy,mesh9,0,4,0,"[0-3-4]",2,42,3.21103,0.97,0.790507,2,0.5,5544,655
6199,3094.33,ga_tcheby_proxy,mesh9,0,5,0,"[0-1-4-5]",3,64,4.82552,0.97,0.790507,3,0.5,5545,655
6200,3094.88,ga_tcheby_proxy,mesh9,6,5,0,"[6-7-4-5]",3,64,4.82552,0.97,0.788779,3,0.5,5546,655
6201,3095.35,ga_tcheby_proxy,mesh9,6,8,0,"[6-7-8]",2,44,3.22898,0.97,0.789127,2,0.5,5547,655
6202,3096.06,ga_tcheby_proxy,mesh9,3,7,0,"[3-6-7]",2,42,3.21103,0.97,0.789474,2,0.5,5548,655
6203,3096.18,ga_tcheby_proxy,mesh9,2,8,0,"[2-5-8]",2,40,3.19307,0.975,0.79085,2,0.5,5549,655
6204,3096.74,ga_tcheby_proxy,mesh9,1,0,0,"[1-0]",1,22,1.61449,0.97,0.786667,1,0.5,5550,655
6205,3097.36,ga_tcheby_proxy,mesh9,5,1,0,"[5-2-1]",2,42,3.21103,0.97,0.783418,2,0.5,5551,655
6206,3097.72,ga_tcheby_proxy,mesh9,0,1,0,"[0-1]",1,22,1.61449,0.97,0.769369,1,0.5,5552,655
6207,3097.95,ga_tcheby_proxy,mesh9,2,4,0,"[2-1-4]",2,42,3.21103,0.97,0.79085,2,0.5,5553,655
6208,3097.99,ga_tcheby_proxy,mesh9,2,5,1,"[]",0,0,0,0,0,0,0.5,5553,656
6209,3098.09,ga_tcheby_proxy,mesh9,6,5,0,"[6-7-8-5]",3,64,4.82552,0.97,0.789819,3,0.5,5554,656
6210,3099.86,ga_tcheby_proxy,mesh9,8,4,0,"[8-7-4]",2,42,3.21103,0.97,0.781942,2,0.5,5555,656
6211,3100.44,ga_tcheby_proxy,mesh9,7,0,0,"[7-6-3-0]",3,62,4.80756,0.97,0.785953,3,0.5,5556,656
6212,3100.46,ga_tcheby_proxy,mesh9,0,3,1,"[]",0,0,0,0,0,0,0.5,5556,657
6213,3100.94,ga_tcheby_proxy,mesh9,0,4,0,"[0-3-4]",2,42,3.21103,0.97,0.79085,2,0.5,5557,657
6214,3101.92,ga_tcheby_proxy,mesh9,4,2,0,"[4-5-2]",2,42,3.21103,0.97,0.78843,2,0.5,5558,657
6215,3102.62,ga_tcheby_proxy,mesh9,0,7,0,"[0-1-4-7]",3,62,4.80756,0.97,0.791191,3,0.5,5559,657
6216,3102.96,ga_tcheby_proxy,mesh9,8,4,0,"[8-7-4]",2,42,3.21103,0.97,0.782313,2,0.5,5560,657
6217,3103.26,ga_tcheby_proxy,mesh9,5,0,0,"[5-4-3-0]",3,64,4.82552,0.97,0.786311,3,0.5,5561,657
6218,3103.28,ga_tcheby_proxy,mesh9,3,0,1,"[]",0,0,0,0,0,0,0.5,5561,658
6219,3106.37,ga_tcheby_proxy,mesh9,7,5,0,"[7-8-5]",2,42,3.21103,0.97,0.78843,2,0.5,5562,658
6220,3106.7,ga_tcheby_proxy,mesh9,8,6,0,"[8-7-6]",2,44,3.22898,0.97,0.782313,2,0.5,5563,658
6221,3108.36,ga_tcheby_proxy,mesh9,3,6,0,"[3-6]",1,20,1.59654,0.975,0.778929,1,0.5,5564,658
6222,3108.77,ga_tcheby_proxy,mesh9,8,4,0,"[8-7-4]",2,42,3.21103,0.97,0.782683,2,0.5,5565,658
6223,3109.04,ga_tcheby_proxy,mesh9,6,1,0,"[6-3-0-1]",3,62,4.80756,0.97,0.786311,3,0.5,5566,658
6224,3109.14,ga_tcheby_proxy,mesh9,8,2,0,"[8-5-2]",2,40,3.19307,0.975,0.768535,2,0.5,5567,658
6225,3109.18,ga_tcheby_proxy,mesh9,8,5,1,"[]",0,0,0,0,0,0,0.5,5567,659
6226,3109.33,ga_tcheby_proxy,mesh9,5,0,0,"[5-4-3-0]",3,64,4.82552,0.97,0.786667,3,0.5,5568,659
6227,3109.61,ga_tcheby_proxy,mesh9,5,6,0,"[5-8-7-6]",3,64,4.82552,0.97,0.784874,3,0.5,5569,659
6228,3110.23,ga_tcheby_proxy,mesh9,6,0,0,"[6-3-0]",2,40,3.19307,0.975,0.786667,2,0.5,5570,659
6229,3110.24,ga_tcheby_proxy,mesh9,1,4,1,"[]",0,0,0,0,0,0,0.5,5570,660
6230,3110.79,ga_tcheby_proxy,mesh9,6,2,0,"[6-3-0-1-2]",4,84,6.42205,0.97,0.789127,4,0.5,5571,660
6231,3110.87,ga_tcheby_proxy,mesh9,1,2,0,"[1-2]",1,22,1.61449,0.97,0.789474,1,0.5,5572,660
6232,3111.47,ga_tcheby_proxy,mesh9,2,1,0,"[2-1]",1,22,1.61449,0.97,0.784148,1,0.5,5573,660
6233,3111.52,ga_tcheby_proxy,mesh9,7,8,1,"[]",0,0,0,0,0,0,0.5,5573,661
6234,3111.83,ga_tcheby_proxy,mesh9,5,4,0,"[5-4]",1,22,1.61449,0.97,0.784512,1,0.5,5574,661
6235,3112.41,ga_tcheby_proxy,mesh9,6,7,0,"[6-7]",1,22,1.61449,0.97,0.790164,1,0.5,5575,661
6236,3112.78,ga_tcheby_proxy,mesh9,8,5,0,"[8-5]",1,20,1.59654,0.975,0.768953,1,0.5,5576,661
6237,3112.78,ga_tcheby_proxy,mesh9,4,7,1,"[]",0,0,0,0,0,0,0.5,5576,662
6238,3113.45,ga_tcheby_proxy,mesh9,5,7,0,"[5-8-7]",2,42,3.21103,0.97,0.785235,2,0.5,5577,662
6239,3114.04,ga_tcheby_proxy,mesh9,1,8,0,"[1-2-5-8]",3,62,4.80756,0.97,0.791191,3,0.5,5578,662
6240,3114.29,ga_tcheby_proxy,mesh9,7,3,0,"[7-4-3]",2,42,3.21103,0.97,0.787022,2,0.5,5579,662
6241,3115.29,ga_tcheby_proxy,mesh9,1,4,0,"[1-4]",1,20,1.59654,0.975,0.791531,1,0.5,5580,662
6242,3115.71,ga_tcheby_proxy,mesh9,6,8,0,"[6-7-8]",2,44,3.22898,0.97,0.790507,2,0.5,5581,662
6243,3115.88,ga_tcheby_proxy,mesh9,2,8,0,"[2-5-8]",2,40,3.19307,0.975,0.791531,2,0.5,5582,662
6244,3116.79,ga_tcheby_proxy,mesh9,3,7,0,"[3-4-7]",2,42,3.21103,0.97,0.790164,2,0.5,5583,662
6245,3116.97,ga_tcheby_proxy,mesh9,3,5,0,"[3-4-5]",2,44,3.22898,0.97,0.790507,2,0.5,5584,662
6246,3117,ga_tcheby_proxy,mesh9,8,4,1,"[]",0,0,0,0,0,0,0.5,5584,663
6247,3117.31,ga_tcheby_proxy,mesh9,0,3,0,"[0-3]",1,20,1.59654,0.975,0.791191,1,0.5,5585,663
6248,3119.67,ga_tcheby_proxy,mesh9,7,5,0,"[7-4-5]",2,42,3.21103,0.97,0.789127,2,0.5,5586,663
6249,3120.06,ga_tcheby_proxy,mesh9,8,1,0,"[8-7-4-1]",3,62,4.80756,0.97,0.783784,3,0.5,5587,663
6250,3121.21,ga_tcheby_proxy,mesh9,8,2,0,"[8-5-2]",2,40,3.19307,0.975,0.769369,2,0.5,5588,663
6251,3121.29,ga_tcheby_proxy,mesh9,4,0,0,"[4-3-0]",2,42,3.21103,0.97,0.787375,2,0.5,5589,663
6252,3122.51,ga_tcheby_proxy,mesh9,8,0,0,"[8-7-4-1-0]",4,84,6.42205,0.97,0.787022,4,0.5,5590,663
6253,3122.94,ga_tcheby_proxy,mesh9,6,7,0,"[6-7]",1,22,1.61449,0.97,0.79085,1,0.5,5591,663
6254,3123.64,ga_tcheby_proxy,mesh9,2,7,0,"[2-1-4-7]",3,62,4.80756,0.97,0.79187,3,0.5,5592,663
6255,3123.93,ga_tcheby_proxy,mesh9,5,6,0,"[5-8-7-6]",3,64,4.82552,0.97,0.786311,3,0.5,5593,663
6256,3123.95,ga_tcheby_proxy,mesh9,0,2,1,"[]",0,0,0,0,0,0,0.5,5593,664
6257,3124.27,ga_tcheby_proxy,mesh9,7,1,0,"[7-4-1]",2,40,3.19307,0.975,0.784512,2,0.5,5594,664
6258,3125.23,ga_tcheby_proxy,mesh9,0,1,0,"[0-1]",1,22,1.61449,0.97,0.77102,1,0.5,5595,664
6259,3125.93,ga_tcheby_proxy,mesh9,3,7,0,"[3-4-7]",2,42,3.21103,0.97,0.79085,2,0.5,5596,664
6260,3126.1,ga_tcheby_proxy,mesh9,2,6,0,"[2-1-0-3-6]",4,84,6.42205,0.97,0.791531,4,0.5,5597,664
6261,3126.44,ga_tcheby_proxy,mesh9,2,5,0,"[2-5]",1,20,1.59654,0.975,0.79187,1,0.5,5598,664
6262,3127.36,ga_tcheby_proxy,mesh9,0,7,0,"[0-3-4-7]",3,62,4.80756,0.97,0.79187,3,0.5,5599,664
6263,3127.59,ga_tcheby_proxy,mesh9,5,4,0,"[5-4]",1,22,1.61449,0.97,0.784874,1,0.5,5600,664
6264,3128.07,ga_tcheby_proxy,mesh9,3,1,0,"[3-0-1]",2,42,3.21103,0.97,0.785953,2,0.5,5601,664
6265,3128.24,ga_tcheby_proxy,mesh9,0,5,0,"[0-1-2-5]",3,64,4.82552,0.97,0.792208,3,0.5,5602,664
6266,3128.47,ga_tcheby_proxy,mesh9,6,1,0,"[6-3-0-1]",3,62,4.80756,0.97,0.787375,3,0.5,5603,664
6267,3129.23,ga_tcheby_proxy,mesh9,4,0,0,"[4-1-0]",2,42,3.21103,0.97,0.787728,2,0.5,5604,664
6268,3130.12,ga_tcheby_proxy,mesh9,6,7,0,"[6-7]",1,22,1.61449,0.97,0.791191,1,0.5,5605,664
6269,3130.56,ga_tcheby_proxy,mesh9,8,4,0,"[8-7-4]",2,42,3.21103,0.97,0.784874,2,0.5,5606,664
6270,3131.41,ga_tcheby_proxy,mesh9,4,6,0,"[4-3-6]",2,42,3.21103,0.97,0.787728,2,0.5,5607,664
6271,3131.42,ga_tcheby_proxy,mesh9,8,1,1,"[]",0,0,0,0,0,0,0.5,5607,665
6272,3131.58,ga_tcheby_proxy,mesh9,5,4,0,"[5-4]",1,22,1.61449,0.97,0.785235,1,0.5,5608,665
6273,3131.78,ga_tcheby_proxy,mesh9,7,0,0,"[7-6-3-0]",3,62,4.80756,0.97,0.787728,3,0.5,5609,665
6274,3131.84,ga_tcheby_proxy,mesh9,4,2,0,"[4-5-2]",2,42,3.31886,0.906771,0.789474,2,0.5,5610,665
6275,3132.14,ga_tcheby_proxy,mesh9,7,6,0,"[7-6]",1,22,1.61449,0.97,0.783784,1,0.5,5611,665
6276,3132.23,ga_tcheby_proxy,mesh9,6,7,0,"[6-7]",1,22,1.61449,0.97,0.791531,1,0.5,5612,665
6277,3132.42,ga_tcheby_proxy,mesh9,0,3,0,"[0-3]",1,20,1.59654,0.975,0.792208,1,0.5,5613,665
6278,3132.5,ga_tcheby_proxy,mesh9,2,0,0,"[2-1-0]",2,44,3.22898,0.97,0.788079,2,0.5,5614,665
6279,3132.58,ga_tcheby_proxy,mesh9,0,5,0,"[0-1-4-5]",3,64,4.82552,0.97,0.792208,3,0.5,5615,665
6280,3132.61,ga_tcheby_proxy,mesh9,2,8,1,"[]",0,0,0,0,0,0,0.5,5615,666
6281,3133.41,ga_tcheby_proxy,mesh9,1,7,0,"[1-4-7]",2,40,3.19307,0.975,0.792545,2,0.5,5616,666
6282,3133.75,ga_tcheby_proxy,mesh9,8,2,0,"[8-5-2]",2,40,3.19307,0.975,0.769784,2,0.5,5617,666
6283,3134.1,ga_tcheby_proxy,mesh9,4,0,0,"[4-3-0]",2,42,3.21103,0.97,0.788079,2,0.5,5618,666
6284,3134.23,ga_tcheby_proxy,mesh9,5,4,0,"[5-4]",1,22,1.61449,0.97,0.785595,1,0.5,5619,666
6285,3134.41,ga_tcheby_proxy,mesh9,3,7,0,"[3-4-7]",2,42,3.21103,0.97,0.791531,2,0.5,5620,666
6286,3135.14,ga_tcheby_proxy,mesh9,2,5,0,"[2-5]",1,20,1.59654,0.975,0.792545,1,0.5,5621,666
6287,3135.14,ga_tcheby_proxy,mesh9,0,6,0,"[0-3-6]",2,40,3.28811,0.945593,0.792545,2,0.5,5622,666
6288,3136.48,ga_tcheby_proxy,mesh9,5,6,0,"[5-8-7-6]",3,64,4.82552,0.97,0.786667,3,0.5,5623,666
6289,3136.8,ga_tcheby_proxy,mesh9,7,6,0,"[7-6]",1,22,1.61449,0.97,0.784512,1,0.5,5624,666
6290,3136.93,ga_tcheby_proxy,mesh9,5,1,0,"[5-2-1]",2,42,3.21103,0.97,0.785595,2,0.5,5625,666
6291,3136.94,ga_tcheby_proxy,mesh9,3,5,1,"[]",0,0,0,0,0,0,0.5,5625,667
6292,3137.62,ga_tcheby_proxy,mesh9,6,7,0,"[6-7]",1,22,1.61449,0.97,0.79187,1,0.5,5626,667
6293,3137.64,ga_tcheby_proxy,mesh9,3,0,1,"[]",0,0,0,0,0,0,0.5,5626,668
6294,3137.7,ga_tcheby_proxy,mesh9,3,5,1,"[]",0,0,0,0,0,0,0.5,5626,669
6295,3137.9,ga_tcheby_proxy,mesh9,7,6,0,"[7-6]",1,22,1.61449,0.97,0.784874,1,0.5,5627,669
6296,3138.98,ga_tcheby_proxy,mesh9,6,4,0,"[6-3-4]",2,42,3.21103,0.97,0.79187,2,0.5,5628,669
6297,3139.09,ga_tcheby_proxy,mesh9,7,5,0,"[7-8-5]",2,42,3.21103,0.97,0.789127,2,0.5,5629,669
6298,3139.14,ga_tcheby_proxy,mesh9,3,5,1,"[]",0,0,0,0,0,0,0.5,5629,670
6299,3139.46,ga_tcheby_proxy,mesh9,4,5,0,"[4-5]",1,22,1.61449,0.97,0.790164,1,0.5,5630,670
6300,3140.21,ga_tcheby_proxy,mesh9,6,5,0,"[6-3-4-5]",3,64,4.82552,0.97,0.792208,3,0.5,5631,670
6301,3141.45,ga_tcheby_proxy,mesh9,2,0,0,"[2-1-0]",2,44,3.22898,0.97,0.78843,2,0.5,5632,670
6302,3141.93,ga_tcheby_proxy,mesh9,6,2,0,"[6-3-0-1-2]",4,84,6.42205,0.97,0.790507,4,0.5,5633,670
6303,3142.55,ga_tcheby_proxy,mesh9,8,4,0,"[8-7-4]",2,42,3.21103,0.97,0.785235,2,0.5,5634,670
6304,3143.1,ga_tcheby_proxy,mesh9,8,6,0,"[8-7-6]",2,44,3.22898,0.97,0.785235,2,0.5,5635,670
6305,3143.31,ga_tcheby_proxy,mesh9,0,5,0,"[0-1-4-5]",3,64,4.82552,0.97,0.79288,3,0.5,5636,670
6306,3143.64,ga_tcheby_proxy,mesh9,4,1,0,"[4-1]",1,20,1.59654,0.975,0.784512,1,0.5,5637,670
6307,3143.8,ga_tcheby_proxy,mesh9,3,4,0,"[3-4]",1,22,1.61449,0.97,0.792545,1,0.5,5638,670
6308,3144.2,ga_tcheby_proxy,mesh9,1,6,0,"[1-0-3-6]",3,62,4.80756,0.97,0.79288,3,0.5,5639,670
6309,3144.24,ga_tcheby_proxy,mesh9,6,1,1,"[]",0,0,0,0,0,0,0.5,5639,671
6310,3144.42,ga_tcheby_proxy,mesh9,3,1,0,"[3-0-1]",2,42,3.21103,0.97,0.787728,2,0.5,5640,671
6311,3144.45,ga_tcheby_proxy,mesh9,2,7,1,"[]",0,0,0,0,0,0,0.5,5640,672
6312,3144.91,ga_tcheby_proxy,mesh9,6,0,0,"[6-3-0]",2,40,3.19307,0.975,0.789127,2,0.5,5641,672
6313,3145.19,ga_tcheby_proxy,mesh9,3,0,0,"[3-0]",1,20,1.59654,0.975,0.78843,1,0.5,5642,672
6314,3145.2,ga_tcheby_proxy,mesh9,0,4,1,"[]",0,0,0,0,0,0,0.5,5642,673
6315,3145.56,ga_tcheby_proxy,mesh9,5,2,0,"[5-2]",1,20,1.59654,0.975,0.758491,1,0.5,5643,673
6316,3146.02,ga_tcheby_proxy,mesh9,7,2,0,"[7-8-5-2]",3,62,4.80756,0.97,0.789474,3,0.5,5644,673
6317,3146.49,ga_tcheby_proxy,mesh9,5,6,0,"[5-8-7-6]",3,64,4.82552,0.97,0.787022,3,0.5,5645,673
6318,3146.82,ga_tcheby_proxy,mesh9,7,0,0,"[7-4-3-0]",3,62,4.80756,0.97,0.788779,3,0.5,5646,673
6319,3146.92,ga_tcheby_proxy,mesh9,2,5,0,"[2-5]",1,20,1.59654,0.975,0.79288,1,0.5,5647,673
6320,3147.09,ga_tcheby_proxy,mesh9,4,6,0,"[4-3-6]",2,42,3.21103,0.97,0.788779,2,0.5,5648,673
6321,3147.19,ga_tcheby_proxy,mesh9,0,4,0,"[0-3-4]",2,42,3.21103,0.97,0.793215,2,0.5,5649,673
6322,3147.54,ga_tcheby_proxy,mesh9,2,1,0,"[2-1]",1,22,1.61449,0.97,0.786311,1,0.5,5650,673
6323,3147.92,ga_tcheby_proxy,mesh9,1,5,0,"[1-2-5]",2,42,3.21103,0.97,0.793215,2,0.5,5651,673
6324,3148.17,ga_tcheby_proxy,mesh9,8,0,0,"[8-7-4-1-0]",4,84,6.42205,0.97,0.789127,4,0.5,5652,673
6325,3148.46,ga_tcheby_proxy,mesh9,6,5,0,"[6-7-8-5]",3,64,4.82552,0.97,0.792208,3,0.5,5653,673
6326,3148.72,ga_tcheby_proxy,mesh9,6,7,0,"[6-7]",1,22,1.61449,0.97,0.792545,1,0.5,5654,673
6327,3150.62,ga_tcheby_proxy,mesh9,4,2,0,"[4-1-2]",2,42,3.21103,0.97,0.791191,2,0.5,5655,673
6328,3150.62,ga_tcheby_proxy,mesh9,7,0,0,"[7-6-3-0]",3,62,4.84437,0.96238,0.789474,3,0.5,5656,673
6329,3150.7,ga_tcheby_proxy,mesh9,8,2,0,"[8-5-2]",2,40,3.211,0.963769,0.771429,2,0.5,5657,673
6330,3151.16,ga_tcheby_proxy,mesh9,3,0,0,"[3-0]",1,20,1.59654,0.975,0.789474,1,0.5,5658,673
6331,3151.29,ga_tcheby_proxy,mesh9,2,5,0,"[2-5]",1,20,1.59654,0.975,0.793548,1,0.5,5659,673
6332,3151.57,ga_tcheby_proxy,mesh9,7,2,0,"[7-8-5-2]",3,62,4.80756,0.97,0.790164,3,0.5,5660,673
6333,3152.18,ga_tcheby_proxy,mesh9,2,8,0,"[2-5-8]",2,40,3.19307,0.975,0.793881,2,0.5,5661,673
6334,3152.25,ga_tcheby_proxy,mesh9,8,2,0,"[8-5-2]",2,40,3.24586,0.942652,0.772242,2,0.5,5662,673
6335,3152.66,ga_tcheby_proxy,mesh9,2,7,0,"[2-1-4-7]",3,62,4.80756,0.97,0.793215,3,0.5,5663,673
6336,3152.98,ga_tcheby_proxy,mesh9,5,8,0,"[5-8]",1,20,1.59654,0.975,0.787728,1,0.5,5664,673
6337,3153.38,ga_tcheby_proxy,mesh9,7,3,0,"[7-4-3]",2,42,3.21103,0.97,0.789127,2,0.5,5665,673
6338,3153.52,ga_tcheby_proxy,mesh9,5,2,0,"[5-2]",1,20,1.59654,0.975,0.760748,1,0.5,5666,673
6339,3153.62,ga_tcheby_proxy,mesh9,5,8,0,"[5-8]",1,20,1.59654,0.975,0.788079,1,0.5,5667,673
6340,3154.64,ga_tcheby_proxy,mesh9,3,8,0,"[3-6-7-8]",3,64,4.82552,0.97,0.79288,3,0.5,5668,673
6341,3154.74,ga_tcheby_proxy,mesh9,3,8,0,"[3-6-7-8]",3,64,4.82552,0.97,0.793215,3,0.5,5669,673
6342,3154.88,ga_tcheby_proxy,mesh9,8,4,0,"[8-5-4]",2,42,3.21103,0.97,0.785953,2,0.5,5670,673
6343,3154.88,ga_tcheby_proxy,mesh9,4,2,0,"[4-5-2]",2,42,3.23469,0.962653,0.792484,2,0.5,5671,673
6344,3155.58,ga_tcheby_proxy,mesh9,8,4,0,"[8-5-4]",2,42,3.21103,0.97,0.786311,2,0.5,5672,673
6345,3155.92,ga_tcheby_proxy,mesh9,0,7,0,"[0-3-4-7]",3,62,4.80756,0.97,0.793548,3,0.5,5673,673
6346,3157.11,ga_tcheby_proxy,mesh9,5,2,0,"[5-2]",1,20,1.59654,0.975,0.761639,1,0.5,5674,673
6347,3157.33,ga_tcheby_proxy,mesh9,3,2,0,"[3-0-1-2]",3,64,4.82552,0.97,0.791531,3,0.5,5675,673
6348,3157.34,ga_tcheby_proxy,mesh9,0,4,1,"[]",0,0,0,0,0,0,0.5,5675,674
6349,3158.25,ga_tcheby_proxy,mesh9,0,3,0,"[0-3]",1,20,1.59654,0.975,0.793881,1,0.5,5676,674
6350,3158.44,ga_tcheby_proxy,mesh9,4,7,0,"[4-7]",1,20,1.59654,0.975,0.791191,1,0.5,5677,674
6351,3158.46,ga_tcheby_proxy,mesh9,3,7,1,"[]",0,0,0,0,0,0,0.5,5677,675
6352,3159.55,ga_tcheby_proxy,mesh9,0,5,0,"[0-1-4-5]",3,64,4.82552,0.97,0.793548,3,0.5,5678,675
6353,3159.68,ga_tcheby_proxy,mesh9,0,3,0,"[0-3]",1,20,1.59654,0.975,0.794212,1,0.5,5679,675
6354,3159.99,ga_tcheby_proxy,mesh9,5,3,0,"[5-4-3]",2,44,3.22898,0.97,0.789474,2,0.5,5680,675
6355,3161.79,ga_tcheby_proxy,mesh9,3,8,0,"[3-6-7-8]",3,64,4.82552,0.97,0.793548,3,0.5,5681,675
6356,3162.09,ga_tcheby_proxy,mesh9,2,5,0,"[2-5]",1,20,1.59654,0.975,0.794212,1,0.5,5682,675
6357,3162.19,ga_tcheby_proxy,mesh9,6,4,0,"[6-3-4]",2,42,3.21103,0.97,0.793548,2,0.5,5683,675
6358,3162.75,ga_tcheby_proxy,mesh9,7,1,0,"[7-4-1]",2,40,3.19307,0.975,0.786667,2,0.5,5684,675
6359,3165.03,ga_tcheby_proxy,mesh9,0,2,0,"[0-1-2]",2,44,3.22898,0.97,0.79187,2,0.5,5685,675
6360,3165.34,ga_tcheby_proxy,mesh9,7,0,0,"[7-4-1-0]",3,62,4.80756,0.97,0.789474,3,0.5,5686,675
6361,3165.48,ga_tcheby_proxy,mesh9,2,8,0,"[2-5-8]",2,40,3.19307,0.975,0.794543,2,0.5,5687,675
6362,3165.94,ga_tcheby_proxy,mesh9,4,8,0,"[4-7-8]",2,42,3.21103,0.97,0.791531,2,0.5,5688,675
6363,3166.09,ga_tcheby_proxy,mesh9,7,4,0,"[7-4]",1,20,1.59654,0.975,0.787375,1,0.5,5689,675
6364,3166.33,ga_tcheby_proxy,mesh9,8,3,0,"[8-5-4-3]",3,64,4.82552,0.97,0.789819,3,0.5,5690,675
6365,3167.42,ga_tcheby_proxy,mesh9,5,0,0,"[5-2-1-0]",3,64,4.82552,0.97,0.789819,3,0.5,5691,675
6366,3167.65,ga_tcheby_proxy,mesh9,4,7,0,"[4-7]",1,20,1.59654,0.975,0.79187,1,0.5,5692,675
6367,3168.09,ga_tcheby_proxy,mesh9,6,8,0,"[6-7-8]",2,44,3.22898,0.97,0.793881,2,0.5,5693,675
6368,3168.24,ga_tcheby_proxy,mesh9,0,1,0,"[0-1]",1,22,1.61449,0.97,0.775439,1,0.5,5694,675
6369,3168.71,ga_tcheby_proxy,mesh9,7,8,0,"[7-8]",1,22,1.61449,0.97,0.792208,1,0.5,5695,675
6370,3169.22,ga_tcheby_proxy,mesh9,4,1,0,"[4-1]",1,20,1.59654,0.975,0.786311,1,0.5,5696,675
6371,3169.23,ga_tcheby_proxy,mesh9,1,2,1,"[]",0,0,0,0,0,0,0.5,5696,676
6372,3169.26,ga_tcheby_proxy,mesh9,8,0,1,"[]",0,0,0,0,0,0,0.5,5696,677
6373,3170.36,ga_tcheby_proxy,mesh9,6,1,0,"[6-3-0-1]",3,62,4.80756,0.97,0.790164,3,0.5,5697,677
6374,3170.69,ga_tcheby_proxy,mesh9,6,8,0,"[6-7-8]",2,44,3.22898,0.97,0.794212,2,0.5,5698,677
6375,3170.7,ga_tcheby_proxy,mesh9,3,2,1,"[]",0,0,0,0,0,0,0.5,5698,678
6376,3172.42,ga_tcheby_proxy,mesh9,2,5,0,"[2-5]",1,20,1.59654,0.975,0.794872,1,0.5,5699,678
6377,3172.6,ga_tcheby_proxy,mesh9,5,1,0,"[5-2-1]",2,42,3.21103,0.97,0.787375,2,0.5,5700,678
6378,3172.63,ga_tcheby_proxy,mesh9,2,5,1,"[]",0,0,0,0,0,0,0.5,5700,679
6379,3172.8,ga_tcheby_proxy,mesh9,8,7,0,"[8-7]",1,22,1.61449,0.97,0.784874,1,0.5,5701,679
6380,3173.12,ga_tcheby_proxy,mesh9,5,6,0,"[5-8-7-6]",3,64,4.82552,0.97,0.788779,3,0.5,5702,679
6381,3173.18,ga_tcheby_proxy,mesh9,3,0,1,"[]",0,0,0,0,0,0,0.5,5702,680
6382,3173.37,ga_tcheby_proxy,mesh9,0,7,0,"[0-1-4-7]",3,62,4.80756,0.97,0.793881,3,0.5,5703,680
6383,3173.71,ga_tcheby_proxy,mesh9,2,3,0,"[2-1-4-3]",3,64,4.82552,0.97,0.794212,3,0.5,5704,680
6384,3173.91,ga_tcheby_proxy,mesh9,8,6,0,"[8-7-6]",2,44,3.22898,0.97,0.786667,2,0.5,5705,680
6385,3175.88,ga_tcheby_proxy,mesh9,5,4,0,"[5-4]",1,22,1.61449,0.97,0.787375,1,0.5,5706,680
6386,3176.37,ga_tcheby_proxy,mesh9,6,5,0,"[6-3-4-5]",3,64,4.82552,0.97,0.793881,3,0.5,5707,680
6387,3176.67,ga_tcheby_proxy,mesh9,8,3,0,"[8-5-4-3]",3,64,4.82552,0.97,0.790507,3,0.5,5708,680
6388,3176.92,ga_tcheby_proxy,mesh9,6,3,0,"[6-3]",1,20,1.59654,0.975,0.79085,1,0.5,5709,680
6389,3177.2,ga_tcheby_proxy,mesh9,0,4,0,"[0-1-4]",2,42,3.21103,0.97,0.794543,2,0.5,5710,680
6390,3177.66,ga_tcheby_proxy,mesh9,6,1,0,"[6-3-0-1]",3,62,4.80756,0.97,0.791191,3,0.5,5711,680
6391,3177.98,ga_tcheby_proxy,mesh9,8,0,0,"[8-7-4-1-0]",4,84,6.42205,0.97,0.790164,4,0.5,5712,680
6392,3178.14,ga_tcheby_proxy,mesh9,7,4,0,"[7-4]",1,20,1.59654,0.975,0.788079,1,0.5,5713,680
6393,3178.52,ga_tcheby_proxy,mesh9,0,2,0,"[0-1-2]",2,44,3.22898,0.97,0.792208,2,0.5,5714,680
6394,3180.78,ga_tcheby_proxy,mesh9,3,1,0,"[3-0-1]",2,42,3.21103,0.97,0.79085,2,0.5,5715,680
6395,3180.83,ga_tcheby_proxy,mesh9,4,8,1,"[]",0,0,0,0,0,0,0.5,5715,681
6396,3180.86,ga_tcheby_proxy,mesh9,8,4,1,"[]",0,0,0,0,0,0,0.5,5715,682
6397,3181.13,ga_tcheby_proxy,mesh9,0,1,0,"[0-1]",1,22,1.61449,0.97,0.778163,1,0.5,5716,682
6398,3181.42,ga_tcheby_proxy,mesh9,6,7,0,"[6-7]",1,22,1.61449,0.97,0.794543,1,0.5,5717,682
6399,3181.79,ga_tcheby_proxy,mesh9,8,4,0,"[8-5-4]",2,42,3.21103,0.97,0.788079,2,0.5,5718,682
6400,3181.91,ga_tcheby_proxy,mesh9,1,4,0,"[1-4]",1,20,1.59654,0.975,0.794872,1,0.5,5719,682
6401,3182.5,ga_tcheby_proxy,mesh9,6,2,0,"[6-3-0-1-2]",4,84,6.42205,0.97,0.792545,4,0.5,5720,682
6402,3182.75,ga_tcheby_proxy,mesh9,7,6,0,"[7-6]",1,22,1.61449,0.97,0.787022,1,0.5,5721,682
6403,3182.88,ga_tcheby_proxy,mesh9,3,5,0,"[3-4-5]",2,44,3.22898,0.97,0.794212,2,0.5,5722,682
6404,3183.24,ga_tcheby_proxy,mesh9,0,3,0,"[0-3]",1,20,1.59654,0.975,0.794543,1,0.5,5723,682
6405,3183.48,ga_tcheby_proxy,mesh9,3,7,0,"[3-4-7]",2,42,3.21103,0.97,0.794543,2,0.5,5724,682
6406,3184.89,ga_tcheby_proxy,mesh9,2,1,0,"[2-1]",1,22,1.61449,0.97,0.788079,1,0.5,5725,682
6407,3185.14,ga_tcheby_proxy,mesh9,5,3,0,"[5-4-3]",2,44,3.22898,0.97,0.79085,2,0.5,5726,682
6408,3185.4,ga_tcheby_proxy,mesh9,0,7,0,"[0-3-6-7]",3,62,4.80756,0.97,0.794872,3,0.5,5727,682
6409,3186.24,ga_tcheby_proxy,mesh9,8,2,0,"[8-5-2]",2,40,3.19307,0.975,0.774648,2,0.5,5728,682
6410,3187.21,ga_tcheby_proxy,mesh9,3,5,0,"[3-4-5]",2,44,3.22898,0.97,0.794872,2,0.5,5729,682
6411,3187.25,ga_tcheby_proxy,mesh9,5,7,1,"[]",0,0,0,0,0,0,0.5,5729,683
6412,3187.71,ga_tcheby_proxy,mesh9,8,1,0,"[8-5-2-1]",3,62,4.80756,0.97,0.78843,3,0.5,5730,683
6413,3187.75,ga_tcheby_proxy,mesh9,8,7,1,"[]",0,0,0,0,0,0,0.5,5730,684
6414,3189.92,ga_tcheby_proxy,mesh9,0,2,0,"[0-1-2]",2,44,3.22898,0.97,0.79288,2,0.5,5731,684
6415,3191.13,ga_tcheby_proxy,mesh9,5,2,0,"[5-2]",1,20,1.59654,0.975,0.763838,1,0.5,5732,684
6416,3191.19,ga_tcheby_proxy,mesh9,5,6,1,"[]",0,0,0,0,0,0,0.5,5732,685
6417,3191.29,ga_tcheby_proxy,mesh9,7,3,0,"[7-4-3]",2,42,3.21103,0.97,0.791191,2,0.5,5733,685
6418,3191.47,ga_tcheby_proxy,mesh9,6,0,0,"[6-3-0]",2,40,3.19307,0.975,0.79187,2,0.5,5734,685
6419,3192.56,ga_tcheby_proxy,mesh9,8,2,0,"[8-5-2]",2,40,3.19307,0.975,0.775439,2,0.5,5735,685
6420,3192.59,ga_tcheby_proxy,mesh9,5,6,1,"[]",0,0,0,0,0,0,0.5,5735,686
6421,3193.55,ga_tcheby_proxy,mesh9,7,8,0,"[7-8]",1,22,1.61449,0.97,0.79288,1,0.5,5736,686
6422,3194.68,ga_tcheby_proxy,mesh9,5,7,0,"[5-8-7]",2,42,3.21103,0.97,0.789127,2,0.5,5737,686
6423,3195.5,ga_tcheby_proxy,mesh9,4,8,0,"[4-5-8]",2,42,3.21103,0.97,0.79288,2,0.5,5738,686
6424,3195.52,ga_tcheby_proxy,mesh9,1,5,1,"[]",0,0,0,0,0,0,0.5,5738,687
6425,3195.67,ga_tcheby_proxy,mesh9,4,6,0,"[4-3-6]",2,42,3.21103,0.97,0.791531,2,0.5,5739,687
6426,3197.29,ga_tcheby_proxy,mesh9,7,6,0,"[7-6]",1,22,1.61449,0.97,0.787375,1,0.5,5740,687
6427,3197.54,ga_tcheby_proxy,mesh9,8,5,0,"[8-5]",1,20,1.59654,0.975,0.775832,1,0.5,5741,687
6428,3198.1,ga_tcheby_proxy,mesh9,0,8,0,"[0-1-4-7-8]",4,84,6.42205,0.97,0.7952,4,0.5,5742,687
6429,3200.18,ga_tcheby_proxy,mesh9,5,0,0,"[5-4-1-0]",3,64,4.82552,0.97,0.790507,3,0.5,5743,687
6430,3201.58,ga_tcheby_proxy,mesh9,4,7,0,"[4-7]",1,20,1.59654,0.975,0.793215,1,0.5,5744,687
6431,3201.97,ga_tcheby_proxy,mesh9,6,0,0,"[6-3-0]",2,40,3.19307,0.975,0.792208,2,0.5,5745,687
6432,3202.43,ga_tcheby_proxy,mesh9,4,6,0,"[4-3-6]",2,42,3.21103,0.97,0.79187,2,0.5,5746,687
6433,3202.49,ga_tcheby_proxy,mesh9,4,1,1,"[]",0,0,0,0,0,0,0.5,5746,688
6434,3202.6,ga_tcheby_proxy,mesh9,8,1,0,"[8-7-4-1]",3,62,4.80756,0.97,0.788779,3,0.5,5747,688
6435,3202.8,ga_tcheby_proxy,mesh9,0,7,0,"[0-3-6-7]",3,62,4.80756,0.97,0.7952,3,0.5,5748,688
6436,3203.58,ga_tcheby_proxy,mesh9,0,1,0,"[0-1]",1,22,1.61449,0.97,0.77969,1,0.5,5749,688
6437,3203.66,ga_tcheby_proxy,mesh9,2,7,0,"[2-5-4-7]",3,62,4.80756,0.97,0.7952,3,0.5,5750,688
6438,3204.18,ga_tcheby_proxy,mesh9,1,3,0,"[1-0-3]",2,42,3.21103,0.97,0.795527,2,0.5,5751,688
6439,3204.3,ga_tcheby_proxy,mesh9,6,2,0,"[6-3-0-1-2]",4,84,6.42205,0.97,0.793215,4,0.5,5752,688
6440,3204.55,ga_tcheby_proxy,mesh9,8,0,0,"[8-7-4-1-0]",4,84,6.42205,0.97,0.791191,4,0.5,5753,688
6441,3204.7,ga_tcheby_proxy,mesh9,6,3,0,"[6-3]",1,20,1.59654,0.975,0.79288,1,0.5,5754,688
6442,3205.04,ga_tcheby_proxy,mesh9,3,4,0,"[3-4]",1,22,1.61449,0.97,0.7952,1,0.5,5755,688
6443,3205.27,ga_tcheby_proxy,mesh9,3,6,0,"[3-6]",1,20,1.59654,0.975,0.783784,1,0.5,5756,688
6444,3205.5,ga_tcheby_proxy,mesh9,3,4,0,"[3-4]",1,22,1.61449,0.97,0.795527,1,0.5,5757,688
6445,3205.69,ga_tcheby_proxy,mesh9,6,5,0,"[6-7-4-5]",3,64,4.82552,0.97,0.795527,3,0.5,5758,688
6446,3207.96,ga_tcheby_proxy,mesh9,1,3,0,"[1-4-3]",2,42,3.21103,0.97,0.795527,2,0.5,5759,688
6447,3208.26,ga_tcheby_proxy,mesh9,5,7,0,"[5-8-7]",2,42,3.21103,0.97,0.789819,2,0.5,5760,688
6448,3208.28,ga_tcheby_proxy,mesh9,6,4,1,"[]",0,0,0,0,0,0,0.5,5760,689
6449,3208.84,ga_tcheby_proxy,mesh9,7,2,0,"[7-8-5-2]",3,62,4.80756,0.97,0.793548,3,0.5,5761,689
6450,3209.04,ga_tcheby_proxy,mesh9,8,4,0,"[8-5-4]",2,42,3.21103,0.97,0.789474,2,0.5,5762,689
6451,3209.75,ga_tcheby_proxy,mesh9,5,6,0,"[5-8-7-6]",3,64,4.82552,0.97,0.790164,3,0.5,5763,689
6452,3210.17,ga_tcheby_proxy,mesh9,1,8,0,"[1-2-5-8]",3,62,4.80756,0.97,0.795527,3,0.5,5764,689
6453,3210.44,ga_tcheby_proxy,mesh9,2,8,0,"[2-5-8]",2,40,3.19307,0.975,0.795853,2,0.5,5765,689
6454,3210.47,ga_tcheby_proxy,mesh9,1,2,1,"[]",0,0,0,0,0,0,0.5,5765,690
6455,3210.92,ga_tcheby_proxy,mesh9,6,5,0,"[6-7-8-5]",3,64,4.82552,0.97,0.795853,3,0.5,5766,690
6456,3211.37,ga_tcheby_proxy,mesh9,5,7,0,"[5-8-7]",2,42,3.21103,0.97,0.791191,2,0.5,5767,690
6457,3211.6,ga_tcheby_proxy,mesh9,3,7,0,"[3-4-7]",2,42,3.21103,0.97,0.795853,2,0.5,5768,690
6458,3211.88,ga_tcheby_proxy,mesh9,1,8,0,"[1-4-5-8]",3,62,4.80756,0.97,0.795853,3,0.5,5769,690
6459,3212.1,ga_tcheby_proxy,mesh9,1,0,0,"[1-0]",1,22,1.61449,0.97,0.791531,1,0.5,5770,690
6460,3212.63,ga_tcheby_proxy,mesh9,5,3,0,"[5-4-3]",2,44,3.22898,0.97,0.792545,2,0.5,5771,690
6461,3213.1,ga_tcheby_proxy,mesh9,0,8,0,"[0-3-6-7-8]",4,84,6.42205,0.97,0.796178,4,0.5,5772,690
6462,3213.41,ga_tcheby_proxy,mesh9,2,8,0,"[2-5-8]",2,40,3.19307,0.975,0.796178,2,0.5,5773,690
6463,3213.72,ga_tcheby_proxy,mesh9,7,1,0,"[7-4-1]",2,40,3.19307,0.975,0.789819,2,0.5,5774,690
6464,3213.96,ga_tcheby_proxy,mesh9,6,7,0,"[6-7]",1,22,1.61449,0.97,0.796502,1,0.5,5775,690
6465,3214.13,ga_tcheby_proxy,mesh9,2,5,0,"[2-5]",1,20,1.59654,0.975,0.796502,1,0.5,5776,690
6466,3214.38,ga_tcheby_proxy,mesh9,8,1,0,"[8-5-2-1]",3,62,4.80756,0.97,0.788779,3,0.5,5777,690
6467,3214.47,ga_tcheby_proxy,mesh9,6,2,0,"[6-3-0-1-2]",4,84,6.42205,0.97,0.793881,4,0.5,5778,690
6468,3214.52,ga_tcheby_proxy,mesh9,2,7,1,"[]",0,0,0,0,0,0,0.5,5778,691
6469,3214.59,ga_tcheby_proxy,mesh9,7,4,0,"[7-4]",1,20,1.67743,0.926293,0.790164,1,0.5,5779,691
6470,3214.79,ga_tcheby_proxy,mesh9,6,3,0,"[6-3]",1,20,1.59654,0.975,0.793548,1,0.5,5780,691
6471,3215.03,ga_tcheby_proxy,mesh9,1,7,0,"[1-4-7]",2,40,3.19307,0.975,0.796178,2,0.5,5781,691
6472,3215.05,ga_tcheby_proxy,mesh9,8,4,1,"[]",0,0,0,0,0,0,0.5,5781,692
6473,3217.34,ga_tcheby_proxy,mesh9,6,2,0,"[6-3-0-1-2]",4,84,6.42205,0.97,0.794212,4,0.5,5782,692
6474,3217.49,ga_tcheby_proxy,mesh9,7,8,0,"[7-8]",1,22,1.61449,0.97,0.794543,1,0.5,5783,692
6475,3217.53,ga_tcheby_proxy,mesh9,1,2,1,"[]",0,0,0,0,0,0,0.5,5783,693
6476,3218,ga_tcheby_proxy,mesh9,1,4,0,"[1-4]",1,20,1.59654,0.975,0.796502,1,0.5,5784,693
6477,3218.39,ga_tcheby_proxy,mesh9,2,8,0,"[2-5-8]",2,40,3.19307,0.975,0.796825,2,0.5,5785,693
6478,3219.28,ga_tcheby_proxy,mesh9,1,6,0,"[1-0-3-6]",3,62,4.80756,0.97,0.796178,3,0.5,5786,693
6479,3219.36,ga_tcheby_proxy,mesh9,8,5,0,"[8-5]",1,20,1.59654,0.975,0.777778,1,0.5,5787,693
6480,3220.52,ga_tcheby_proxy,mesh9,2,0,0,"[2-1-0]",2,44,3.22898,0.97,0.792208,2,0.5,5788,693
6481,3220.95,ga_tcheby_proxy,mesh9,5,4,0,"[5-4]",1,22,1.61449,0.97,0.790164,1,0.5,5789,693
6482,3220.95,ga_tcheby_proxy,mesh9,2,6,0,"[2-5-4-3-6]",4,84,6.86249,0.905647,0.800955,4,0.5,5790,693
6483,3221.45,ga_tcheby_proxy,mesh9,1,6,0,"[1-0-3-6]",3,62,4.80756,0.97,0.796502,3,0.5,5791,693
6484,3222.4,ga_tcheby_proxy,mesh9,3,8,0,"[3-4-7-8]",3,64,4.82552,0.97,0.796178,3,0.5,5792,693
6485,3222.5,ga_tcheby_proxy,mesh9,5,3,0,"[5-4-3]",2,44,3.22898,0.97,0.793215,2,0.5,5793,693
6486,3222.89,ga_tcheby_proxy,mesh9,6,5,0,"[6-3-4-5]",3,64,4.82552,0.97,0.796502,3,0.5,5794,693
6487,3223.11,ga_tcheby_proxy,mesh9,2,1,0,"[2-1]",1,22,1.61449,0.97,0.789474,1,0.5,5795,693
6488,3224.75,ga_tcheby_proxy,mesh9,4,5,0,"[4-5]",1,22,1.61449,0.97,0.794212,1,0.5,5796,693
6489,3225.04,ga_tcheby_proxy,mesh9,1,7,0,"[1-4-7]",2,40,3.19307,0.975,0.796825,2,0.5,5797,693
6490,3225.38,ga_tcheby_proxy,mesh9,5,2,0,"[5-2]",1,20,1.59654,0.975,0.765568,1,0.5,5798,693
6491,3225.81,ga_tcheby_proxy,mesh9,3,7,0,"[3-6-7]",2,42,3.21103,0.97,0.796825,2,0.5,5799,693
6492,3226.15,ga_tcheby_proxy,mesh9,8,4,0,"[8-7-4]",2,42,3.21103,0.97,0.790507,2,0.5,5800,693
6493,3226.34,ga_tcheby_proxy,mesh9,4,1,0,"[4-1]",1,20,1.59654,0.975,0.78843,1,0.5,5801,693
6494,3227.5,ga_tcheby_proxy,mesh9,3,2,0,"[3-0-1-2]",3,64,4.82552,0.97,0.794543,3,0.5,5802,693
6495,3227.65,ga_tcheby_proxy,mesh9,0,5,0,"[0-3-4-5]",3,64,4.82552,0.97,0.796825,3,0.5,5803,693
6496,3227.77,ga_tcheby_proxy,mesh9,8,6,0,"[8-7-6]",2,44,3.22898,0.97,0.788779,2,0.5,5804,693
6497,3227.87,ga_tcheby_proxy,mesh9,8,3,0,"[8-7-4-3]",3,64,4.82552,0.97,0.793548,3,0.5,5805,693
6498,3230.16,ga_tcheby_proxy,mesh9,5,0,0,"[5-4-1-0]",3,64,4.82552,0.97,0.79288,3,0.5,5806,693
6499,3230.69,ga_tcheby_proxy,mesh9,4,5,0,"[4-5]",1,22,1.61449,0.97,0.794872,1,0.5,5807,693
6500,3231.43,ga_tcheby_proxy,mesh9,6,1,0,"[6-3-0-1]",3,62,4.80756,0.97,0.794543,3,0.5,5808,693
6501,3233.57,ga_tcheby_proxy,mesh9,0,1,0,"[0-1]",1,22,1.61449,0.97,0.781942,1,0.5,5809,693
6502,3233.66,ga_tcheby_proxy,mesh9,0,8,0,"[0-3-4-7-8]",4,84,6.42205,0.97,0.797147,4,0.5,5810,693
6503,3233.68,ga_tcheby_proxy,mesh9,1,2,1,"[]",0,0,0,0,0,0,0.5,5810,694
6504,3233.97,ga_tcheby_proxy,mesh9,2,8,0,"[2-5-8]",2,40,3.19307,0.975,0.797468,2,0.5,5811,694
6505,3234.13,ga_tcheby_proxy,mesh9,8,6,0,"[8-7-6]",2,44,3.22898,0.97,0.789474,2,0.5,5812,694
6506,3235.35,ga_tcheby_proxy,mesh9,8,5,0,"[8-5]",1,20,1.59654,0.975,0.778163,1,0.5,5813,694
6507,3235.9,ga_tcheby_proxy,mesh9,2,3,0,"[2-1-4-3]",3,64,4.82552,0.97,0.797147,3,0.5,5814,694
6508,3239.47,ga_tcheby_proxy,mesh9,3,2,0,"[3-0-1-2]",3,64,4.82552,0.97,0.794872,3,0.5,5815,694
6509,3239.52,ga_tcheby_proxy,mesh9,3,4,1,"[]",0,0,0,0,0,0,0.5,5815,695
6510,3239.68,ga_tcheby_proxy,mesh9,4,8,0,"[4-5-8]",2,42,3.21103,0.97,0.7952,2,0.5,5816,695
6511,3239.74,ga_tcheby_proxy,mesh9,7,3,1,"[]",0,0,0,0,0,0,0.5,5816,696
6512,3239.85,ga_tcheby_proxy,mesh9,1,2,0,"[1-2]",1,22,1.61449,0.97,0.7952,1,0.5,5817,696
6513,3239.97,ga_tcheby_proxy,mesh9,1,6,0,"[1-0-3-6]",3,62,4.80756,0.97,0.797468,3,0.5,5818,696
6514,3240.02,ga_tcheby_proxy,mesh9,8,3,1,"[]",0,0,0,0,0,0,0.5,5818,697
6515,3240.33,ga_tcheby_proxy,mesh9,4,2,0,"[4-5-2]",2,42,3.21103,0.97,0.795527,2,0.5,5819,697
6516,3240.91,ga_tcheby_proxy,mesh9,5,8,0,"[5-8]",1,20,1.59654,0.975,0.793215,1,0.5,5820,697
6517,3241.87,ga_tcheby_proxy,mesh9,8,3,0,"[8-7-4-3]",3,64,4.82552,0.97,0.794212,3,0.5,5821,697
6518,3242.01,ga_tcheby_proxy,mesh9,1,0,0,"[1-0]",1,22,1.61449,0.97,0.793548,1,0.5,5822,697
6519,3242.62,ga_tcheby_proxy,mesh9,3,6,0,"[3-6]",1,20,1.59654,0.975,0.786311,1,0.5,5823,697
6520,3242.69,ga_tcheby_proxy,mesh9,7,5,1,"[]",0,0,0,0,0,0,0.5,5823,698
6521,3242.75,ga_tcheby_proxy,mesh9,4,7,0,"[4-7]",1,20,1.68285,0.923203,0.795527,1,0.5,5824,698
6522,3242.83,ga_tcheby_proxy,mesh9,0,6,0,"[0-3-6]",2,40,3.19307,0.975,0.797788,2,0.5,5825,698
6523,3243.12,ga_tcheby_proxy,mesh9,4,2,0,"[4-1-2]",2,42,3.21103,0.97,0.795527,2,0.5,5826,698
6524,3243.53,ga_tcheby_proxy,mesh9,7,6,0,"[7-6]",1,22,1.61449,0.97,0.788779,1,0.5,5827,698
6525,3246.23,ga_tcheby_proxy,mesh9,5,4,0,"[5-4]",1,22,1.61449,0.97,0.791531,1,0.5,5828,698
6526,3246.61,ga_tcheby_proxy,mesh9,7,5,0,"[7-8-5]",2,42,3.21103,0.97,0.795527,2,0.5,5829,698
6527,3248.21,ga_tcheby_proxy,mesh9,5,3,0,"[5-4-3]",2,44,3.22898,0.97,0.794543,2,0.5,5830,698
6528,3248.25,ga_tcheby_proxy,mesh9,5,8,1,"[]",0,0,0,0,0,0,0.5,5830,699
6529,3248.41,ga_tcheby_proxy,mesh9,8,1,0,"[8-5-2-1]",3,62,4.80756,0.97,0.790164,3,0.5,5831,699
6530,3248.44,ga_tcheby_proxy,mesh9,8,3,1,"[]",0,0,0,0,0,0,0.5,5831,700
6531,3248.95,ga_tcheby_proxy,mesh9,1,6,0,"[1-4-7-6]",3,62,4.80756,0.97,0.797468,3,0.5,5832,700
6532,3250.3,ga_tcheby_proxy,mesh9,3,4,0,"[3-4]",1,22,1.61449,0.97,0.797468,1,0.5,5833,700
6533,3250.62,ga_tcheby_proxy,mesh9,0,2,0,"[0-1-2]",2,44,3.22898,0.97,0.795853,2,0.5,5834,700
6534,3250.79,ga_tcheby_proxy,mesh9,5,0,0,"[5-4-1-0]",3,64,4.82552,0.97,0.793881,3,0.5,5835,700
6535,3251.69,ga_tcheby_proxy,mesh9,0,2,0,"[0-1-2]",2,44,3.22898,0.97,0.796178,2,0.5,5836,700
6536,3252.77,ga_tcheby_proxy,mesh9,5,8,0,"[5-8]",1,20,1.59654,0.975,0.793548,1,0.5,5837,700
6537,3253.38,ga_tcheby_proxy,mesh9,4,2,0,"[4-5-2]",2,42,3.21103,0.97,0.795853,2,0.5,5838,700
6538,3254.2,ga_tcheby_proxy,mesh9,2,8,0,"[2-5-8]",2,40,3.19307,0.975,0.797788,2,0.5,5839,700
6539,3254.71,ga_tcheby_proxy,mesh9,5,7,0,"[5-8-7]",2,42,3.21103,0.97,0.794212,2,0.5,5840,700
6540,3255.05,ga_tcheby_proxy,mesh9,0,4,0,"[0-1-4]",2,42,3.21103,0.97,0.797788,2,0.5,5841,700
6541,3255.06,ga_tcheby_proxy,mesh9,2,7,1,"[]",0,0,0,0,0,0,0.5,5841,701
6542,3255.75,ga_tcheby_proxy,mesh9,2,8,0,"[2-5-8]",2,40,3.19307,0.975,0.798107,2,0.5,5842,701
6543,3255.97,ga_tcheby_proxy,mesh9,4,7,0,"[4-7]",1,20,1.59654,0.975,0.796178,1,0.5,5843,701
6544,3257.04,ga_tcheby_proxy,mesh9,2,3,0,"[2-1-4-3]",3,64,4.82552,0.97,0.798107,3,0.5,5844,701
6545,3258.2,ga_tcheby_proxy,mesh9,2,1,0,"[2-1]",1,22,1.61449,0.97,0.79085,1,0.5,5845,701
6546,3259.04,ga_tcheby_proxy,mesh9,4,8,0,"[4-5-8]",2,42,3.21103,0.97,0.796178,2,0.5,5846,701
6547,3259.18,ga_tcheby_proxy,mesh9,2,7,0,"[2-1-4-7]",3,62,4.80756,0.97,0.798425,3,0.5,5847,701
6548,3259.36,ga_tcheby_proxy,mesh9,8,5,0,"[8-5]",1,20,1.59654,0.975,0.77931,1,0.5,5848,701
6549,3260.84,ga_tcheby_proxy,mesh9,8,3,0,"[8-7-6-3]",3,64,4.82552,0.97,0.794872,3,0.5,5849,701
6550,3260.97,ga_tcheby_proxy,mesh9,3,5,0,"[3-4-5]",2,44,3.22898,0.97,0.797788,2,0.5,5850,701
6551,3261.39,ga_tcheby_proxy,mesh9,7,3,0,"[7-4-3]",2,42,3.21103,0.97,0.7952,2,0.5,5851,701
6552,3261.69,ga_tcheby_proxy,mesh9,7,6,0,"[7-6]",1,22,1.61449,0.97,0.789819,1,0.5,5852,701
6553,3262.56,ga_tcheby_proxy,mesh9,0,1,0,"[0-1]",1,22,1.61449,0.97,0.783784,1,0.5,5853,701
6554,3262.66,ga_tcheby_proxy,mesh9,4,7,0,"[4-7]",1,20,1.59654,0.975,0.796825,1,0.5,5854,701
6555,3263.16,ga_tcheby_proxy,mesh9,8,5,0,"[8-5]",1,20,1.59654,0.975,0.77969,1,0.5,5855,701
6556,3263.44,ga_tcheby_proxy,mesh9,0,4,0,"[0-3-4]",2,42,3.21103,0.97,0.798107,2,0.5,5856,701
6557,3263.64,ga_tcheby_proxy,mesh9,3,2,0,"[3-0-1-2]",3,64,4.82552,0.97,0.796502,3,0.5,5857,701
6558,3263.98,ga_tcheby_proxy,mesh9,6,0,0,"[6-3-0]",2,40,3.19307,0.975,0.7952,2,0.5,5858,701
6559,3264.35,ga_tcheby_proxy,mesh9,6,3,0,"[6-3]",1,20,1.59654,0.975,0.795527,1,0.5,5859,701
6560,3264.81,ga_tcheby_proxy,mesh9,7,2,0,"[7-8-5-2]",3,62,4.80756,0.97,0.795853,3,0.5,5860,701
6561,3265.76,ga_tcheby_proxy,mesh9,5,4,0,"[5-4]",1,22,1.61449,0.97,0.792545,1,0.5,5861,701
6562,3266.3,ga_tcheby_proxy,mesh9,7,0,0,"[7-4-1-0]",3,62,4.80756,0.97,0.794212,3,0.5,5862,701
6563,3266.46,ga_tcheby_proxy,mesh9,4,2,0,"[4-5-2]",2,42,3.21103,0.97,0.796825,2,0.5,5863,701
6564,3266.88,ga_tcheby_proxy,mesh9,6,4,0,"[6-7-4]",2,42,3.21103,0.97,0.797147,2,0.5,5864,701
6565,3267.57,ga_tcheby_proxy,mesh9,2,3,0,"[2-5-4-3]",3,64,4.82552,0.97,0.798425,3,0.5,5865,701
6566,3268,ga_tcheby_proxy,mesh9,3,7,0,"[3-6-7]",2,42,3.21103,0.97,0.797468,2,0.5,5866,701
6567,3268.02,ga_tcheby_proxy,mesh9,3,8,1,"[]",0,0,0,0,0,0,0.5,5866,702
6568,3268.03,ga_tcheby_proxy,mesh9,0,5,1,"[]",0,0,0,0,0,0,0.5,5866,703
6569,3268.67,ga_tcheby_proxy,mesh9,0,1,0,"[0-1]",1,22,1.61449,0.97,0.784512,1,0.5,5867,703
6570,3268.87,ga_tcheby_proxy,mesh9,8,1,0,"[8-5-2-1]",3,62,4.80756,0.97,0.791531,3,0.5,5868,703
6571,3268.92,ga_tcheby_proxy,mesh9,1,6,1,"[]",0,0,0,0,0,0,0.5,5868,704
6572,3269.71,ga_tcheby_proxy,mesh9,3,1,0,"[3-0-1]",2,42,3.21103,0.97,0.794872,2,0.5,5869,704
6573,3269.9,ga_tcheby_proxy,mesh9,2,4,0,"[2-5-4]",2,42,3.21103,0.97,0.798742,2,0.5,5870,704
6574,3270.61,ga_tcheby_proxy,mesh9,8,6,0,"[8-7-6]",2,44,3.22898,0.97,0.79085,2,0.5,5871,704
6575,3271.06,ga_tcheby_proxy,mesh9,4,5,0,"[4-5]",1,22,1.61449,0.97,0.797147,1,0.5,5872,704
6576,3271.23,ga_tcheby_proxy,mesh9,4,8,0,"[4-7-8]",2,42,3.21103,0.97,0.797147,2,0.5,5873,704
6577,3271.28,ga_tcheby_proxy,mesh9,3,2,1,"[]",0,0,0,0,0,0,0.5,5873,705
6578,3272.07,ga_tcheby_proxy,mesh9,3,1,0,"[3-0-1]",2,42,3.21103,0.97,0.7952,2,0.5,5874,705
6579,3272.58,ga_tcheby_proxy,mesh9,7,2,0,"[7-8-5-2]",3,62,4.80756,0.97,0.796502,3,0.5,5875,705
6580,3272.6,ga_tcheby_proxy,mesh9,7,1,1,"[]",0,0,0,0,0,0,0.5,5875,706
6581,3272.74,ga_tcheby_proxy,mesh9,4,0,0,"[4-1-0]",2,42,3.21103,0.97,0.794543,2,0.5,5876,706
6582,3272.8,ga_tcheby_proxy,mesh9,5,8,0,"[5-8]",1,20,1.66394,0.934075,0.7952,1,0.5,5877,706
6583,3272.96,ga_tcheby_proxy,mesh9,0,1,0,"[0-1]",1,22,1.61449,0.97,0.785595,1,0.5,5878,706
6584,3273.04,ga_tcheby_proxy,mesh9,8,1,0,"[8-5-2-1]",3,62,4.80756,0.97,0.79187,3,0.5,5879,706
6585,3273.49,ga_tcheby_proxy,mesh9,6,0,0,"[6-3-0]",2,40,3.19307,0.975,0.795853,2,0.5,5880,706
6586,3273.94,ga_tcheby_proxy,mesh9,4,1,0,"[4-1]",1,20,1.59654,0.975,0.790507,1,0.5,5881,706
6587,3274.07,ga_tcheby_proxy,mesh9,2,0,0,"[2-1-0]",2,44,3.22898,0.97,0.794872,2,0.5,5882,706
6588,3274.22,ga_tcheby_proxy,mesh9,7,4,0,"[7-4]",1,20,1.59654,0.975,0.792545,1,0.5,5883,706
6589,3275.06,ga_tcheby_proxy,mesh9,8,5,0,"[8-5]",1,20,1.59654,0.975,0.78157,1,0.5,5884,706
6590,3275.37,ga_tcheby_proxy,mesh9,4,8,0,"[4-5-8]",2,42,3.21103,0.97,0.797468,2,0.5,5885,706
6591,3276.28,ga_tcheby_proxy,mesh9,0,1,0,"[0-1]",1,22,1.61449,0.97,0.785953,1,0.5,5886,706
6592,3276.4,ga_tcheby_proxy,mesh9,8,3,0,"[8-7-4-3]",3,64,4.82552,0.97,0.795853,3,0.5,5887,706
6593,3276.48,ga_tcheby_proxy,mesh9,3,1,0,"[3-0-1]",2,42,3.21103,0.97,0.795853,2,0.5,5888,706
6594,3277.66,ga_tcheby_proxy,mesh9,8,2,0,"[8-5-2]",2,40,3.19307,0.975,0.781942,2,0.5,5889,706
6595,3278.73,ga_tcheby_proxy,mesh9,2,3,0,"[2-1-0-3]",3,64,4.82552,0.97,0.798425,3,0.5,5890,706
6596,3279.91,ga_tcheby_proxy,mesh9,6,8,0,"[6-7-8]",2,44,3.22898,0.97,0.797788,2,0.5,5891,706
6597,3280.34,ga_tcheby_proxy,mesh9,0,5,0,"[0-1-4-5]",3,64,4.82552,0.97,0.798742,3,0.5,5892,706
6598,3280.9,ga_tcheby_proxy,mesh9,4,1,0,"[4-1]",1,20,1.59654,0.975,0.79085,1,0.5,5893,706
6599,3281.36,ga_tcheby_proxy,mesh9,4,0,0,"[4-1-0]",2,42,3.21103,0.97,0.795527,2,0.5,5894,706
6600,3281.39,ga_tcheby_proxy,mesh9,6,8,1,"[]",0,0,0,0,0,0,0.5,5894,707
6601,3281.58,ga_tcheby_proxy,mesh9,3,0,0,"[3-0]",1,20,1.59654,0.975,0.796178,1,0.5,5895,707
6602,3283.12,ga_tcheby_proxy,mesh9,0,3,0,"[0-3]",1,20,1.59654,0.975,0.798742,1,0.5,5896,707
6603,3284.36,ga_tcheby_proxy,mesh9,8,7,0,"[8-7]",1,22,1.61449,0.97,0.791531,1,0.5,5897,707
6604,3284.61,ga_tcheby_proxy,mesh9,4,1,0,"[4-1]",1,20,1.59654,0.975,0.791531,1,0.5,5898,707
6605,3285.1,ga_tcheby_proxy,mesh9,5,4,0,"[5-4]",1,22,1.61449,0.97,0.793548,1,0.5,5899,707
6606,3285.19,ga_tcheby_proxy,mesh9,7,0,0,"[7-4-1-0]",3,62,4.80756,0.97,0.795853,3,0.5,5900,707
6607,3286.04,ga_tcheby_proxy,mesh9,0,7,0,"[0-3-4-7]",3,62,4.80756,0.97,0.799058,3,0.5,5901,707
6608,3286.97,ga_tcheby_proxy,mesh9,2,5,0,"[2-5]",1,20,1.59654,0.975,0.799058,1,0.5,5902,707
6609,3287.16,ga_tcheby_proxy,mesh9,6,4,0,"[6-7-4]",2,42,3.21103,0.97,0.798107,2,0.5,5903,707
6610,3287.65,ga_tcheby_proxy,mesh9,5,8,0,"[5-8]",1,20,1.59654,0.975,0.795853,1,0.5,5904,707
6611,3288.06,ga_tcheby_proxy,mesh9,7,5,0,"[7-8-5]",2,42,3.21103,0.97,0.797147,2,0.5,5905,707
6612,3289.4,ga_tcheby_proxy,mesh9,6,0,0,"[6-3-0]",2,40,3.19307,0.975,0.796502,2,0.5,5906,707
6613,3289.67,ga_tcheby_proxy,mesh9,1,0,0,"[1-0]",1,22,1.61449,0.97,0.796178,1,0.5,5907,707
6614,3289.98,ga_tcheby_proxy,mesh9,3,1,0,"[3-0-1]",2,42,3.21103,0.97,0.796825,2,0.5,5908,707
6615,3292.14,ga_tcheby_proxy,mesh9,1,5,0,"[1-4-5]",2,42,3.21103,0.97,0.799058,2,0.5,5909,707
6616,3292.27,ga_tcheby_proxy,mesh9,1,5,0,"[1-4-5]",2,42,3.21103,0.97,0.799373,2,0.5,5910,707
6617,3292.7,ga_tcheby_proxy,mesh9,8,4,0,"[8-5-4]",2,42,3.21103,0.97,0.793881,2,0.5,5911,707
6618,3293.28,ga_tcheby_proxy,mesh9,4,3,0,"[4-3]",1,22,1.61449,0.97,0.796178,1,0.5,5912,707
6619,3293.51,ga_tcheby_proxy,mesh9,6,2,0,"[6-3-0-1-2]",4,84,6.42205,0.97,0.797147,4,0.5,5913,707
6620,3293.7,ga_tcheby_proxy,mesh9,5,4,0,"[5-4]",1,22,1.61449,0.97,0.794212,1,0.5,5914,707
6621,3295.13,ga_tcheby_proxy,mesh9,4,5,0,"[4-5]",1,22,1.61449,0.97,0.798742,1,0.5,5915,707
6622,3296.97,ga_tcheby_proxy,mesh9,1,6,0,"[1-0-3-6]",3,62,4.80756,0.97,0.799373,3,0.5,5916,707
6623,3297.48,ga_tcheby_proxy,mesh9,7,6,0,"[7-6]",1,22,1.61449,0.97,0.790507,1,0.5,5917,707
6624,3297.66,ga_tcheby_proxy,mesh9,7,8,0,"[7-8]",1,22,1.61449,0.97,0.797468,1,0.5,5918,707
6625,3298.26,ga_tcheby_proxy,mesh9,4,6,0,"[4-3-6]",2,42,3.21103,0.97,0.796502,2,0.5,5919,707
6626,3298.78,ga_tcheby_proxy,mesh9,6,7,0,"[6-7]",1,22,1.61449,0.97,0.798425,1,0.5,5920,707
6627,3300.3,ga_tcheby_proxy,mesh9,4,6,0,"[4-3-6]",2,42,3.21103,0.97,0.796825,2,0.5,5921,707
6628,3300.33,ga_tcheby_proxy,mesh9,0,2,1,"[]",0,0,0,0,0,0,0.5,5921,708
6629,3300.39,ga_tcheby_proxy,mesh9,3,6,1,"[]",0,0,0,0,0,0,0.5,5921,709
6630,3300.73,ga_tcheby_proxy,mesh9,0,3,0,"[0-3]",1,20,1.59654,0.975,0.799687,1,0.5,5922,709
6631,3301.05,ga_tcheby_proxy,mesh9,6,7,0,"[6-7]",1,22,1.61449,0.97,0.798742,1,0.5,5923,709
6632,3301.26,ga_tcheby_proxy,mesh9,0,3,0,"[0-3]",1,20,1.59654,0.975,0.8,1,0.5,5924,709
6633,3302.18,ga_tcheby_proxy,mesh9,2,1,0,"[2-1]",1,22,1.61449,0.97,0.79288,1,0.5,5925,709
6634,3302.93,ga_tcheby_proxy,mesh9,0,2,0,"[0-1-2]",2,44,3.22898,0.97,0.797147,2,0.5,5926,709
6635,3303.66,ga_tcheby_proxy,mesh9,4,7,0,"[4-7]",1,20,1.59654,0.975,0.797788,1,0.5,5927,709
6636,3303.69,ga_tcheby_proxy,mesh9,7,5,1,"[]",0,0,0,0,0,0,0.5,5927,710
6637,3305.22,ga_tcheby_proxy,mesh9,6,8,0,"[6-7-8]",2,44,3.22898,0.97,0.799058,2,0.5,5928,710
6638,3305.87,ga_tcheby_proxy,mesh9,5,0,0,"[5-2-1-0]",3,64,4.82552,0.97,0.796825,3,0.5,5929,710
6639,3307.62,ga_tcheby_proxy,mesh9,1,5,0,"[1-2-5]",2,42,3.21103,0.97,0.799373,2,0.5,5930,710
6640,3307.87,ga_tcheby_proxy,mesh9,5,2,0,"[5-2]",1,20,1.59654,0.975,0.770197,1,0.5,5931,710
6641,3308.55,ga_tcheby_proxy,mesh9,5,7,0,"[5-8-7]",2,42,3.21103,0.97,0.796178,2,0.5,5932,710
6642,3308.68,ga_tcheby_proxy,mesh9,0,1,0,"[0-1]",1,22,1.61449,0.97,0.788079,1,0.5,5933,710
6643,3309.72,ga_tcheby_proxy,mesh9,3,1,0,"[3-0-1]",2,42,3.21103,0.97,0.797468,2,0.5,5934,710
6644,3309.95,ga_tcheby_proxy,mesh9,4,1,0,"[4-1]",1,20,1.59654,0.975,0.792208,1,0.5,5935,710
6645,3309.99,ga_tcheby_proxy,mesh9,7,8,1,"[]",0,0,0,0,0,0,0.5,5935,711
6646,3310.15,ga_tcheby_proxy,mesh9,2,7,0,"[2-5-4-7]",3,62,4.80756,0.97,0.799687,3,0.5,5936,711
6647,3310.2,ga_tcheby_proxy,mesh9,5,6,1,"[]",0,0,0,0,0,0,0.5,5936,712
6648,3311.18,ga_tcheby_proxy,mesh9,3,0,0,"[3-0]",1,20,1.59654,0.975,0.797788,1,0.5,5937,712
6649,3312.08,ga_tcheby_proxy,mesh9,8,6,0,"[8-7-6]",2,44,3.22898,0.97,0.792208,2,0.5,5938,712
6650,3313.82,ga_tcheby_proxy,mesh9,5,3,0,"[5-4-3]",2,44,3.22898,0.97,0.797147,2,0.5,5939,712
6651,3314.52,ga_tcheby_proxy,mesh9,6,3,0,"[6-3]",1,20,1.59654,0.975,0.796825,1,0.5,5940,712
6652,3314.63,ga_tcheby_proxy,mesh9,5,1,0,"[5-2-1]",2,42,3.21103,0.97,0.793548,2,0.5,5941,712
6653,3314.66,ga_tcheby_proxy,mesh9,0,6,1,"[]",0,0,0,0,0,0,0.5,5941,713
6654,3316.12,ga_tcheby_proxy,mesh9,6,7,0,"[6-7]",1,22,1.61449,0.97,0.799373,1,0.5,5942,713
6655,3316.96,ga_tcheby_proxy,mesh9,6,0,0,"[6-3-0]",2,40,3.19307,0.975,0.798107,2,0.5,5943,713
6656,3317.19,ga_tcheby_proxy,mesh9,3,6,0,"[3-6]",1,20,1.59654,0.975,0.78843,1,0.5,5944,713
6657,3317.79,ga_tcheby_proxy,mesh9,4,7,0,"[4-7]",1,20,1.59654,0.975,0.798425,1,0.5,5945,713
6658,3318.02,ga_tcheby_proxy,mesh9,3,7,0,"[3-4-7]",2,42,3.21103,0.97,0.798742,2,0.5,5946,713
6659,3318.7,ga_tcheby_proxy,mesh9,2,0,0,"[2-1-0]",2,44,3.22898,0.97,0.797147,2,0.5,5947,713
6660,3318.86,ga_tcheby_proxy,mesh9,2,8,0,"[2-5-8]",2,40,3.19307,0.975,0.8,2,0.5,5948,713
6661,3319.21,ga_tcheby_proxy,mesh9,1,3,0,"[1-4-3]",2,42,3.21103,0.97,0.799687,2,0.5,5949,713
6662,3320.54,ga_tcheby_proxy,mesh9,6,5,0,"[6-3-4-5]",3,64,4.82552,0.97,0.799058,3,0.5,5950,713
6663,3320.7,ga_tcheby_proxy,mesh9,4,8,0,"[4-7-8]",2,42,3.21103,0.97,0.799058,2,0.5,5951,713
6664,3321.66,ga_tcheby_proxy,mesh9,0,5,0,"[0-1-4-5]",3,64,4.82552,0.97,0.8,3,0.5,5952,713
6665,3321.89,ga_tcheby_proxy,mesh9,8,7,0,"[8-7]",1,22,1.61449,0.97,0.792545,1,0.5,5953,713
6666,3322.02,ga_tcheby_proxy,mesh9,0,1,0,"[0-1]",1,22,1.61449,0.97,0.789127,1,0.5,5954,713
6667,3322.43,ga_tcheby_proxy,mesh9,4,2,0,"[4-1-2]",2,42,3.21103,0.97,0.797788,2,0.5,5955,713
6668,3322.44,ga_tcheby_proxy,mesh9,7,0,1,"[]",0,0,0,0,0,0,0.5,5955,714
6669,3322.67,ga_tcheby_proxy,mesh9,5,8,0,"[5-8]",1,20,1.59654,0.975,0.796825,1,0.5,5956,714
6670,3323.41,ga_tcheby_proxy,mesh9,6,7,0,"[6-7]",1,22,1.61449,0.97,0.799687,1,0.5,5957,714
6671,3323.63,ga_tcheby_proxy,mesh9,6,3,0,"[6-3]",1,20,1.59654,0.975,0.797788,1,0.5,5958,714
6672,3323.8,ga_tcheby_proxy,mesh9,8,3,0,"[8-7-4-3]",3,64,4.82552,0.97,0.797788,3,0.5,5959,714
6673,3324.1,ga_tcheby_proxy,mesh9,4,0,0,"[4-1-0]",2,42,3.21103,0.97,0.797468,2,0.5,5960,714
6674,3324.59,ga_tcheby_proxy,mesh9,3,1,0,"[3-0-1]",2,42,3.21103,0.97,0.798425,2,0.5,5961,714
6675,3325.08,ga_tcheby_proxy,mesh9,2,6,0,"[2-1-4-7-6]",4,84,6.42205,0.97,0.800312,4,0.5,5962,714
6676,3325.94,ga_tcheby_proxy,mesh9,6,2,0,"[6-3-0-1-2]",4,84,6.42205,0.97,0.798742,4,0.5,5963,714
6677,3326.22,ga_tcheby_proxy,mesh9,3,6,0,"[3-6]",1,20,1.59654,0.975,0.788779,1,0.5,5964,714
6678,3326.49,ga_tcheby_proxy,mesh9,1,6,0,"[1-0-3-6]",3,62,4.80756,0.97,0.800312,3,0.5,5965,714
6679,3327.1,ga_tcheby_proxy,mesh9,7,5,0,"[7-8-5]",2,42,3.21103,0.97,0.798425,2,0.5,5966,714
6680,3328.84,ga_tcheby_proxy,mesh9,5,2,0,"[5-2]",1,20,1.59654,0.975,0.77102,1,0.5,5967,714
6681,3329.45,ga_tcheby_proxy,mesh9,7,8,0,"[7-8]",1,22,1.61449,0.97,0.798742,1,0.5,5968,714
6682,3330.1,ga_tcheby_proxy,mesh9,3,0,0,"[3-0]",1,20,1.59654,0.975,0.799058,1,0.5,5969,714
6683,3330.12,ga_tcheby_proxy,mesh9,3,8,1,"[]",0,0,0,0,0,0,0.5,5969,715
6684,3330.43,ga_tcheby_proxy,mesh9,8,1,0,"[8-7-4-1]",3,62,4.80756,0.97,0.794212,3,0.5,5970,715
6685,3330.58,ga_tcheby_proxy,mesh9,4,6,0,"[4-3-6]",2,42,3.21103,0.97,0.798107,2,0.5,5971,715
6686,3331.15,ga_tcheby_proxy,mesh9,0,5,0,"[0-1-2-5]",3,64,4.82552,0.97,0.800312,3,0.5,5972,715
6687,3331.57,ga_tcheby_proxy,mesh9,5,7,0,"[5-8-7]",2,42,3.21103,0.97,0.797147,2,0.5,5973,715
6688,3331.79,ga_tcheby_proxy,mesh9,8,6,0,"[8-7-6]",2,44,3.22898,0.97,0.793881,2,0.5,5974,715
6689,3332.02,ga_tcheby_proxy,mesh9,3,7,0,"[3-4-7]",2,42,3.21103,0.97,0.799687,2,0.5,5975,715
6690,3332.16,ga_tcheby_proxy,mesh9,6,3,0,"[6-3]",1,20,1.59654,0.975,0.798425,1,0.5,5976,715
6691,3332.22,ga_tcheby_proxy,mesh9,6,7,0,"[6-7]",1,22,1.73335,0.900768,0.8,1,0.5,5977,715
6692,3332.44,ga_tcheby_proxy,mesh9,5,4,0,"[5-4]",1,22,1.61449,0.97,0.7952,1,0.5,5978,715
6693,3333.57,ga_tcheby_proxy,mesh9,2,0,0,"[2-1-0]",2,44,3.22898,0.97,0.798107,2,0.5,5979,715
6694,3333.68,ga_tcheby_proxy,mesh9,3,8,0,"[3-4-5-8]",3,64,4.82552,0.97,0.799687,3,0.5,5980,715
6695,3335.02,ga_tcheby_proxy,mesh9,0,6,0,"[0-3-6]",2,40,3.19307,0.975,0.800623,2,0.5,5981,715
6696,3335.05,ga_tcheby_proxy,mesh9,5,2,1,"[]",0,0,0,0,0,0,0.5,5981,716
6697,3335.28,ga_tcheby_proxy,mesh9,0,2,0,"[0-1-2]",2,44,3.22898,0.97,0.798742,2,0.5,5982,716
6698,3337.52,ga_tcheby_proxy,mesh9,2,7,0,"[2-5-8-7]",3,62,4.80756,0.97,0.800623,3,0.5,5983,716
6699,3338.06,ga_tcheby_proxy,mesh9,7,8,0,"[7-8]",1,22,1.61449,0.97,0.799058,1,0.5,5984,716
6700,3338.17,ga_tcheby_proxy,mesh9,1,8,0,"[1-4-7-8]",3,62,4.80756,0.97,0.800623,3,0.5,5985,716
6701,3338.44,ga_tcheby_proxy,mesh9,8,7,0,"[8-7]",1,22,1.61449,0.97,0.794543,1,0.5,5986,716
6702,3338.44,ga_tcheby_proxy,mesh9,6,0,0,"[6-3-0]",2,40,3.19535,0.974279,0.799373,2,0.5,5987,716
6703,3338.45,ga_tcheby_proxy,mesh9,0,5,0,"[0-3-4-5]",3,64,5.1655,0.901734,0.805031,3,0.5,5988,716
6704,3338.7,ga_tcheby_proxy,mesh9,3,4,0,"[3-4]",1,22,1.61449,0.97,0.800312,1,0.5,5989,716
6705,3339.89,ga_tcheby_proxy,mesh9,8,4,0,"[8-7-4]",2,42,3.21103,0.97,0.794872,2,0.5,5990,716
6706,3340.37,ga_tcheby_proxy,mesh9,5,8,0,"[5-8]",1,20,1.59654,0.975,0.798107,1,0.5,5991,716
6707,3341.11,ga_tcheby_proxy,mesh9,2,6,0,"[2-1-4-7-6]",4,84,6.42205,0.97,0.800933,4,0.5,5992,716
6708,3341.96,ga_tcheby_proxy,mesh9,0,1,0,"[0-1]",1,22,1.61449,0.97,0.79085,1,0.5,5993,716
6709,3343.08,ga_tcheby_proxy,mesh9,2,4,0,"[2-5-4]",2,42,3.21103,0.97,0.800933,2,0.5,5994,716
6710,3343.32,ga_tcheby_proxy,mesh9,4,2,0,"[4-1-2]",2,42,3.21103,0.97,0.799058,2,0.5,5995,716
6711,3345.43,ga_tcheby_proxy,mesh9,0,4,0,"[0-1-4]",2,42,3.21103,0.97,0.801242,2,0.5,5996,716
6712,3345.44,ga_tcheby_proxy,mesh9,1,6,1,"[]",0,0,0,0,0,0,0.5,5996,717
6713,3345.57,ga_tcheby_proxy,mesh9,5,0,0,"[5-4-1-0]",3,64,4.82552,0.97,0.798425,3,0.5,5997,717
6714,3345.82,ga_tcheby_proxy,mesh9,7,6,0,"[7-6]",1,22,1.61449,0.97,0.792208,1,0.5,5998,717
6715,3345.94,ga_tcheby_proxy,mesh9,3,5,0,"[3-4-5]",2,44,3.22898,0.97,0.800623,2,0.5,5999,717
6716,3346.58,ga_tcheby_proxy,mesh9,4,8,0,"[4-5-8]",2,42,3.21103,0.97,0.800623,2,0.5,6000,717
6717,3346.64,ga_tcheby_proxy,mesh9,7,4,0,"[7-4]",1,20,1.67792,0.926014,0.794872,1,0.5,6001,717
6718,3346.75,ga_tcheby_proxy,mesh9,5,3,0,"[5-4-3]",2,44,3.22898,0.97,0.798425,2,0.5,6002,717
6719,3347.05,ga_tcheby_proxy,mesh9,3,7,0,"[3-6-7]",2,42,3.21103,0.97,0.800312,2,0.5,6003,717
6720,3347.1,ga_tcheby_proxy,mesh9,4,8,1,"[]",0,0,0,0,0,0,0.5,6003,718
6721,3347.29,ga_tcheby_proxy,mesh9,0,4,0,"[0-3-4]",2,42,3.21103,0.97,0.801242,2,0.5,6004,718
6722,3347.66,ga_tcheby_proxy,mesh9,3,0,0,"[3-0]",1,20,1.59654,0.975,0.799687,1,0.5,6005,718
6723,3347.99,ga_tcheby_proxy,mesh9,2,8,0,"[2-5-8]",2,40,3.19307,0.975,0.801242,2,0.5,6006,718
6724,3349.5,ga_tcheby_proxy,mesh9,2,8,0,"[2-5-8]",2,40,3.19307,0.975,0.80155,2,0.5,6007,718
6725,3350.38,ga_tcheby_proxy,mesh9,3,1,0,"[3-0-1]",2,42,3.21103,0.97,0.8,2,0.5,6008,718
6726,3350.45,ga_tcheby_proxy,mesh9,1,7,0,"[1-4-7]",2,40,3.19307,0.975,0.80155,2,0.5,6009,718
6727,3351.22,ga_tcheby_proxy,mesh9,5,0,0,"[5-2-1-0]",3,64,4.82552,0.97,0.798742,3,0.5,6010,718
6728,3351.9,ga_tcheby_proxy,mesh9,2,5,0,"[2-5]",1,20,1.59654,0.975,0.801858,1,0.5,6011,718
6729,3352.05,ga_tcheby_proxy,mesh9,5,1,0,"[5-2-1]",2,42,3.21103,0.97,0.795527,2,0.5,6012,718
6730,3352.74,ga_tcheby_proxy,mesh9,5,7,0,"[5-8-7]",2,42,3.21103,0.97,0.799373,2,0.5,6013,718
6731,3353.06,ga_tcheby_proxy,mesh9,4,1,0,"[4-1]",1,20,1.59654,0.975,0.794212,1,0.5,6014,718
6732,3353.08,ga_tcheby_proxy,mesh9,8,6,1,"[]",0,0,0,0,0,0,0.5,6014,719
6733,3353.38,ga_tcheby_proxy,mesh9,3,2,0,"[3-0-1-2]",3,64,4.82552,0.97,0.800312,3,0.5,6015,719
6734,3354.12,ga_tcheby_proxy,mesh9,6,5,0,"[6-7-8-5]",3,64,4.82552,0.97,0.800623,3,0.5,6016,719
6735,3355.22,ga_tcheby_proxy,mesh9,0,5,0,"[0-3-4-5]",3,64,4.82552,0.97,0.80155,3,0.5,6017,719
6736,3355.31,ga_tcheby_proxy,mesh9,7,6,0,"[7-6]",1,22,1.61449,0.97,0.792545,1,0.5,6018,719
6737,3355.58,ga_tcheby_proxy,mesh9,0,2,0,"[0-1-2]",2,44,3.22898,0.97,0.799687,2,0.5,6019,719
6738,3356.25,ga_tcheby_proxy,mesh9,1,0,0,"[1-0]",1,22,1.61449,0.97,0.799058,1,0.5,6020,719
6739,3356.81,ga_tcheby_proxy,mesh9,0,3,0,"[0-3]",1,20,1.59654,0.975,0.801858,1,0.5,6021,719
6740,3356.98,ga_tcheby_proxy,mesh9,1,8,0,"[1-4-7-8]",3,62,4.80756,0.97,0.801858,3,0.5,6022,719
6741,3357.31,ga_tcheby_proxy,mesh9,0,7,0,"[0-1-4-7]",3,62,4.80756,0.97,0.802164,3,0.5,6023,719
6742,3357.88,ga_tcheby_proxy,mesh9,5,0,0,"[5-4-1-0]",3,64,4.82552,0.97,0.799373,3,0.5,6024,719
6743,3359.14,ga_tcheby_proxy,mesh9,0,8,0,"[0-3-4-7-8]",4,84,6.42205,0.97,0.802164,4,0.5,6025,719
6744,3359.59,ga_tcheby_proxy,mesh9,6,3,0,"[6-3]",1,20,1.59654,0.975,0.799058,1,0.5,6026,719
6745,3359.98,ga_tcheby_proxy,mesh9,0,8,0,"[0-1-2-5-8]",4,84,6.42205,0.97,0.802164,4,0.5,6027,719
6746,3360.02,ga_tcheby_proxy,mesh9,5,3,1,"[]",0,0,0,0,0,0,0.5,6027,720
6747,3361.41,ga_tcheby_proxy,mesh9,2,8,0,"[2-5-8]",2,40,3.19307,0.975,0.802469,2,0.5,6028,720
6748,3361.43,ga_tcheby_proxy,mesh9,3,8,1,"[]",0,0,0,0,0,0,0.5,6028,721
6749,3362.14,ga_tcheby_proxy,mesh9,7,8,0,"[7-8]",1,22,1.61449,0.97,0.800623,1,0.5,6029,721
6750,3362.68,ga_tcheby_proxy,mesh9,4,0,0,"[4-1-0]",2,42,3.21103,0.97,0.799687,2,0.5,6030,721
6751,3363.16,ga_tcheby_proxy,mesh9,1,6,0,"[1-4-3-6]",3,62,4.80756,0.97,0.802469,3,0.5,6031,721
6752,3363.41,ga_tcheby_proxy,mesh9,6,0,0,"[6-3-0]",2,40,3.19307,0.975,0.800623,2,0.5,6032,721
6753,3363.42,ga_tcheby_proxy,mesh9,6,2,1,"[]",0,0,0,0,0,0,0.5,6032,722
6754,3363.54,ga_tcheby_proxy,mesh9,3,8,0,"[3-6-7-8]",3,64,4.82552,0.97,0.800933,3,0.5,6033,722
6755,3363.79,ga_tcheby_proxy,mesh9,2,8,0,"[2-5-8]",2,40,3.19307,0.975,0.802773,2,0.5,6034,722
6756,3364.07,ga_tcheby_proxy,mesh9,6,2,0,"[6-3-0-1-2]",4,84,6.42205,0.97,0.800933,4,0.5,6035,722
6757,3364.2,ga_tcheby_proxy,mesh9,7,3,0,"[7-4-3]",2,42,3.21103,0.97,0.799058,2,0.5,6036,722
6758,3364.46,ga_tcheby_proxy,mesh9,8,5,0,"[8-5]",1,20,1.59654,0.975,0.783784,1,0.5,6037,722
6759,3364.78,ga_tcheby_proxy,mesh9,8,5,0,"[8-5]",1,20,1.59654,0.975,0.784148,1,0.5,6038,722
6760,3366.15,ga_tcheby_proxy,mesh9,6,2,0,"[6-7-4-1-2]",4,84,6.42205,0.97,0.801242,4,0.5,6039,722
6761,3366.41,ga_tcheby_proxy,mesh9,0,6,0,"[0-3-6]",2,40,3.19307,0.975,0.802469,2,0.5,6040,722
6762,3366.58,ga_tcheby_proxy,mesh9,1,0,0,"[1-0]",1,22,1.61449,0.97,0.8,1,0.5,6041,722
6763,3367.65,ga_tcheby_proxy,mesh9,2,1,0,"[2-1]",1,22,1.61449,0.97,0.795853,1,0.5,6042,722
6764,3368.53,ga_tcheby_proxy,mesh9,1,4,0,"[1-4]",1,20,1.59654,0.975,0.802773,1,0.5,6043,722
6765,3369.32,ga_tcheby_proxy,mesh9,6,0,0,"[6-3-0]",2,40,3.19307,0.975,0.801242,2,0.5,6044,722
6766,3369.59,ga_tcheby_proxy,mesh9,7,5,0,"[7-4-5]",2,42,3.21103,0.97,0.801242,2,0.5,6045,722
6767,3369.71,ga_tcheby_proxy,mesh9,8,3,0,"[8-5-4-3]",3,64,4.82552,0.97,0.799373,3,0.5,6046,722
6768,3369.81,ga_tcheby_proxy,mesh9,3,0,0,"[3-0]",1,20,1.59654,0.975,0.80155,1,0.5,6047,722
6769,3370.09,ga_tcheby_proxy,mesh9,4,1,0,"[4-1]",1,20,1.59654,0.975,0.795527,1,0.5,6048,722
6770,3370.5,ga_tcheby_proxy,mesh9,8,2,0,"[8-5-2]",2,40,3.19307,0.975,0.784874,2,0.5,6049,722
6771,3371.07,ga_tcheby_proxy,mesh9,8,7,0,"[8-7]",1,22,1.61449,0.97,0.795527,1,0.5,6050,722
6772,3371.65,ga_tcheby_proxy,mesh9,3,1,0,"[3-4-1]",2,42,3.21103,0.97,0.801858,2,0.5,6051,722
6773,3371.87,ga_tcheby_proxy,mesh9,3,7,0,"[3-6-7]",2,42,3.21103,0.97,0.80155,2,0.5,6052,722
6774,3372.22,ga_tcheby_proxy,mesh9,7,6,0,"[7-6]",1,22,1.61449,0.97,0.79288,1,0.5,6053,722
6775,3372.49,ga_tcheby_proxy,mesh9,4,3,0,"[4-3]",1,22,1.61449,0.97,0.799687,1,0.5,6054,722
6776,3373.83,ga_tcheby_proxy,mesh9,6,4,0,"[6-7-4]",2,42,3.21103,0.97,0.801858,2,0.5,6055,722
6777,3373.92,ga_tcheby_proxy,mesh9,2,7,0,"[2-5-4-7]",3,62,4.80756,0.97,0.803077,3,0.5,6056,722
6778,3374.41,ga_tcheby_proxy,mesh9,3,4,0,"[3-4]",1,22,1.61449,0.97,0.802164,1,0.5,6057,722
6779,3374.83,ga_tcheby_proxy,mesh9,1,5,0,"[1-4-5]",2,42,3.21103,0.97,0.803077,2,0.5,6058,722
6780,3375.39,ga_tcheby_proxy,mesh9,8,6,0,"[8-7-6]",2,44,3.22898,0.97,0.795853,2,0.5,6059,722
6781,3375.52,ga_tcheby_proxy,mesh9,2,5,0,"[2-5]",1,20,1.59654,0.975,0.803379,1,0.5,6060,722
6782,3375.76,ga_tcheby_proxy,mesh9,3,0,0,"[3-0]",1,20,1.59654,0.975,0.801858,1,0.5,6061,722
6783,3376.11,ga_tcheby_proxy,mesh9,1,4,0,"[1-4]",1,20,1.59654,0.975,0.803379,1,0.5,6062,722
6784,3376.98,ga_tcheby_proxy,mesh9,8,5,0,"[8-5]",1,20,1.59654,0.975,0.785235,1,0.5,6063,722
6785,3377.34,ga_tcheby_proxy,mesh9,4,0,0,"[4-1-0]",2,42,3.21103,0.97,0.800312,2,0.5,6064,722
6786,3378.07,ga_tcheby_proxy,mesh9,3,7,0,"[3-6-7]",2,42,3.21103,0.97,0.802164,2,0.5,6065,722
6787,3378.14,ga_tcheby_proxy,mesh9,6,2,1,"[]",0,0,0,0,0,0,0.5,6065,723
6788,3378.19,ga_tcheby_proxy,mesh9,6,2,1,"[]",0,0,0,0,0,0,0.5,6065,724
6789,3378.4,ga_tcheby_proxy,mesh9,5,7,0,"[5-8-7]",2,42,3.21103,0.97,0.800623,2,0.5,6066,724
6790,3378.58,ga_tcheby_proxy,mesh9,8,0,0,"[8-5-4-1-0]",4,84,6.42205,0.97,0.800623,4,0.5,6067,724
6791,3379.83,ga_tcheby_proxy,mesh9,2,8,0,"[2-5-8]",2,40,3.19307,0.975,0.803681,2,0.5,6068,724
6792,3380.05,ga_tcheby_proxy,mesh9,6,0,0,"[6-3-0]",2,40,3.19307,0.975,0.802164,2,0.5,6069,724
6793,3380.32,ga_tcheby_proxy,mesh9,8,2,0,"[8-5-2]",2,40,3.19307,0.975,0.785953,2,0.5,6070,724
6794,3380.64,ga_tcheby_proxy,mesh9,2,7,0,"[2-1-4-7]",3,62,4.80756,0.97,0.803681,3,0.5,6071,724
6795,3381.43,ga_tcheby_proxy,mesh9,5,0,0,"[5-4-1-0]",3,64,4.82552,0.97,0.800933,3,0.5,6072,724
6796,3381.62,ga_tcheby_proxy,mesh9,5,6,0,"[5-4-3-6]",3,64,4.82552,0.97,0.8,3,0.5,6073,724
6797,3382.11,ga_tcheby_proxy,mesh9,4,1,0,"[4-1]",1,20,1.59654,0.975,0.797147,1,0.5,6074,724
6798,3382.18,ga_tcheby_proxy,mesh9,3,2,0,"[3-0-1-4-5-2]",5,104,8.08864,0.942629,0.803982,5,0.5,6075,724
6799,3383.13,ga_tcheby_proxy,mesh9,3,4,0,"[3-4]",1,22,1.61449,0.97,0.802469,1,0.5,6076,724
6800,3383.14,ga_tcheby_proxy,mesh9,0,6,1,"[]",0,0,0,0,0,0,0.5,6076,725
6801,3383.56,ga_tcheby_proxy,mesh9,2,1,0,"[2-1]",1,22,1.61449,0.97,0.796502,1,0.5,6077,725
6802,3384.4,ga_tcheby_proxy,mesh9,4,2,0,"[4-1-2]",2,42,3.21103,0.97,0.800933,2,0.5,6078,725
6803,3384.64,ga_tcheby_proxy,mesh9,4,6,0,"[4-3-6]",2,42,3.21103,0.97,0.800312,2,0.5,6079,725
6804,3384.78,ga_tcheby_proxy,mesh9,7,4,0,"[7-4]",1,20,1.59654,0.975,0.796502,1,0.5,6080,725
6805,3386.35,ga_tcheby_proxy,mesh9,6,0,0,"[6-3-0]",2,40,3.19307,0.975,0.802773,2,0.5,6081,725
6806,3386.39,ga_tcheby_proxy,mesh9,1,6,1,"[]",0,0,0,0,0,0,0.5,6081,726
6807,3386.5,ga_tcheby_proxy,mesh9,1,7,0,"[1-4-7]",2,40,3.19307,0.975,0.804281,2,0.5,6082,726
6808,3386.77,ga_tcheby_proxy,mesh9,3,0,0,"[3-0]",1,20,1.59654,0.975,0.803077,1,0.5,6083,726
6809,3387.23,ga_tcheby_proxy,mesh9,4,5,0,"[4-5]",1,22,1.61449,0.97,0.802164,1,0.5,6084,726
6810,3387.44,ga_tcheby_proxy,mesh9,5,8,0,"[5-8]",1,20,1.59654,0.975,0.801242,1,0.5,6085,726
6811,3387.73,ga_tcheby_proxy,mesh9,3,6,0,"[3-6]",1,20,1.59654,0.975,0.79288,1,0.5,6086,726
6812,3388.51,ga_tcheby_proxy,mesh9,6,3,0,"[6-3]",1,20,1.59654,0.975,0.800933,1,0.5,6087,726
6813,3388.8,ga_tcheby_proxy,mesh9,1,4,0,"[1-4]",1,20,1.59654,0.975,0.80458,1,0.5,6088,726
6814,3389.42,ga_tcheby_proxy,mesh9,7,1,0,"[7-4-1]",2,40,3.19307,0.975,0.797788,2,0.5,6089,726
6815,3389.52,ga_tcheby_proxy,mesh9,5,7,0,"[5-8-7]",2,42,3.21103,0.97,0.80155,2,0.5,6090,726
6816,3390.4,ga_tcheby_proxy,mesh9,1,3,0,"[1-0-3]",2,42,3.21103,0.97,0.802773,2,0.5,6091,726
6817,3391.18,ga_tcheby_proxy,mesh9,6,5,0,"[6-7-8-5]",3,64,4.82552,0.97,0.802469,3,0.5,6092,726
6818,3391.41,ga_tcheby_proxy,mesh9,4,7,0,"[4-7]",1,20,1.59654,0.975,0.802773,1,0.5,6093,726
6819,3394.34,ga_tcheby_proxy,mesh9,7,2,0,"[7-4-1-2]",3,62,4.80756,0.97,0.801242,3,0.5,6094,726
6820,3394.45,ga_tcheby_proxy,mesh9,5,1,0,"[5-2-1]",2,42,3.21103,0.97,0.796825,2,0.5,6095,726
6821,3395.65,ga_tcheby_proxy,mesh9,5,0,0,"[5-2-1-0]",3,64,4.82552,0.97,0.80155,3,0.5,6096,726
6822,3398.27,ga_tcheby_proxy,mesh9,1,2,0,"[1-2]",1,22,1.61449,0.97,0.80155,1,0.5,6097,726
6823,3398.89,ga_tcheby_proxy,mesh9,5,8,0,"[5-8]",1,20,1.59654,0.975,0.801858,1,0.5,6098,726
6824,3399.08,ga_tcheby_proxy,mesh9,1,8,0,"[1-2-5-8]",3,62,4.80756,0.97,0.803982,3,0.5,6099,726
6825,3399.22,ga_tcheby_proxy,mesh9,3,5,0,"[3-4-5]",2,44,3.22898,0.97,0.802773,2,0.5,6100,726
6826,3399.44,ga_tcheby_proxy,mesh9,1,0,0,"[1-0]",1,22,1.61449,0.97,0.801858,1,0.5,6101,726
6827,3399.81,ga_tcheby_proxy,mesh9,2,8,0,"[2-5-8]",2,40,3.19307,0.975,0.804281,2,0.5,6102,726
6828,3401.26,ga_tcheby_proxy,mesh9,4,8,0,"[4-5-8]",2,42,3.21103,0.97,0.802773,2,0.5,6103,726
6829,3402.8,ga_tcheby_proxy,mesh9,7,3,0,"[7-4-3]",2,42,3.21103,0.97,0.800623,2,0.5,6104,726
6830,3403.54,ga_tcheby_proxy,mesh9,0,1,0,"[0-1]",1,22,1.61449,0.97,0.793881,1,0.5,6105,726
6831,3403.72,ga_tcheby_proxy,mesh9,7,3,0,"[7-4-3]",2,42,3.21103,0.97,0.800933,2,0.5,6106,726
6832,3403.77,ga_tcheby_proxy,mesh9,5,2,1,"[]",0,0,0,0,0,0,0.5,6106,727
6833,3404.16,ga_tcheby_proxy,mesh9,1,7,0,"[1-4-7]",2,40,3.19307,0.975,0.804878,2,0.5,6107,727
6834,3404.97,ga_tcheby_proxy,mesh9,6,0,0,"[6-3-0]",2,40,3.19307,0.975,0.803379,2,0.5,6108,727
6835,3405.12,ga_tcheby_proxy,mesh9,0,7,0,"[0-3-6-7]",3,62,4.80756,0.97,0.803077,3,0.5,6109,727
6836,3405.39,ga_tcheby_proxy,mesh9,0,2,0,"[0-1-2]",2,44,3.22898,0.97,0.802164,2,0.5,6110,727
6837,3407.99,ga_tcheby_proxy,mesh9,1,6,0,"[1-0-3-6]",3,62,4.80756,0.97,0.803379,3,0.5,6111,727
6838,3409.15,ga_tcheby_proxy,mesh9,3,0,0,"[3-0]",1,20,1.59654,0.975,0.803681,1,0.5,6112,727
6839,3409.47,ga_tcheby_proxy,mesh9,7,4,0,"[7-4]",1,20,1.59654,0.975,0.798107,1,0.5,6113,727
6840,3409.61,ga_tcheby_proxy,mesh9,6,4,0,"[6-7-4]",2,42,3.21103,0.97,0.803077,2,0.5,6114,727
6841,3409.95,ga_tcheby_proxy,mesh9,6,3,0,"[6-3]",1,20,1.59654,0.975,0.80155,1,0.5,6115,727
6842,3410.23,ga_tcheby_proxy,mesh9,8,4,0,"[8-5-4]",2,42,3.21103,0.97,0.798425,2,0.5,6116,727
6843,3411.98,ga_tcheby_proxy,mesh9,2,5,0,"[2-5]",1,20,1.59654,0.975,0.80458,1,0.5,6117,727
6844,3412.62,ga_tcheby_proxy,mesh9,2,6,0,"[2-1-0-3-6]",4,84,6.42205,0.97,0.803681,4,0.5,6118,727
6845,3412.66,ga_tcheby_proxy,mesh9,8,1,1,"[]",0,0,0,0,0,0,0.5,6118,728
6846,3412.84,ga_tcheby_proxy,mesh9,5,6,0,"[5-4-3-6]",3,64,4.82552,0.97,0.801242,3,0.5,6119,728
6847,3412.93,ga_tcheby_proxy,mesh9,2,7,0,"[2-5-8-7]",3,62,4.80756,0.97,0.804878,3,0.5,6120,728
6848,3414.7,ga_tcheby_proxy,mesh9,4,0,0,"[4-1-0]",2,42,3.21103,0.97,0.802773,2,0.5,6121,728
6849,3415.16,ga_tcheby_proxy,mesh9,2,8,0,"[2-5-8]",2,40,3.19307,0.975,0.805175,2,0.5,6122,728
6850,3415.33,ga_tcheby_proxy,mesh9,5,3,0,"[5-4-3]",2,44,3.22898,0.97,0.80155,2,0.5,6123,728
6851,3415.37,ga_tcheby_proxy,mesh9,5,3,1,"[]",0,0,0,0,0,0,0.5,6123,729
6852,3415.98,ga_tcheby_proxy,mesh9,5,8,0,"[5-8]",1,20,1.59654,0.975,0.803681,1,0.5,6124,729
6853,3416.82,ga_tcheby_proxy,mesh9,3,5,0,"[3-4-5]",2,44,3.22898,0.97,0.803077,2,0.5,6125,729
6854,3416.86,ga_tcheby_proxy,mesh9,8,6,1,"[]",0,0,0,0,0,0,0.5,6125,730
6855,3417.74,ga_tcheby_proxy,mesh9,3,7,0,"[3-6-7]",2,42,3.21103,0.97,0.803379,2,0.5,6126,730
6856,3418.3,ga_tcheby_proxy,mesh9,7,8,0,"[7-8]",1,22,1.61449,0.97,0.80155,1,0.5,6127,730
6857,3418.95,ga_tcheby_proxy,mesh9,7,4,0,"[7-4]",1,20,1.59654,0.975,0.798742,1,0.5,6128,730
6858,3419.49,ga_tcheby_proxy,mesh9,4,0,0,"[4-1-0]",2,42,3.21103,0.97,0.803077,2,0.5,6129,730
6859,3421.29,ga_tcheby_proxy,mesh9,0,8,0,"[0-3-4-7-8]",4,84,6.42205,0.97,0.803982,4,0.5,6130,730
6860,3421.97,ga_tcheby_proxy,mesh9,1,3,0,"[1-0-3]",2,42,3.21103,0.97,0.804281,2,0.5,6131,730
6861,3422.19,ga_tcheby_proxy,mesh9,8,4,0,"[8-7-4]",2,42,3.21103,0.97,0.799058,2,0.5,6132,730
6862,3423.08,ga_tcheby_proxy,mesh9,1,5,0,"[1-4-5]",2,42,3.21103,0.97,0.805175,2,0.5,6133,730
6863,3423.79,ga_tcheby_proxy,mesh9,1,7,0,"[1-4-7]",2,40,3.19307,0.975,0.805471,2,0.5,6134,730
6864,3423.91,ga_tcheby_proxy,mesh9,7,4,0,"[7-4]",1,20,1.59654,0.975,0.799373,1,0.5,6135,730
6865,3423.98,ga_tcheby_proxy,mesh9,1,0,0,"[1-4-3-0]",3,62,4.85193,0.952962,0.805766,3,0.5,6136,730
6866,3424.03,ga_tcheby_proxy,mesh9,0,4,1,"[]",0,0,0,0,0,0,0.5,6136,731
6867,3424.37,ga_tcheby_proxy,mesh9,1,3,0,"[1-0-3]",2,42,3.21103,0.97,0.80458,2,0.5,6137,731
6868,3426.13,ga_tcheby_proxy,mesh9,6,7,0,"[6-7]",1,22,1.61449,0.97,0.803681,1,0.5,6138,731
6869,3426.61,ga_tcheby_proxy,mesh9,8,3,0,"[8-7-6-3]",3,64,4.82552,0.97,0.801858,3,0.5,6139,731
6870,3426.74,ga_tcheby_proxy,mesh9,8,6,0,"[8-7-6]",2,44,3.22898,0.97,0.797788,2,0.5,6140,731
6871,3427.25,ga_tcheby_proxy,mesh9,1,3,0,"[1-0-3]",2,42,3.21103,0.97,0.804878,2,0.5,6141,731
6872,3427.99,ga_tcheby_proxy,mesh9,2,3,0,"[2-1-0-3]",3,64,4.82552,0.97,0.805175,3,0.5,6142,731
6873,3428.25,ga_tcheby_proxy,mesh9,2,5,0,"[2-5]",1,20,1.59654,0.975,0.805471,1,0.5,6143,731
6874,3428.31,ga_tcheby_proxy,mesh9,3,4,1,"[]",0,0,0,0,0,0,0.5,6143,732
6875,3428.8,ga_tcheby_proxy,mesh9,5,7,0,"[5-8-7]",2,42,3.21103,0.97,0.803982,2,0.5,6144,732
6876,3429.18,ga_tcheby_proxy,mesh9,2,0,0,"[2-1-0]",2,44,3.22898,0.97,0.80458,2,0.5,6145,732
6877,3429.97,ga_tcheby_proxy,mesh9,2,8,0,"[2-5-8]",2,40,3.19307,0.975,0.805766,2,0.5,6146,732
6878,3430.02,ga_tcheby_proxy,mesh9,6,2,1,"[]",0,0,0,0,0,0,0.5,6146,733
6879,3430.41,ga_tcheby_proxy,mesh9,4,1,0,"[4-1]",1,20,1.59654,0.975,0.799058,1,0.5,6147,733
6880,3430.92,ga_tcheby_proxy,mesh9,6,1,0,"[6-3-4-1]",3,62,4.80756,0.97,0.803681,3,0.5,6148,733
6881,3433.76,ga_tcheby_proxy,mesh9,6,3,0,"[6-3]",1,20,1.59654,0.975,0.802469,1,0.5,6149,733
6882,3434.11,ga_tcheby_proxy,mesh9,2,0,0,"[2-1-0]",2,44,3.22898,0.97,0.804878,2,0.5,6150,733
6883,3434.52,ga_tcheby_proxy,mesh9,8,7,0,"[8-7]",1,22,1.61449,0.97,0.798425,1,0.5,6151,733
6884,3434.53,ga_tcheby_proxy,mesh9,4,6,1,"[]",0,0,0,0,0,0,0.5,6151,734
6885,3434.84,ga_tcheby_proxy,mesh9,1,4,0,"[1-4]",1,20,1.59654,0.975,0.806061,1,0.5,6152,734
6886,3434.98,ga_tcheby_proxy,mesh9,7,1,0,"[7-4-1]",2,40,3.19307,0.975,0.799687,2,0.5,6153,734
6887,3436.98,ga_tcheby_proxy,mesh9,5,0,0,"[5-4-3-0]",3,64,4.82552,0.97,0.804281,3,0.5,6154,734
6888,3437.57,ga_tcheby_proxy,mesh9,1,2,0,"[1-2]",1,22,1.61449,0.97,0.802469,1,0.5,6155,734
6889,3437.62,ga_tcheby_proxy,mesh9,0,3,1,"[]",0,0,0,0,0,0,0.5,6155,735
6890,3438.12,ga_tcheby_proxy,mesh9,4,0,0,"[4-3-0]",2,42,3.21103,0.97,0.80458,2,0.5,6156,735
6891,3438.96,ga_tcheby_proxy,mesh9,1,5,0,"[1-2-5]",2,42,3.21103,0.97,0.806061,2,0.5,6157,735
6892,3440.04,ga_tcheby_proxy,mesh9,7,8,0,"[7-8]",1,22,1.61449,0.97,0.802164,1,0.5,6158,735
6893,3440.32,ga_tcheby_proxy,mesh9,1,2,0,"[1-2]",1,22,1.61449,0.97,0.803077,1,0.5,6159,735
6894,3440.38,ga_tcheby_proxy,mesh9,8,7,1,"[]",0,0,0,0,0,0,0.5,6159,736
6895,3440.97,ga_tcheby_proxy,mesh9,1,4,0,"[1-4]",1,20,1.59654,0.975,0.806354,1,0.5,6160,736
6896,3441.14,ga_tcheby_proxy,mesh9,2,6,0,"[2-1-0-3-6]",4,84,6.42205,0.97,0.805471,4,0.5,6161,736
6897,3441.7,ga_tcheby_proxy,mesh9,4,6,0,"[4-3-6]",2,42,3.21103,0.97,0.802773,2,0.5,6162,736
6898,3441.74,ga_tcheby_proxy,mesh9,0,7,1,"[]",0,0,0,0,0,0,0.5,6162,737
6899,3442.86,ga_tcheby_proxy,mesh9,5,2,0,"[5-2]",1,20,1.59654,0.975,0.77425,1,0.5,6163,737
6900,3443.25,ga_tcheby_proxy,mesh9,6,0,0,"[6-3-0]",2,40,3.19307,0.975,0.804878,2,0.5,6164,737
6901,3443.38,ga_tcheby_proxy,mesh9,4,5,0,"[4-5]",1,22,1.61449,0.97,0.803681,1,0.5,6165,737
6902,3443.54,ga_tcheby_proxy,mesh9,6,4,0,"[6-3-4]",2,42,3.21103,0.97,0.803982,2,0.5,6166,737
6903,3443.57,ga_tcheby_proxy,mesh9,0,8,1,"[]",0,0,0,0,0,0,0.5,6166,738
6904,3443.95,ga_tcheby_proxy,mesh9,6,5,0,"[6-7-8-5]",3,64,4.82552,0.97,0.803982,3,0.5,6167,738
6905,3444.66,ga_tcheby_proxy,mesh9,1,3,0,"[1-0-3]",2,42,3.21103,0.97,0.805766,2,0.5,6168,738
6906,3445.08,ga_tcheby_proxy,mesh9,3,6,0,"[3-6]",1,20,1.59654,0.975,0.795527,1,0.5,6169,738
6907,3445.16,ga_tcheby_proxy,mesh9,4,7,0,"[4-7]",1,20,1.59654,0.975,0.803982,1,0.5,6170,738
6908,3445.4,ga_tcheby_proxy,mesh9,1,0,0,"[1-0]",1,22,1.61449,0.97,0.805766,1,0.5,6171,738
6909,3445.82,ga_tcheby_proxy,mesh9,3,6,0,"[3-6]",1,20,1.59654,0.975,0.795853,1,0.5,6172,738
6910,3445.87,ga_tcheby_proxy,mesh9,8,1,1,"[]",0,0,0,0,0,0,0.5,6172,739
6911,3446.19,ga_tcheby_proxy,mesh9,5,4,0,"[5-4]",1,22,1.61449,0.97,0.799687,1,0.5,6173,739
6912,3446.56,ga_tcheby_proxy,mesh9,3,4,0,"[3-4]",1,22,1.61449,0.97,0.804281,1,0.5,6174,739
6913,3446.73,ga_tcheby_proxy,mesh9,8,0,0,"[8-5-4-3-0]",4,84,6.42205,0.97,0.805175,4,0.5,6175,739
6914,3446.75,ga_tcheby_proxy,mesh9,2,8,1,"[]",0,0,0,0,0,0,0.5,6175,740
6915,3449.05,ga_tcheby_proxy,mesh9,1,4,0,"[1-4]",1,20,1.59654,0.975,0.806647,1,0.5,6176,740
6916,3449.25,ga_tcheby_proxy,mesh9,0,5,0,"[0-3-4-5]",3,64,4.82552,0.97,0.806061,3,0.5,6177,740
6917,3449.89,ga_tcheby_proxy,mesh9,1,3,0,"[1-0-3]",2,42,3.21103,0.97,0.806354,2,0.5,6178,740
6918,3450.16,ga_tcheby_proxy,mesh9,0,2,0,"[0-1-2]",2,44,3.22898,0.97,0.803379,2,0.5,6179,740
6919,3450.18,ga_tcheby_proxy,mesh9,4,8,1,"[]",0,0,0,0,0,0,0.5,6179,741
6920,3450.88,ga_tcheby_proxy,mesh9,6,3,0,"[6-3]",1,20,1.59654,0.975,0.803379,1,0.5,6180,741
6921,3450.89,ga_tcheby_proxy,mesh9,2,1,1,"[]",0,0,0,0,0,0,0.5,6180,742
6922,3450.99,ga_tcheby_proxy,mesh9,7,5,0,"[7-8-5]",2,42,3.21103,0.97,0.802773,2,0.5,6181,742
6923,3451.24,ga_tcheby_proxy,mesh9,5,4,0,"[5-4]",1,22,1.61449,0.97,0.800312,1,0.5,6182,742
6924,3452.49,ga_tcheby_proxy,mesh9,7,4,0,"[7-4]",1,20,1.59654,0.975,0.8,1,0.5,6183,742
6925,3452.67,ga_tcheby_proxy,mesh9,6,1,0,"[6-7-4-1]",3,62,4.80756,0.97,0.804281,3,0.5,6184,742
6926,3452.86,ga_tcheby_proxy,mesh9,3,8,0,"[3-6-7-8]",3,64,4.82552,0.97,0.80458,3,0.5,6185,742
6927,3452.95,ga_tcheby_proxy,mesh9,4,7,0,"[4-7]",1,20,1.59654,0.975,0.804281,1,0.5,6186,742
6928,3454.37,ga_tcheby_proxy,mesh9,1,5,0,"[1-2-5]",2,42,3.21103,0.97,0.806354,2,0.5,6187,742
6929,3454.47,ga_tcheby_proxy,mesh9,8,3,0,"[8-5-4-3]",3,64,4.82552,0.97,0.803379,3,0.5,6188,742
6930,3455.46,ga_tcheby_proxy,mesh9,8,5,0,"[8-5]",1,20,1.59654,0.975,0.78843,1,0.5,6189,742
6931,3455.59,ga_tcheby_proxy,mesh9,8,0,0,"[8-7-6-3-0]",4,84,6.42205,0.97,0.805471,4,0.5,6190,742
6932,3455.72,ga_tcheby_proxy,mesh9,1,8,0,"[1-2-5-8]",3,62,4.80756,0.97,0.806647,3,0.5,6191,742
6933,3456.49,ga_tcheby_proxy,mesh9,6,7,0,"[6-7]",1,22,1.61449,0.97,0.804878,1,0.5,6192,742
6934,3456.82,ga_tcheby_proxy,mesh9,1,7,0,"[1-4-7]",2,40,3.19307,0.975,0.806938,2,0.5,6193,742
6935,3457.97,ga_tcheby_proxy,mesh9,7,2,0,"[7-8-5-2]",3,62,4.80756,0.97,0.803379,3,0.5,6194,742
6936,3458.74,ga_tcheby_proxy,mesh9,5,3,0,"[5-4-3]",2,44,3.22898,0.97,0.803681,2,0.5,6195,742
6937,3459.1,ga_tcheby_proxy,mesh9,7,4,0,"[7-4]",1,20,1.59654,0.975,0.800623,1,0.5,6196,742
6938,3459.38,ga_tcheby_proxy,mesh9,6,8,0,"[6-7-8]",2,44,3.22898,0.97,0.805175,2,0.5,6197,742
6939,3459.86,ga_tcheby_proxy,mesh9,3,6,0,"[3-6]",1,20,1.59654,0.975,0.796502,1,0.5,6198,742
6940,3460.31,ga_tcheby_proxy,mesh9,3,2,0,"[3-4-5-2]",3,64,4.82552,0.97,0.804878,3,0.5,6199,742
6941,3460.8,ga_tcheby_proxy,mesh9,2,1,0,"[2-1]",1,22,1.61449,0.97,0.799058,1,0.5,6200,742
6942,3461.07,ga_tcheby_proxy,mesh9,1,2,0,"[1-2]",1,22,1.61449,0.97,0.804281,1,0.5,6201,742
6943,3461.35,ga_tcheby_proxy,mesh9,4,7,0,"[4-7]",1,20,1.59654,0.975,0.804878,1,0.5,6202,742
6944,3462.05,ga_tcheby_proxy,mesh9,8,2,0,"[8-5-2]",2,40,3.19307,0.975,0.789127,2,0.5,6203,742
6945,3462.19,ga_tcheby_proxy,mesh9,3,0,0,"[3-0]",1,20,1.59654,0.975,0.805766,1,0.5,6204,742
6946,3462.28,ga_tcheby_proxy,mesh9,3,5,0,"[3-4-5]",2,44,3.22898,0.97,0.805175,2,0.5,6205,742
6947,3462.33,ga_tcheby_proxy,mesh9,2,4,1,"[]",0,0,0,0,0,0,0.5,6205,743
6948,3462.48,ga_tcheby_proxy,mesh9,1,7,0,"[1-4-7]",2,40,3.19307,0.975,0.807229,2,0.5,6206,743
6949,3462.84,ga_tcheby_proxy,mesh9,5,4,0,"[5-4]",1,22,1.61449,0.97,0.801242,1,0.5,6207,743
6950,3463.47,ga_tcheby_proxy,mesh9,8,7,0,"[8-7]",1,22,1.61449,0.97,0.799058,1,0.5,6208,743
6951,3464.14,ga_tcheby_proxy,mesh9,4,6,0,"[4-3-6]",2,42,3.21103,0.97,0.803982,2,0.5,6209,743
6952,3464.75,ga_tcheby_proxy,mesh9,6,0,0,"[6-3-0]",2,40,3.19307,0.975,0.806061,2,0.5,6210,743
6953,3464.95,ga_tcheby_proxy,mesh9,6,4,0,"[6-7-4]",2,42,3.21103,0.97,0.805471,2,0.5,6211,743
6954,3465.63,ga_tcheby_proxy,mesh9,6,8,0,"[6-7-8]",2,44,3.22898,0.97,0.805766,2,0.5,6212,743
6955,3466.08,ga_tcheby_proxy,mesh9,4,3,0,"[4-3]",1,22,1.61449,0.97,0.804281,1,0.5,6213,743
6956,3466.3,ga_tcheby_proxy,mesh9,1,4,0,"[1-4]",1,20,1.59654,0.975,0.807519,1,0.5,6214,743
6957,3467.26,ga_tcheby_proxy,mesh9,4,6,0,"[4-3-6]",2,42,3.21103,0.97,0.80458,2,0.5,6215,743
6958,3467.44,ga_tcheby_proxy,mesh9,5,8,0,"[5-8]",1,20,1.59654,0.975,0.804878,1,0.5,6216,743
6959,3468.03,ga_tcheby_proxy,mesh9,8,6,0,"[8-7-6]",2,44,3.22898,0.97,0.799373,2,0.5,6217,743
6960,3469.78,ga_tcheby_proxy,mesh9,1,8,0,"[1-2-5-8]",3,62,4.80756,0.97,0.806938,3,0.5,6218,743
6961,3470.22,ga_tcheby_proxy,mesh9,5,6,0,"[5-4-3-6]",3,64,4.82552,0.97,0.804878,3,0.5,6219,743
6962,3470.24,ga_tcheby_proxy,mesh9,1,4,1,"[]",0,0,0,0,0,0,0.5,6219,744
6963,3470.26,ga_tcheby_proxy,mesh9,8,0,1,"[]",0,0,0,0,0,0,0.5,6219,745
6964,3471.02,ga_tcheby_proxy,mesh9,1,2,0,"[1-2]",1,22,1.61449,0.97,0.804878,1,0.5,6220,745
6965,3471.18,ga_tcheby_proxy,mesh9,1,2,0,"[1-2]",1,22,1.61449,0.97,0.805175,1,0.5,6221,745
6966,3472.03,ga_tcheby_proxy,mesh9,7,8,0,"[7-8]",1,22,1.61449,0.97,0.804281,1,0.5,6222,745
6967,3472.06,ga_tcheby_proxy,mesh9,5,8,1,"[]",0,0,0,0,0,0,0.5,6222,746
6968,3472.25,ga_tcheby_proxy,mesh9,3,2,0,"[3-4-5-2]",3,64,4.82552,0.97,0.805471,3,0.5,6223,746
6969,3472.39,ga_tcheby_proxy,mesh9,1,6,0,"[1-0-3-6]",3,62,4.80756,0.97,0.806647,3,0.5,6224,746
6970,3472.78,ga_tcheby_proxy,mesh9,0,6,0,"[0-3-6]",2,40,3.19307,0.975,0.806938,2,0.5,6225,746
6971,3473.02,ga_tcheby_proxy,mesh9,6,3,0,"[6-3]",1,20,1.59654,0.975,0.804281,1,0.5,6226,746
6972,3473.27,ga_tcheby_proxy,mesh9,4,7,0,"[4-7]",1,20,1.59654,0.975,0.805471,1,0.5,6227,746
6973,3473.4,ga_tcheby_proxy,mesh9,7,2,0,"[7-8-5-2]",3,62,4.80756,0.97,0.80458,3,0.5,6228,746
6974,3473.5,ga_tcheby_proxy,mesh9,7,6,0,"[7-6]",1,22,1.61449,0.97,0.794872,1,0.5,6229,746
6975,3473.63,ga_tcheby_proxy,mesh9,2,0,0,"[2-1-0]",2,44,3.22898,0.97,0.806647,2,0.5,6230,746
6976,3474.09,ga_tcheby_proxy,mesh9,0,6,0,"[0-3-6]",2,40,3.19307,0.975,0.807229,2,0.5,6231,746
6977,3474.47,ga_tcheby_proxy,mesh9,6,1,0,"[6-3-4-1]",3,62,4.80756,0.97,0.805766,3,0.5,6232,746
6978,3475.58,ga_tcheby_proxy,mesh9,8,3,0,"[8-7-6-3]",3,64,4.82552,0.97,0.804878,3,0.5,6233,746
6979,3476.85,ga_tcheby_proxy,mesh9,3,2,0,"[3-4-1-2]",3,64,4.82552,0.97,0.806061,3,0.5,6234,746
6980,3477.38,ga_tcheby_proxy,mesh9,6,3,0,"[6-3]",1,20,1.59654,0.975,0.805175,1,0.5,6235,746
6981,3477.74,ga_tcheby_proxy,mesh9,4,5,0,"[4-5]",1,22,1.61449,0.97,0.805175,1,0.5,6236,746
6982,3477.78,ga_tcheby_proxy,mesh9,1,2,1,"[]",0,0,0,0,0,0,0.5,6236,747
6983,3478.04,ga_tcheby_proxy,mesh9,1,8,0,"[1-2-5-8]",3,62,4.80756,0.97,0.807229,3,0.5,6237,747
6984,3478.13,ga_tcheby_proxy,mesh9,7,0,0,"[7-6-3-0]",3,62,4.80756,0.97,0.806354,3,0.5,6238,747
6985,3478.54,ga_tcheby_proxy,mesh9,8,2,0,"[8-5-2]",2,40,3.19307,0.975,0.789819,2,0.5,6239,747
6986,3478.71,ga_tcheby_proxy,mesh9,3,8,0,"[3-6-7-8]",3,64,4.82552,0.97,0.806061,3,0.5,6240,747
6987,3479.01,ga_tcheby_proxy,mesh9,2,4,0,"[2-5-4]",2,42,3.21103,0.97,0.807519,2,0.5,6241,747
6988,3479.13,ga_tcheby_proxy,mesh9,4,2,0,"[4-5-2]",2,42,3.21103,0.97,0.805471,2,0.5,6242,747
6989,3479.18,ga_tcheby_proxy,mesh9,5,2,1,"[]",0,0,0,0,0,0,0.5,6242,748
6990,3479.21,ga_tcheby_proxy,mesh9,7,2,1,"[]",0,0,0,0,0,0,0.5,6242,749
6991,3479.61,ga_tcheby_proxy,mesh9,6,8,0,"[6-7-8]",2,44,3.22898,0.97,0.806354,2,0.5,6243,749
6992,3480.2,ga_tcheby_proxy,mesh9,5,4,0,"[5-4]",1,22,1.61449,0.97,0.802164,1,0.5,6244,749
6993,3482.12,ga_tcheby_proxy,mesh9,5,6,0,"[5-4-3-6]",3,64,4.82552,0.97,0.805175,3,0.5,6245,749
6994,3482.57,ga_tcheby_proxy,mesh9,8,2,0,"[8-5-2]",2,40,3.19307,0.975,0.790164,2,0.5,6246,749
6995,3483.15,ga_tcheby_proxy,mesh9,5,4,0,"[5-4]",1,22,1.61449,0.97,0.802773,1,0.5,6247,749
6996,3483.23,ga_tcheby_proxy,mesh9,6,1,0,"[6-7-4-1]",3,62,4.80756,0.97,0.806647,3,0.5,6248,749
6997,3483.24,ga_tcheby_proxy,mesh9,8,7,1,"[]",0,0,0,0,0,0,0.5,6248,750
6998,3484.44,ga_tcheby_proxy,mesh9,4,0,0,"[4-3-0]",2,42,3.21103,0.97,0.806647,2,0.5,6249,750
6999,3484.79,ga_tcheby_proxy,mesh9,7,0,0,"[7-4-1-0]",3,62,4.80756,0.97,0.806938,3,0.5,6250,750
7000,3486.27,ga_tcheby_proxy,mesh9,5,7,0,"[5-8-7]",2,42,3.21103,0.97,0.805766,2,0.5,6251,750
7001,3487.83,ga_tcheby_proxy,mesh9,2,1,0,"[2-1]",1,22,1.61449,0.97,0.799687,1,0.5,6252,750
7002,3487.95,ga_tcheby_proxy,mesh9,5,3,0,"[5-4-3]",2,44,3.22898,0.97,0.805766,2,0.5,6253,750
7003,3488,ga_tcheby_proxy,mesh9,2,5,1,"[]",0,0,0,0,0,0,0.5,6253,751
7004,3488.75,ga_tcheby_proxy,mesh9,4,3,0,"[4-3]",1,22,1.61449,0.97,0.806061,1,0.5,6254,751
7005,3489.11,ga_tcheby_proxy,mesh9,6,3,0,"[6-3]",1,20,1.59654,0.975,0.805766,1,0.5,6255,751
7006,3490.16,ga_tcheby_proxy,mesh9,3,7,0,"[3-4-7]",2,42,3.21103,0.97,0.806354,2,0.5,6256,751
7007,3490.29,ga_tcheby_proxy,mesh9,0,1,0,"[0-1]",1,22,1.61449,0.97,0.794872,1,0.5,6257,751
7008,3491.58,ga_tcheby_proxy,mesh9,7,6,0,"[7-6]",1,22,1.61449,0.97,0.795853,1,0.5,6258,751
7009,3492.2,ga_tcheby_proxy,mesh9,8,5,0,"[8-5]",1,20,1.59654,0.975,0.790507,1,0.5,6259,751
7010,3492.2,ga_tcheby_proxy,mesh9,7,6,0,"[7-6]",1,22,1.65301,0.946463,0.797448,1,0.5,6260,751
7011,3492.49,ga_tcheby_proxy,mesh9,6,5,0,"[6-3-4-5]",3,64,4.82552,0.97,0.806647,3,0.5,6261,751
7012,3492.6,ga_tcheby_proxy,mesh9,0,8,0,"[0-3-6-7-8]",4,84,6.42205,0.97,0.807519,4,0.5,6262,751
7013,3493.33,ga_tcheby_proxy,mesh9,2,8,0,"[2-5-8]",2,40,3.19307,0.975,0.807808,2,0.5,6263,751
7014,3493.75,ga_tcheby_proxy,mesh9,8,0,0,"[8-5-4-3-0]",4,84,6.42205,0.97,0.806938,4,0.5,6264,751
7015,3495.1,ga_tcheby_proxy,mesh9,3,1,0,"[3-4-1]",2,42,3.21103,0.97,0.806938,2,0.5,6265,751
7016,3495.19,ga_tcheby_proxy,mesh9,8,7,0,"[8-7]",1,22,1.61449,0.97,0.800312,1,0.5,6266,751
7017,3495.91,ga_tcheby_proxy,mesh9,3,7,0,"[3-4-7]",2,42,3.21103,0.97,0.807229,2,0.5,6267,751
7018,3496.05,ga_tcheby_proxy,mesh9,1,6,0,"[1-0-3-6]",3,62,4.80756,0.97,0.807808,3,0.5,6268,751
7019,3496.39,ga_tcheby_proxy,mesh9,1,6,0,"[1-4-3-6]",3,62,4.80756,0.97,0.807808,3,0.5,6269,751
7020,3497.01,ga_tcheby_proxy,mesh9,5,7,0,"[5-8-7]",2,42,3.21103,0.97,0.806354,2,0.5,6270,751
7021,3497.35,ga_tcheby_proxy,mesh9,3,1,0,"[3-0-1]",2,42,3.21103,0.97,0.807229,2,0.5,6271,751
7022,3498.59,ga_tcheby_proxy,mesh9,0,8,0,"[0-1-4-7-8]",4,84,6.42205,0.97,0.808096,4,0.5,6272,751
7023,3499.48,ga_tcheby_proxy,mesh9,4,2,0,"[4-1-2]",2,42,3.21103,0.97,0.806061,2,0.5,6273,751
7024,3499.59,ga_tcheby_proxy,mesh9,8,2,0,"[8-5-2]",2,40,3.19307,0.975,0.791191,2,0.5,6274,751
7025,3500.11,ga_tcheby_proxy,mesh9,8,2,0,"[8-5-2]",2,40,3.19307,0.975,0.791531,2,0.5,6275,751
7026,3500.27,ga_tcheby_proxy,mesh9,1,2,0,"[1-2]",1,22,1.61449,0.97,0.806354,1,0.5,6276,751
7027,3500.45,ga_tcheby_proxy,mesh9,5,4,0,"[5-4]",1,22,1.61449,0.97,0.803681,1,0.5,6277,751
7028,3500.58,ga_tcheby_proxy,mesh9,0,1,0,"[0-1]",1,22,1.61449,0.97,0.795853,1,0.5,6278,751
7029,3500.67,ga_tcheby_proxy,mesh9,7,2,0,"[7-8-5-2]",3,62,4.80756,0.97,0.806061,3,0.5,6279,751
7030,3501.59,ga_tcheby_proxy,mesh9,0,1,0,"[0-1]",1,22,1.61449,0.97,0.796178,1,0.5,6280,751
7031,3501.97,ga_tcheby_proxy,mesh9,0,4,0,"[0-3-4]",2,42,3.21103,0.97,0.808096,2,0.5,6281,751
7032,3502.73,ga_tcheby_proxy,mesh9,4,6,0,"[4-7-6]",2,42,3.21103,0.97,0.806647,2,0.5,6282,751
7033,3502.9,ga_tcheby_proxy,mesh9,8,3,0,"[8-7-6-3]",3,64,4.82552,0.97,0.806354,3,0.5,6283,751
7034,3503.62,ga_tcheby_proxy,mesh9,8,6,0,"[8-7-6]",2,44,3.22898,0.97,0.801242,2,0.5,6284,751
7035,3504.29,ga_tcheby_proxy,mesh9,7,5,0,"[7-4-5]",2,42,3.21103,0.97,0.806061,2,0.5,6285,751
7036,3504.67,ga_tcheby_proxy,mesh9,0,5,0,"[0-1-2-5]",3,64,4.82552,0.97,0.808096,3,0.5,6286,751
7037,3504.87,ga_tcheby_proxy,mesh9,6,8,0,"[6-7-8]",2,44,3.22898,0.97,0.807229,2,0.5,6287,751
7038,3505.47,ga_tcheby_proxy,mesh9,2,0,0,"[2-1-0]",2,44,3.22898,0.97,0.807519,2,0.5,6288,751
7039,3505.78,ga_tcheby_proxy,mesh9,0,6,0,"[0-3-6]",2,40,3.19307,0.975,0.808383,2,0.5,6289,751
7040,3506.09,ga_tcheby_proxy,mesh9,1,4,0,"[1-4]",1,20,1.59654,0.975,0.808383,1,0.5,6290,751
7041,3506.45,ga_tcheby_proxy,mesh9,0,6,0,"[0-3-6]",2,40,3.19307,0.975,0.80867,2,0.5,6291,751
7042,3507.67,ga_tcheby_proxy,mesh9,2,4,0,"[2-5-4]",2,42,3.21103,0.97,0.808383,2,0.5,6292,751
7043,3507.78,ga_tcheby_proxy,mesh9,2,5,0,"[2-5]",1,20,1.59654,0.975,0.80867,1,0.5,6293,751
7044,3508.28,ga_tcheby_proxy,mesh9,3,0,0,"[3-0]",1,20,1.59654,0.975,0.807519,1,0.5,6294,751
7045,3508.92,ga_tcheby_proxy,mesh9,4,6,0,"[4-7-6]",2,42,3.21103,0.97,0.806938,2,0.5,6295,751
7046,3509.32,ga_tcheby_proxy,mesh9,8,3,0,"[8-7-6-3]",3,64,4.82552,0.97,0.806647,3,0.5,6296,751
7047,3509.61,ga_tcheby_proxy,mesh9,6,2,0,"[6-7-4-1-2]",4,84,6.42205,0.97,0.807519,4,0.5,6297,751
7048,3510.29,ga_tcheby_proxy,mesh9,5,8,0,"[5-8]",1,20,1.59654,0.975,0.806647,1,0.5,6298,751
7049,3510.67,ga_tcheby_proxy,mesh9,5,6,0,"[5-4-3-6]",3,64,4.82552,0.97,0.806938,3,0.5,6299,751
7050,3510.94,ga_tcheby_proxy,mesh9,4,7,0,"[4-7]",1,20,1.59654,0.975,0.807229,1,0.5,6300,751
7051,3511.54,ga_tcheby_proxy,mesh9,0,6,0,"[0-3-6]",2,40,3.19307,0.975,0.808955,2,0.5,6301,751
7052,3511.99,ga_tcheby_proxy,mesh9,4,7,0,"[4-7]",1,20,1.59654,0.975,0.807519,1,0.5,6302,751
7053,3513.25,ga_tcheby_proxy,mesh9,7,6,0,"[7-6]",1,22,1.61449,0.97,0.798107,1,0.5,6303,751
7054,3513.4,ga_tcheby_proxy,mesh9,1,6,0,"[1-4-3-6]",3,62,4.80756,0.97,0.80867,3,0.5,6304,751
7055,3513.45,ga_tcheby_proxy,mesh9,4,5,1,"[]",0,0,0,0,0,0,0.5,6304,752
7056,3513.47,ga_tcheby_proxy,mesh9,1,7,1,"[]",0,0,0,0,0,0,0.5,6304,753
7057,3514.08,ga_tcheby_proxy,mesh9,5,1,0,"[5-2-1]",2,42,3.21103,0.97,0.800312,2,0.5,6305,753
7058,3514.2,ga_tcheby_proxy,mesh9,8,3,0,"[8-7-6-3]",3,64,4.82552,0.97,0.806938,3,0.5,6306,753
7059,3515.14,ga_tcheby_proxy,mesh9,1,7,0,"[1-4-7]",2,40,3.19307,0.975,0.808955,2,0.5,6307,753
7060,3515.96,ga_tcheby_proxy,mesh9,0,7,0,"[0-1-4-7]",3,62,4.80756,0.97,0.80924,3,0.5,6308,753
7061,3516.33,ga_tcheby_proxy,mesh9,5,1,0,"[5-2-1]",2,42,3.21103,0.97,0.800623,2,0.5,6309,753
7062,3516.39,ga_tcheby_proxy,mesh9,5,3,0,"[5-8-7-6-3]",4,84,6.63879,0.903943,0.807229,4,0.5,6310,753
7063,3517.29,ga_tcheby_proxy,mesh9,7,0,0,"[7-4-3-0]",3,62,4.80756,0.97,0.807808,3,0.5,6311,753
7064,3517.48,ga_tcheby_proxy,mesh9,8,5,0,"[8-5]",1,20,1.59654,0.975,0.792208,1,0.5,6312,753
7065,3517.94,ga_tcheby_proxy,mesh9,1,7,0,"[1-4-7]",2,40,3.19307,0.975,0.809524,2,0.5,6313,753
7066,3518.88,ga_tcheby_proxy,mesh9,3,2,0,"[3-4-1-2]",3,64,4.82552,0.97,0.807808,3,0.5,6314,753
7067,3519.04,ga_tcheby_proxy,mesh9,4,2,0,"[4-5-2]",2,42,3.21103,0.97,0.806354,2,0.5,6315,753
7068,3519.45,ga_tcheby_proxy,mesh9,7,4,0,"[7-4]",1,20,1.59654,0.975,0.802773,1,0.5,6316,753
7069,3519.6,ga_tcheby_proxy,mesh9,7,2,0,"[7-4-5-2]",3,62,4.80756,0.97,0.806647,3,0.5,6317,753
7070,3520.6,ga_tcheby_proxy,mesh9,2,6,0,"[2-5-4-7-6]",4,84,6.42205,0.97,0.808955,4,0.5,6318,753
7071,3521.34,ga_tcheby_proxy,mesh9,6,8,0,"[6-7-8]",2,44,3.22898,0.97,0.807808,2,0.5,6319,753
7072,3521.45,ga_tcheby_proxy,mesh9,6,5,0,"[6-7-4-5]",3,64,4.82552,0.97,0.808096,3,0.5,6320,753
7073,3522.24,ga_tcheby_proxy,mesh9,3,4,0,"[3-4]",1,22,1.61449,0.97,0.808096,1,0.5,6321,753
7074,3522.24,ga_tcheby_proxy,mesh9,5,1,1,"[]",0,0,0,0,0,0,0.5,6321,754
7075,3522.96,ga_tcheby_proxy,mesh9,4,5,0,"[4-5]",1,22,1.61449,0.97,0.807229,1,0.5,6322,754
7076,3523.98,ga_tcheby_proxy,mesh9,3,7,0,"[3-6-7]",2,42,3.21103,0.97,0.808383,2,0.5,6323,754
7077,3524.63,ga_tcheby_proxy,mesh9,7,1,0,"[7-4-1]",2,40,3.19307,0.975,0.803681,2,0.5,6324,754
7078,3525.66,ga_tcheby_proxy,mesh9,2,1,0,"[2-1]",1,22,1.61449,0.97,0.800933,1,0.5,6325,754
7079,3526.07,ga_tcheby_proxy,mesh9,0,3,0,"[0-3]",1,20,1.59654,0.975,0.80924,1,0.5,6326,754
7080,3526.88,ga_tcheby_proxy,mesh9,1,3,0,"[1-0-3]",2,42,3.21103,0.97,0.809524,2,0.5,6327,754
7081,3526.91,ga_tcheby_proxy,mesh9,8,6,1,"[]",0,0,0,0,0,0,0.5,6327,755
7082,3527.24,ga_tcheby_proxy,mesh9,6,2,0,"[6-3-0-1-2]",4,84,6.42205,0.97,0.808096,4,0.5,6328,755
7083,3527.63,ga_tcheby_proxy,mesh9,1,7,0,"[1-4-7]",2,40,3.19307,0.975,0.809807,2,0.5,6329,755
7084,3527.69,ga_tcheby_proxy,mesh9,5,7,1,"[]",0,0,0,0,0,0,0.5,6329,756
7085,3527.96,ga_tcheby_proxy,mesh9,0,6,0,"[0-3-6]",2,40,3.19307,0.975,0.809807,2,0.5,6330,756
7086,3528.1,ga_tcheby_proxy,mesh9,6,2,0,"[6-3-0-1-2]",4,84,6.42205,0.97,0.808383,4,0.5,6331,756
7087,3528.38,ga_tcheby_proxy,mesh9,4,2,0,"[4-5-2]",2,42,3.21103,0.97,0.807519,2,0.5,6332,756
7088,3528.88,ga_tcheby_proxy,mesh9,5,6,0,"[5-8-7-6]",3,64,4.82552,0.97,0.807229,3,0.5,6333,756
7089,3529.01,ga_tcheby_proxy,mesh9,5,4,0,"[5-4]",1,22,1.61449,0.97,0.804878,1,0.5,6334,756
7090,3529.45,ga_tcheby_proxy,mesh9,5,4,0,"[5-4]",1,22,1.61449,0.97,0.805175,1,0.5,6335,756
7091,3529.61,ga_tcheby_proxy,mesh9,4,3,0,"[4-3]",1,22,1.61449,0.97,0.807808,1,0.5,6336,756
7092,3529.74,ga_tcheby_proxy,mesh9,7,1,0,"[7-4-1]",2,40,3.19307,0.975,0.803982,2,0.5,6337,756
7093,3531.01,ga_tcheby_proxy,mesh9,8,4,0,"[8-7-4]",2,42,3.21103,0.97,0.804281,2,0.5,6338,756
7094,3531.86,ga_tcheby_proxy,mesh9,8,5,0,"[8-5]",1,20,1.59654,0.975,0.792545,1,0.5,6339,756
7095,3532.78,ga_tcheby_proxy,mesh9,4,1,0,"[4-1]",1,20,1.59654,0.975,0.803379,1,0.5,6340,756
7096,3532.91,ga_tcheby_proxy,mesh9,1,4,0,"[1-4]",1,20,1.59654,0.975,0.810089,1,0.5,6341,756
7097,3533.44,ga_tcheby_proxy,mesh9,8,7,0,"[8-7]",1,22,1.61449,0.97,0.803077,1,0.5,6342,756
7098,3534,ga_tcheby_proxy,mesh9,8,6,0,"[8-7-6]",2,44,3.22898,0.97,0.803379,2,0.5,6343,756
7099,3534.76,ga_tcheby_proxy,mesh9,1,7,0,"[1-4-7]",2,40,3.19307,0.975,0.81037,2,0.5,6344,756
7100,3535.16,ga_tcheby_proxy,mesh9,1,6,0,"[1-0-3-6]",3,62,4.80756,0.97,0.810089,3,0.5,6345,756
7101,3535.41,ga_tcheby_proxy,mesh9,3,1,0,"[3-4-1]",2,42,3.21103,0.97,0.808383,2,0.5,6346,756
7102,3535.66,ga_tcheby_proxy,mesh9,7,6,0,"[7-6]",1,22,1.61449,0.97,0.8,1,0.5,6347,756
7103,3536.8,ga_tcheby_proxy,mesh9,6,3,0,"[6-3]",1,20,1.59654,0.975,0.808096,1,0.5,6348,756
7104,3536.86,ga_tcheby_proxy,mesh9,8,5,0,"[8-5]",1,20,1.64012,0.948138,0.79288,1,0.5,6349,756
7105,3537.05,ga_tcheby_proxy,mesh9,7,1,0,"[7-4-1]",2,40,3.19307,0.975,0.80458,2,0.5,6350,756
7106,3537.14,ga_tcheby_proxy,mesh9,0,2,0,"[0-1-2]",2,44,3.22898,0.97,0.808096,2,0.5,6351,756
7107,3537.43,ga_tcheby_proxy,mesh9,4,2,0,"[4-5-2]",2,42,3.21103,0.97,0.807808,2,0.5,6352,756
7108,3538.01,ga_tcheby_proxy,mesh9,3,8,0,"[3-6-7-8]",3,64,4.82552,0.97,0.80867,3,0.5,6353,756
7109,3538.15,ga_tcheby_proxy,mesh9,0,4,0,"[0-3-4]",2,42,3.21103,0.97,0.81037,2,0.5,6354,756
7110,3539.1,ga_tcheby_proxy,mesh9,0,7,0,"[0-3-4-7]",3,62,4.80756,0.97,0.810651,3,0.5,6355,756
7111,3540.8,ga_tcheby_proxy,mesh9,4,6,0,"[4-3-6]",2,42,3.21103,0.97,0.808096,2,0.5,6356,756
7112,3540.98,ga_tcheby_proxy,mesh9,0,2,0,"[0-1-2]",2,44,3.22898,0.97,0.808383,2,0.5,6357,756
7113,3541.49,ga_tcheby_proxy,mesh9,2,8,0,"[2-5-8]",2,40,3.19307,0.975,0.80924,2,0.5,6358,756
7114,3542.42,ga_tcheby_proxy,mesh9,7,6,0,"[7-6]",1,22,1.61449,0.97,0.800312,1,0.5,6359,756
7115,3542.76,ga_tcheby_proxy,mesh9,0,4,0,"[0-1-4]",2,42,3.21103,0.97,0.810651,2,0.5,6360,756
7116,3542.85,ga_tcheby_proxy,mesh9,6,0,0,"[6-3-0]",2,40,3.19307,0.975,0.80867,2,0.5,6361,756
7117,3543.06,ga_tcheby_proxy,mesh9,5,7,0,"[5-8-7]",2,42,3.21103,0.97,0.807808,2,0.5,6362,756
7118,3543.34,ga_tcheby_proxy,mesh9,5,0,0,"[5-4-1-0]",3,64,4.82552,0.97,0.808383,3,0.5,6363,756
7119,3543.5,ga_tcheby_proxy,mesh9,4,2,0,"[4-5-2]",2,42,3.21103,0.97,0.808096,2,0.5,6364,756
7120,3543.62,ga_tcheby_proxy,mesh9,8,5,0,"[8-5]",1,20,1.59654,0.975,0.793215,1,0.5,6365,756
7121,3543.84,ga_tcheby_proxy,mesh9,7,0,0,"[7-4-1-0]",3,62,4.80756,0.97,0.80867,3,0.5,6366,756
7122,3543.93,ga_tcheby_proxy,mesh9,3,6,0,"[3-6]",1,20,1.59654,0.975,0.803379,1,0.5,6367,756
7123,3544.07,ga_tcheby_proxy,mesh9,6,0,0,"[6-3-0]",2,40,3.19307,0.975,0.808955,2,0.5,6368,756
7124,3544.28,ga_tcheby_proxy,mesh9,6,2,0,"[6-7-4-1-2]",4,84,6.42205,0.97,0.808955,4,0.5,6369,756
7125,3544.36,ga_tcheby_proxy,mesh9,0,5,0,"[0-1-2-5]",3,64,4.84437,0.95832,0.809524,3,0.5,6370,756
7126,3544.8,ga_tcheby_proxy,mesh9,4,6,0,"[4-3-6]",2,42,3.21103,0.97,0.808383,2,0.5,6371,756
7127,3546.35,ga_tcheby_proxy,mesh9,5,8,0,"[5-8]",1,20,1.59654,0.975,0.808096,1,0.5,6372,756
7128,3546.8,ga_tcheby_proxy,mesh9,2,7,0,"[2-5-8-7]",3,62,4.80756,0.97,0.809807,3,0.5,6373,756
7129,3547.31,ga_tcheby_proxy,mesh9,7,3,0,"[7-4-3]",2,42,3.21103,0.97,0.80867,2,0.5,6374,756
7130,3548.2,ga_tcheby_proxy,mesh9,1,0,0,"[1-0]",1,22,1.61449,0.97,0.808955,1,0.5,6375,756
7131,3549.56,ga_tcheby_proxy,mesh9,6,7,0,"[6-7]",1,22,1.61449,0.97,0.80924,1,0.5,6376,756
7132,3549.87,ga_tcheby_proxy,mesh9,6,3,0,"[6-3]",1,20,1.59654,0.975,0.808955,1,0.5,6377,756
7133,3549.99,ga_tcheby_proxy,mesh9,4,5,0,"[4-5]",1,22,1.61449,0.97,0.808383,1,0.5,6378,756
7134,3550.38,ga_tcheby_proxy,mesh9,1,5,0,"[1-2-5]",2,42,3.21103,0.97,0.810089,2,0.5,6379,756
7135,3550.89,ga_tcheby_proxy,mesh9,3,4,0,"[3-4]",1,22,1.61449,0.97,0.80924,1,0.5,6380,756
7136,3551.1,ga_tcheby_proxy,mesh9,0,2,0,"[0-1-2]",2,44,3.22898,0.97,0.809524,2,0.5,6381,756
7137,3551.3,ga_tcheby_proxy,mesh9,2,8,0,"[2-5-8]",2,40,3.19307,0.975,0.81037,2,0.5,6382,756
7138,3551.34,ga_tcheby_proxy,mesh9,4,5,1,"[]",0,0,0,0,0,0,0.5,6382,757
7139,3551.51,ga_tcheby_proxy,mesh9,8,6,0,"[8-7-6]",2,44,3.22898,0.97,0.804281,2,0.5,6383,757
7140,3551.77,ga_tcheby_proxy,mesh9,4,2,0,"[4-5-2]",2,42,3.21103,0.97,0.80867,2,0.5,6384,757
7141,3552.32,ga_tcheby_proxy,mesh9,7,2,0,"[7-8-5-2]",3,62,4.80756,0.97,0.807229,3,0.5,6385,757
7142,3552.71,ga_tcheby_proxy,mesh9,0,4,0,"[0-3-4]",2,42,3.21103,0.97,0.810931,2,0.5,6386,757
7143,3552.87,ga_tcheby_proxy,mesh9,6,0,0,"[6-3-0]",2,40,3.19307,0.975,0.80924,2,0.5,6387,757
7144,3553.05,ga_tcheby_proxy,mesh9,7,2,0,"[7-8-5-2]",3,62,4.80756,0.97,0.807519,3,0.5,6388,757
7145,3554.3,ga_tcheby_proxy,mesh9,5,1,0,"[5-2-1]",2,42,3.21103,0.97,0.801242,2,0.5,6389,757
7146,3554.87,ga_tcheby_proxy,mesh9,3,5,0,"[3-4-5]",2,44,3.22898,0.97,0.809807,2,0.5,6390,757
7147,3555.32,ga_tcheby_proxy,mesh9,7,6,0,"[7-6]",1,22,1.61449,0.97,0.800933,1,0.5,6391,757
7148,3555.58,ga_tcheby_proxy,mesh9,2,1,0,"[2-1]",1,22,1.61449,0.97,0.80155,1,0.5,6392,757
7149,3555.61,ga_tcheby_proxy,mesh9,6,2,1,"[]",0,0,0,0,0,0,0.5,6392,758
7150,3555.75,ga_tcheby_proxy,mesh9,5,4,0,"[5-4]",1,22,1.61449,0.97,0.805766,1,0.5,6393,758
7151,3556.71,ga_tcheby_proxy,mesh9,5,2,0,"[5-2]",1,20,1.59654,0.975,0.783051,1,0.5,6394,758
7152,3556.91,ga_tcheby_proxy,mesh9,1,3,0,"[1-4-3]",2,42,3.21103,0.97,0.810931,2,0.5,6395,758
7153,3557.28,ga_tcheby_proxy,mesh9,6,1,0,"[6-7-4-1]",3,62,4.80756,0.97,0.809524,3,0.5,6396,758
7154,3557.73,ga_tcheby_proxy,mesh9,5,2,0,"[5-2]",1,20,1.59654,0.975,0.783418,1,0.5,6397,758
7155,3558.15,ga_tcheby_proxy,mesh9,4,2,0,"[4-5-2]",2,42,3.21103,0.97,0.80924,2,0.5,6398,758
7156,3559.61,ga_tcheby_proxy,mesh9,4,5,0,"[4-5]",1,22,1.61449,0.97,0.809524,1,0.5,6399,758
7157,3559.69,ga_tcheby_proxy,mesh9,4,8,0,"[4-7-8]",2,42,3.21103,0.97,0.809807,2,0.5,6400,758
7158,3560.03,ga_tcheby_proxy,mesh9,5,4,0,"[5-4]",1,22,1.61449,0.97,0.806061,1,0.5,6401,758
7159,3560.45,ga_tcheby_proxy,mesh9,0,8,0,"[0-1-2-5-8]",4,84,6.42205,0.97,0.810651,4,0.5,6402,758
7160,3561.17,ga_tcheby_proxy,mesh9,4,7,0,"[4-7]",1,20,1.59654,0.975,0.810089,1,0.5,6403,758
7161,3562.05,ga_tcheby_proxy,mesh9,1,7,0,"[1-4-7]",2,40,3.19307,0.975,0.811209,2,0.5,6404,758
7162,3563.29,ga_tcheby_proxy,mesh9,0,3,0,"[0-3]",1,20,1.59654,0.975,0.811209,1,0.5,6405,758
7163,3563.87,ga_tcheby_proxy,mesh9,1,3,0,"[1-0-3]",2,42,3.21103,0.97,0.811487,2,0.5,6406,758
7164,3564.22,ga_tcheby_proxy,mesh9,3,5,0,"[3-4-5]",2,44,3.22898,0.97,0.810089,2,0.5,6407,758
7165,3564.47,ga_tcheby_proxy,mesh9,3,1,0,"[3-0-1]",2,42,3.21103,0.97,0.809524,2,0.5,6408,758
7166,3564.54,ga_tcheby_proxy,mesh9,1,3,1,"[]",0,0,0,0,0,0,0.5,6408,759
7167,3565.49,ga_tcheby_proxy,mesh9,3,4,0,"[3-4]",1,22,1.61449,0.97,0.81037,1,0.5,6409,759
7168,3565.63,ga_tcheby_proxy,mesh9,8,2,0,"[8-5-2]",2,40,3.19307,0.975,0.794212,2,0.5,6410,759
7169,3566.04,ga_tcheby_proxy,mesh9,2,7,0,"[2-5-4-7]",3,62,4.80756,0.97,0.810931,3,0.5,6411,759
7170,3566.2,ga_tcheby_proxy,mesh9,1,7,0,"[1-4-7]",2,40,3.19307,0.975,0.811487,2,0.5,6412,759
7171,3566.47,ga_tcheby_proxy,mesh9,0,2,0,"[0-1-2]",2,44,3.22898,0.97,0.810089,2,0.5,6413,759
7172,3566.74,ga_tcheby_proxy,mesh9,0,5,0,"[0-1-2-5]",3,64,4.82552,0.97,0.811209,3,0.5,6414,759
7173,3567.22,ga_tcheby_proxy,mesh9,7,8,0,"[7-8]",1,22,1.61449,0.97,0.808096,1,0.5,6415,759
7174,3567.31,ga_tcheby_proxy,mesh9,0,5,0,"[0-1-4-5]",3,64,4.82552,0.97,0.811765,3,0.5,6416,759
7175,3567.38,ga_tcheby_proxy,mesh9,6,0,0,"[6-3-0]",2,40,3.25611,0.936621,0.809807,2,0.5,6417,759
7176,3567.39,ga_tcheby_proxy,mesh9,4,8,1,"[]",0,0,0,0,0,0,0.5,6417,760
7177,3567.42,ga_tcheby_proxy,mesh9,5,0,1,"[]",0,0,0,0,0,0,0.5,6417,761
7178,3567.61,ga_tcheby_proxy,mesh9,8,0,0,"[8-5-2-1-0]",4,84,6.42205,0.97,0.809524,4,0.5,6418,761
7179,3568.04,ga_tcheby_proxy,mesh9,5,1,0,"[5-2-1]",2,42,3.21103,0.97,0.802164,2,0.5,6419,761
7180,3568.52,ga_tcheby_proxy,mesh9,5,0,0,"[5-4-1-0]",3,64,4.82552,0.97,0.809807,3,0.5,6420,761
7181,3569.43,ga_tcheby_proxy,mesh9,1,7,0,"[1-4-7]",2,40,3.19307,0.975,0.812041,2,0.5,6421,761
7182,3570.35,ga_tcheby_proxy,mesh9,6,3,0,"[6-3]",1,20,1.59654,0.975,0.809807,1,0.5,6422,761
7183,3571.1,ga_tcheby_proxy,mesh9,0,3,0,"[0-3]",1,20,1.59654,0.975,0.811765,1,0.5,6423,761
7184,3571.4,ga_tcheby_proxy,mesh9,4,8,0,"[4-5-8]",2,42,3.21103,0.97,0.81037,2,0.5,6424,761
7185,3571.43,ga_tcheby_proxy,mesh9,4,7,1,"[]",0,0,0,0,0,0,0.5,6424,762
7186,3571.47,ga_tcheby_proxy,mesh9,6,2,1,"[]",0,0,0,0,0,0,0.5,6424,763
7187,3571.69,ga_tcheby_proxy,mesh9,6,4,0,"[6-7-4]",2,42,3.21103,0.97,0.809807,2,0.5,6425,763
7188,3574.27,ga_tcheby_proxy,mesh9,3,8,0,"[3-6-7-8]",3,64,4.82552,0.97,0.810089,3,0.5,6426,763
7189,3574.82,ga_tcheby_proxy,mesh9,4,3,0,"[4-3]",1,22,1.61449,0.97,0.80924,1,0.5,6427,763
7190,3574.86,ga_tcheby_proxy,mesh9,8,4,1,"[]",0,0,0,0,0,0,0.5,6427,764
7191,3574.92,ga_tcheby_proxy,mesh9,5,6,1,"[]",0,0,0,0,0,0,0.5,6427,765
7192,3576.34,ga_tcheby_proxy,mesh9,5,6,0,"[5-4-3-6]",3,64,4.82552,0.97,0.809524,3,0.5,6428,765
7193,3576.79,ga_tcheby_proxy,mesh9,7,3,0,"[7-4-3]",2,42,3.21103,0.97,0.809807,2,0.5,6429,765
7194,3576.94,ga_tcheby_proxy,mesh9,0,8,0,"[0-1-2-5-8]",4,84,6.42205,0.97,0.811487,4,0.5,6430,765
7195,3576.99,ga_tcheby_proxy,mesh9,0,1,1,"[]",0,0,0,0,0,0,0.5,6430,766
7196,3577.57,ga_tcheby_proxy,mesh9,7,2,0,"[7-8-5-2]",3,62,4.80756,0.97,0.80867,3,0.5,6431,766
7197,3577.66,ga_tcheby_proxy,mesh9,0,8,0,"[0-1-2-5-8]",4,84,6.42205,0.97,0.811765,4,0.5,6432,766
7198,3577.75,ga_tcheby_proxy,mesh9,7,0,0,"[7-6-3-0]",3,62,4.80756,0.97,0.810089,3,0.5,6433,766
7199,3578.25,ga_tcheby_proxy,mesh9,4,5,0,"[4-5]",1,22,1.61449,0.97,0.810651,1,0.5,6434,766
7200,3578.39,ga_tcheby_proxy,mesh9,1,2,0,"[1-2]",1,22,1.61449,0.97,0.811209,1,0.5,6435,766
7201,3578.54,ga_tcheby_proxy,mesh9,2,8,0,"[2-5-8]",2,40,3.19307,0.975,0.812041,2,0.5,6436,766
7202,3580.23,ga_tcheby_proxy,mesh9,0,1,0,"[0-1]",1,22,1.61449,0.97,0.80155,1,0.5,6437,766
7203,3580.34,ga_tcheby_proxy,mesh9,1,2,0,"[1-2]",1,22,1.61449,0.97,0.811487,1,0.5,6438,766
7204,3580.84,ga_tcheby_proxy,mesh9,3,5,0,"[3-4-5]",2,44,3.22898,0.97,0.810931,2,0.5,6439,766
7205,3581.27,ga_tcheby_proxy,mesh9,3,2,0,"[3-4-5-2]",3,64,4.82552,0.97,0.811209,3,0.5,6440,766
7206,3581.35,ga_tcheby_proxy,mesh9,0,1,0,"[0-1]",1,22,1.61449,0.97,0.801858,1,0.5,6441,766
7207,3581.75,ga_tcheby_proxy,mesh9,7,1,0,"[7-4-1]",2,40,3.19307,0.975,0.806647,2,0.5,6442,766
7208,3581.86,ga_tcheby_proxy,mesh9,2,6,0,"[2-1-0-3-6]",4,84,6.42205,0.97,0.812041,4,0.5,6443,766
7209,3582.3,ga_tcheby_proxy,mesh9,6,3,0,"[6-3]",1,20,1.59654,0.975,0.81037,1,0.5,6444,766
7210,3582.66,ga_tcheby_proxy,mesh9,3,6,0,"[3-6]",1,20,1.59654,0.975,0.804878,1,0.5,6445,766
7211,3583.59,ga_tcheby_proxy,mesh9,4,0,0,"[4-3-0]",2,42,3.21103,0.97,0.81037,2,0.5,6446,766
7212,3585.58,ga_tcheby_proxy,mesh9,8,5,0,"[8-5]",1,20,1.59654,0.975,0.7952,1,0.5,6447,766
7213,3586.07,ga_tcheby_proxy,mesh9,8,6,0,"[8-7-6]",2,44,3.22898,0.97,0.80458,2,0.5,6448,766
7214,3586.12,ga_tcheby_proxy,mesh9,1,3,1,"[]",0,0,0,0,0,0,0.5,6448,767
7215,3586.77,ga_tcheby_proxy,mesh9,2,6,0,"[2-1-4-7-6]",4,84,6.42205,0.97,0.812317,4,0.5,6449,767
7216,3588.13,ga_tcheby_proxy,mesh9,0,1,0,"[0-1]",1,22,1.61449,0.97,0.802164,1,0.5,6450,767
7217,3588.28,ga_tcheby_proxy,mesh9,1,4,0,"[1-4]",1,20,1.59654,0.975,0.812592,1,0.5,6451,767
7218,3589.16,ga_tcheby_proxy,mesh9,6,5,0,"[6-7-8-5]",3,64,4.82552,0.97,0.81037,3,0.5,6452,767
7219,3589.35,ga_tcheby_proxy,mesh9,5,8,0,"[5-8]",1,20,1.59654,0.975,0.81037,1,0.5,6453,767
7220,3589.95,ga_tcheby_proxy,mesh9,7,0,0,"[7-4-1-0]",3,62,4.80756,0.97,0.81037,3,0.5,6454,767
7221,3590.38,ga_tcheby_proxy,mesh9,5,2,0,"[5-2]",1,20,1.59654,0.975,0.785953,1,0.5,6455,767
7222,3590.55,ga_tcheby_proxy,mesh9,2,5,0,"[2-5]",1,20,1.59654,0.975,0.812317,1,0.5,6456,767
7223,3590.63,ga_tcheby_proxy,mesh9,1,5,0,"[1-2-5]",2,42,3.21103,0.97,0.812592,2,0.5,6457,767
7224,3590.73,ga_tcheby_proxy,mesh9,0,3,0,"[0-3]",1,20,1.59654,0.975,0.812317,1,0.5,6458,767
7225,3590.87,ga_tcheby_proxy,mesh9,6,0,0,"[6-3-0]",2,40,3.19307,0.975,0.810651,2,0.5,6459,767
7226,3591.38,ga_tcheby_proxy,mesh9,7,3,0,"[7-4-3]",2,42,3.21103,0.97,0.81037,2,0.5,6460,767
7227,3591.44,ga_tcheby_proxy,mesh9,1,2,1,"[]",0,0,0,0,0,0,0.5,6460,768
7228,3592.27,ga_tcheby_proxy,mesh9,4,3,0,"[4-3]",1,22,1.61449,0.97,0.810651,1,0.5,6461,768
7229,3592.56,ga_tcheby_proxy,mesh9,7,3,0,"[7-6-3]",2,42,3.21103,0.97,0.810931,2,0.5,6462,768
7230,3593.02,ga_tcheby_proxy,mesh9,0,7,0,"[0-3-6-7]",3,62,4.80756,0.97,0.812592,3,0.5,6463,768
7231,3593.74,ga_tcheby_proxy,mesh9,1,5,0,"[1-2-5]",2,42,3.21103,0.97,0.812865,2,0.5,6464,768
7232,3594.54,ga_tcheby_proxy,mesh9,7,2,0,"[7-8-5-2]",3,62,4.80756,0.97,0.80924,3,0.5,6465,768
7233,3594.71,ga_tcheby_proxy,mesh9,3,6,0,"[3-6]",1,20,1.59654,0.975,0.805471,1,0.5,6466,768
7234,3594.79,ga_tcheby_proxy,mesh9,0,4,0,"[0-1-4]",2,42,3.21103,0.97,0.812865,2,0.5,6467,768
7235,3596.05,ga_tcheby_proxy,mesh9,8,2,0,"[8-5-2]",2,40,3.19307,0.975,0.796178,2,0.5,6468,768
7236,3596.38,ga_tcheby_proxy,mesh9,2,0,0,"[2-1-0]",2,44,3.22898,0.97,0.810651,2,0.5,6469,768
7237,3596.71,ga_tcheby_proxy,mesh9,3,8,0,"[3-6-7-8]",3,64,4.82552,0.97,0.810931,3,0.5,6470,768
7238,3597.04,ga_tcheby_proxy,mesh9,7,2,0,"[7-8-5-2]",3,62,4.80756,0.97,0.809807,3,0.5,6471,768
7239,3597.31,ga_tcheby_proxy,mesh9,6,5,0,"[6-7-8-5]",3,64,4.82552,0.97,0.811209,3,0.5,6472,768
7240,3597.65,ga_tcheby_proxy,mesh9,8,4,0,"[8-5-4]",2,42,3.21103,0.97,0.807229,2,0.5,6473,768
7241,3597.68,ga_tcheby_proxy,mesh9,8,2,1,"[]",0,0,0,0,0,0,0.5,6473,769
7242,3597.71,ga_tcheby_proxy,mesh9,2,8,1,"[]",0,0,0,0,0,0,0.5,6473,770
7243,3597.89,ga_tcheby_proxy,mesh9,3,2,0,"[3-4-5-2]",3,64,4.82552,0.97,0.811487,3,0.5,6474,770
7244,3598.93,ga_tcheby_proxy,mesh9,1,3,0,"[1-0-3]",2,42,3.21103,0.97,0.812865,2,0.5,6475,770
7245,3598.94,ga_tcheby_proxy,mesh9,3,2,1,"[]",0,0,0,0,0,0,0.5,6475,771
7246,3599.13,ga_tcheby_proxy,mesh9,6,0,0,"[6-3-0]",2,40,3.19307,0.975,0.811209,2,0.5,6476,771
7247,3600.02,ga_tcheby_proxy,mesh9,3,1,0,"[3-0-1]",2,42,3.21103,0.97,0.811209,2,0.5,6477,771
7248,3600.82,ga_tcheby_proxy,mesh9,1,7,0,"[1-4-7]",2,40,3.19307,0.975,0.813139,2,0.5,6478,771
7249,3601.44,ga_tcheby_proxy,mesh9,5,7,0,"[5-8-7]",2,42,3.21103,0.97,0.810651,2,0.5,6479,771
7250,3601.57,ga_tcheby_proxy,mesh9,3,8,0,"[3-6-7-8]",3,64,4.82552,0.97,0.811487,3,0.5,6480,771
7251,3601.83,ga_tcheby_proxy,mesh9,0,3,0,"[0-3]",1,20,1.59654,0.975,0.813139,1,0.5,6481,771
7252,3602.48,ga_tcheby_proxy,mesh9,4,2,0,"[4-5-2]",2,42,3.21103,0.97,0.811765,2,0.5,6482,771
7253,3603.4,ga_tcheby_proxy,mesh9,4,5,0,"[4-5]",1,22,1.61449,0.97,0.812041,1,0.5,6483,771
7254,3604.58,ga_tcheby_proxy,mesh9,6,4,0,"[6-3-4]",2,42,3.21103,0.97,0.811487,2,0.5,6484,771
7255,3605.24,ga_tcheby_proxy,mesh9,8,2,0,"[8-5-2]",2,40,3.19307,0.975,0.797468,2,0.5,6485,771
7256,3605.74,ga_tcheby_proxy,mesh9,1,6,0,"[1-0-3-6]",3,62,4.80756,0.97,0.813411,3,0.5,6486,771
7257,3606.1,ga_tcheby_proxy,mesh9,3,0,0,"[3-0]",1,20,1.59654,0.975,0.811487,1,0.5,6487,771
7258,3606.32,ga_tcheby_proxy,mesh9,7,8,0,"[7-8]",1,22,1.61449,0.97,0.810651,1,0.5,6488,771
7259,3607.32,ga_tcheby_proxy,mesh9,2,7,0,"[2-5-8-7]",3,62,4.80756,0.97,0.813139,3,0.5,6489,771
7260,3607.73,ga_tcheby_proxy,mesh9,5,8,0,"[5-8]",1,20,1.59654,0.975,0.811209,1,0.5,6490,771
7261,3608.35,ga_tcheby_proxy,mesh9,7,5,0,"[7-8-5]",2,42,3.21103,0.97,0.810931,2,0.5,6491,771
7262,3608.36,ga_tcheby_proxy,mesh9,8,3,0,"[8-7-6-3]",3,64,5.1414,0.907319,0.814159,3,0.5,6492,771
7263,3609.34,ga_tcheby_proxy,mesh9,2,1,0,"[2-1]",1,22,1.61449,0.97,0.803379,1,0.5,6493,771
7264,3609.7,ga_tcheby_proxy,mesh9,5,8,0,"[5-8]",1,20,1.59654,0.975,0.811487,1,0.5,6494,771
7265,3610.45,ga_tcheby_proxy,mesh9,4,7,0,"[4-7]",1,20,1.59654,0.975,0.812041,1,0.5,6495,771
7266,3610.73,ga_tcheby_proxy,mesh9,6,3,0,"[6-3]",1,20,1.59654,0.975,0.812041,1,0.5,6496,771
7267,3610.76,ga_tcheby_proxy,mesh9,4,2,1,"[]",0,0,0,0,0,0,0.5,6496,772
7268,3610.96,ga_tcheby_proxy,mesh9,8,2,0,"[8-5-2]",2,40,3.19307,0.975,0.798107,2,0.5,6497,772
7269,3611.76,ga_tcheby_proxy,mesh9,3,5,0,"[3-4-5]",2,44,3.22898,0.97,0.812317,2,0.5,6498,772
7270,3612.08,ga_tcheby_proxy,mesh9,3,8,0,"[3-6-7-8]",3,64,4.82552,0.97,0.811765,3,0.5,6499,772
7271,3612.29,ga_tcheby_proxy,mesh9,4,6,0,"[4-3-6]",2,42,3.21103,0.97,0.810931,2,0.5,6500,772
7272,3612.96,ga_tcheby_proxy,mesh9,2,7,0,"[2-1-4-7]",3,62,4.80756,0.97,0.813411,3,0.5,6501,772
7273,3614.88,ga_tcheby_proxy,mesh9,3,6,0,"[3-6]",1,20,1.59654,0.975,0.807229,1,0.5,6502,772
7274,3615.43,ga_tcheby_proxy,mesh9,3,7,0,"[3-6-7]",2,42,3.21103,0.97,0.812041,2,0.5,6503,772
7275,3617.25,ga_tcheby_proxy,mesh9,0,3,0,"[0-3]",1,20,1.59654,0.975,0.813683,1,0.5,6504,772
7276,3618.11,ga_tcheby_proxy,mesh9,5,3,0,"[5-4-3]",2,44,3.22898,0.97,0.811209,2,0.5,6505,772
7277,3618.69,ga_tcheby_proxy,mesh9,0,7,0,"[0-1-4-7]",3,62,4.80756,0.97,0.813683,3,0.5,6506,772
7278,3619.03,ga_tcheby_proxy,mesh9,0,4,0,"[0-1-4]",2,42,3.21103,0.97,0.813953,2,0.5,6507,772
7279,3619.18,ga_tcheby_proxy,mesh9,3,5,0,"[3-4-5]",2,44,3.22898,0.97,0.812592,2,0.5,6508,772
7280,3619.2,ga_tcheby_proxy,mesh9,3,1,1,"[]",0,0,0,0,0,0,0.5,6508,773
7281,3619.52,ga_tcheby_proxy,mesh9,7,6,0,"[7-6]",1,22,1.61449,0.97,0.802773,1,0.5,6509,773
7282,3621.19,ga_tcheby_proxy,mesh9,2,4,0,"[2-5-4]",2,42,3.21103,0.97,0.813411,2,0.5,6510,773
7283,3621.61,ga_tcheby_proxy,mesh9,3,1,0,"[3-0-1]",2,42,3.21103,0.97,0.811765,2,0.5,6511,773
7284,3621.67,ga_tcheby_proxy,mesh9,7,6,0,"[7-6]",1,22,1.72909,0.903077,0.803077,1,0.5,6512,773
7285,3622.36,ga_tcheby_proxy,mesh9,3,5,0,"[3-4-5]",2,44,3.22898,0.97,0.812865,2,0.5,6513,773
7286,3622.6,ga_tcheby_proxy,mesh9,2,4,0,"[2-5-4]",2,42,3.21103,0.97,0.813683,2,0.5,6514,773
7287,3623.01,ga_tcheby_proxy,mesh9,0,3,0,"[0-3]",1,20,1.59654,0.975,0.813953,1,0.5,6515,773
7288,3625.58,ga_tcheby_proxy,mesh9,6,2,0,"[6-3-0-1-2]",4,84,6.42205,0.97,0.812317,4,0.5,6516,773
7289,3626.03,ga_tcheby_proxy,mesh9,6,8,0,"[6-7-8]",2,44,3.22898,0.97,0.812317,2,0.5,6517,773
7290,3626.24,ga_tcheby_proxy,mesh9,2,1,0,"[2-1]",1,22,1.61449,0.97,0.803982,1,0.5,6518,773
7291,3626.48,ga_tcheby_proxy,mesh9,6,0,0,"[6-3-0]",2,40,3.19307,0.975,0.812592,2,0.5,6519,773
7292,3627.15,ga_tcheby_proxy,mesh9,8,3,0,"[8-7-4-3]",3,64,4.82552,0.97,0.811487,3,0.5,6520,773
7293,3627.17,ga_tcheby_proxy,mesh9,4,1,1,"[]",0,0,0,0,0,0,0.5,6520,774
7294,3628.41,ga_tcheby_proxy,mesh9,5,7,0,"[5-8-7]",2,42,3.21103,0.97,0.811765,2,0.5,6521,774
7295,3628.77,ga_tcheby_proxy,mesh9,1,7,0,"[1-4-7]",2,40,3.19307,0.975,0.814224,2,0.5,6522,774
7296,3628.95,ga_tcheby_proxy,mesh9,6,8,0,"[6-7-8]",2,44,3.22898,0.97,0.812592,2,0.5,6523,774
7297,3630.2,ga_tcheby_proxy,mesh9,1,6,0,"[1-0-3-6]",3,62,4.80756,0.97,0.814224,3,0.5,6524,774
7298,3631.54,ga_tcheby_proxy,mesh9,8,3,0,"[8-5-4-3]",3,64,4.82552,0.97,0.811765,3,0.5,6525,774
7299,3633.41,ga_tcheby_proxy,mesh9,4,0,0,"[4-1-0]",2,42,3.21103,0.97,0.811765,2,0.5,6526,774
7300,3634.2,ga_tcheby_proxy,mesh9,7,1,0,"[7-4-1]",2,40,3.19307,0.975,0.807808,2,0.5,6527,774
7301,3635,ga_tcheby_proxy,mesh9,0,3,0,"[0-3]",1,20,1.59654,0.975,0.814493,1,0.5,6528,774
7302,3635.35,ga_tcheby_proxy,mesh9,1,0,0,"[1-0]",1,22,1.61449,0.97,0.812041,1,0.5,6529,774
7303,3636.19,ga_tcheby_proxy,mesh9,0,8,0,"[0-1-2-5-8]",4,84,6.42205,0.97,0.813953,4,0.5,6530,774
7304,3636.95,ga_tcheby_proxy,mesh9,1,7,0,"[1-4-7]",2,40,3.19307,0.975,0.814493,2,0.5,6531,774
7305,3637.74,ga_tcheby_proxy,mesh9,0,3,0,"[0-3]",1,20,1.59654,0.975,0.814761,1,0.5,6532,774
7306,3638.41,ga_tcheby_proxy,mesh9,1,0,0,"[1-0]",1,22,1.61449,0.97,0.812317,1,0.5,6533,774
7307,3638.85,ga_tcheby_proxy,mesh9,5,1,0,"[5-2-1]",2,42,3.21103,0.97,0.804281,2,0.5,6534,774
7308,3639.07,ga_tcheby_proxy,mesh9,5,2,0,"[5-2]",1,20,1.59654,0.975,0.789127,1,0.5,6535,774
7309,3639.41,ga_tcheby_proxy,mesh9,0,7,0,"[0-1-4-7]",3,62,4.80756,0.97,0.814761,3,0.5,6536,774
7310,3639.46,ga_tcheby_proxy,mesh9,5,2,1,"[]",0,0,0,0,0,0,0.5,6536,775
7311,3641.1,ga_tcheby_proxy,mesh9,5,3,0,"[5-4-3]",2,44,3.22898,0.97,0.812041,2,0.5,6537,775
7312,3641.45,ga_tcheby_proxy,mesh9,4,8,0,"[4-5-8]",2,42,3.21103,0.97,0.813139,2,0.5,6538,775
7313,3641.49,ga_tcheby_proxy,mesh9,4,2,1,"[]",0,0,0,0,0,0,0.5,6538,776
7314,3641.9,ga_tcheby_proxy,mesh9,1,6,0,"[1-0-3-6]",3,62,4.80756,0.97,0.815029,3,0.5,6539,776
7315,3641.94,ga_tcheby_proxy,mesh9,5,3,1,"[]",0,0,0,0,0,0,0.5,6539,777
7316,3643.65,ga_tcheby_proxy,mesh9,3,8,0,"[3-6-7-8]",3,64,4.82552,0.97,0.812865,3,0.5,6540,777
7317,3643.7,ga_tcheby_proxy,mesh9,0,5,1,"[]",0,0,0,0,0,0,0.5,6540,778
7318,3643.96,ga_tcheby_proxy,mesh9,7,5,0,"[7-8-5]",2,42,3.21103,0.97,0.812317,2,0.5,6541,778
7319,3644.01,ga_tcheby_proxy,mesh9,7,8,1,"[]",0,0,0,0,0,0,0.5,6541,779
7320,3644.28,ga_tcheby_proxy,mesh9,4,2,0,"[4-1-2]",2,42,3.21103,0.97,0.812865,2,0.5,6542,779
7321,3646.05,ga_tcheby_proxy,mesh9,0,5,0,"[0-1-2-5]",3,64,4.82552,0.97,0.814224,3,0.5,6543,779
7322,3646.37,ga_tcheby_proxy,mesh9,1,6,0,"[1-4-3-6]",3,62,4.80756,0.97,0.815029,3,0.5,6544,779
7323,3646.92,ga_tcheby_proxy,mesh9,4,7,0,"[4-7]",1,20,1.59654,0.975,0.813683,1,0.5,6545,779
7324,3647.31,ga_tcheby_proxy,mesh9,4,2,0,"[4-5-2]",2,42,3.21103,0.97,0.813411,2,0.5,6546,779
7325,3648.34,ga_tcheby_proxy,mesh9,4,3,0,"[4-3]",1,22,1.61449,0.97,0.812592,1,0.5,6547,779
7326,3648.55,ga_tcheby_proxy,mesh9,2,4,0,"[2-5-4]",2,42,3.21103,0.97,0.814493,2,0.5,6548,779
7327,3649.15,ga_tcheby_proxy,mesh9,3,1,0,"[3-0-1]",2,42,3.21103,0.97,0.812592,2,0.5,6549,779
7328,3649.78,ga_tcheby_proxy,mesh9,0,2,0,"[0-1-2]",2,44,3.22898,0.97,0.813411,2,0.5,6550,779
7329,3650.23,ga_tcheby_proxy,mesh9,1,4,0,"[1-4]",1,20,1.59654,0.975,0.815296,1,0.5,6551,779
7330,3650.27,ga_tcheby_proxy,mesh9,5,3,1,"[]",0,0,0,0,0,0,0.5,6551,780
7331,3651.37,ga_tcheby_proxy,mesh9,1,5,0,"[1-2-5]",2,42,3.21103,0.97,0.814761,2,0.5,6552,780
7332,3651.58,ga_tcheby_proxy,mesh9,1,0,0,"[1-0]",1,22,1.61449,0.97,0.812865,1,0.5,6553,780
7333,3651.73,ga_tcheby_proxy,mesh9,2,6,0,"[2-5-8-7-6]",4,84,6.42205,0.97,0.815029,4,0.5,6554,780
7334,3651.75,ga_tcheby_proxy,mesh9,2,8,1,"[]",0,0,0,0,0,0,0.5,6554,781
7335,3653.21,ga_tcheby_proxy,mesh9,7,4,0,"[7-4]",1,20,1.59654,0.975,0.808096,1,0.5,6555,781
7336,3654.17,ga_tcheby_proxy,mesh9,2,4,0,"[2-5-4]",2,42,3.21103,0.97,0.815296,2,0.5,6556,781
7337,3654.27,ga_tcheby_proxy,mesh9,6,4,0,"[6-3-4]",2,42,3.21103,0.97,0.812865,2,0.5,6557,781
7338,3654.36,ga_tcheby_proxy,mesh9,4,1,0,"[4-1]",1,20,1.59654,0.975,0.807229,1,0.5,6558,781
7339,3654.39,ga_tcheby_proxy,mesh9,8,4,1,"[]",0,0,0,0,0,0,0.5,6558,782
7340,3654.94,ga_tcheby_proxy,mesh9,7,0,0,"[7-4-3-0]",3,62,4.80756,0.97,0.812865,3,0.5,6559,782
7341,3655.75,ga_tcheby_proxy,mesh9,6,3,0,"[6-3]",1,20,1.59654,0.975,0.813139,1,0.5,6560,782
7342,3656.11,ga_tcheby_proxy,mesh9,1,6,0,"[1-0-3-6]",3,62,4.80756,0.97,0.815296,3,0.5,6561,782
7343,3656.35,ga_tcheby_proxy,mesh9,5,4,0,"[5-4]",1,22,1.61449,0.97,0.809524,1,0.5,6562,782
7344,3656.44,ga_tcheby_proxy,mesh9,1,8,0,"[1-4-5-8]",3,62,4.80756,0.97,0.815562,3,0.5,6563,782
7345,3656.81,ga_tcheby_proxy,mesh9,7,2,0,"[7-8-5-2]",3,62,4.80756,0.97,0.812592,3,0.5,6564,782
7346,3657.21,ga_tcheby_proxy,mesh9,1,5,0,"[1-2-5]",2,42,3.21103,0.97,0.815562,2,0.5,6565,782
7347,3657.23,ga_tcheby_proxy,mesh9,7,0,1,"[]",0,0,0,0,0,0,0.5,6565,783
7348,3657.47,ga_tcheby_proxy,mesh9,2,5,0,"[2-5]",1,20,1.59654,0.975,0.815827,1,0.5,6566,783
7349,3658.22,ga_tcheby_proxy,mesh9,5,3,0,"[5-4-3]",2,44,3.22898,0.97,0.813139,2,0.5,6567,783
7350,3658.23,ga_tcheby_proxy,mesh9,1,0,1,"[]",0,0,0,0,0,0,0.5,6567,784
7351,3658.32,ga_tcheby_proxy,mesh9,5,2,0,"[5-2]",1,20,1.59654,0.975,0.790164,1,0.5,6568,784
7352,3660.35,ga_tcheby_proxy,mesh9,1,2,0,"[1-2]",1,22,1.61449,0.97,0.814224,1,0.5,6569,784
7353,3660.53,ga_tcheby_proxy,mesh9,3,6,0,"[3-6]",1,20,1.59654,0.975,0.80924,1,0.5,6570,784
7354,3660.95,ga_tcheby_proxy,mesh9,2,0,0,"[2-1-0]",2,44,3.22898,0.97,0.813411,2,0.5,6571,784
7355,3662.55,ga_tcheby_proxy,mesh9,5,6,0,"[5-8-7-6]",3,64,4.82552,0.97,0.813139,3,0.5,6572,784
7356,3663.01,ga_tcheby_proxy,mesh9,0,6,0,"[0-3-6]",2,40,3.19307,0.975,0.815562,2,0.5,6573,784
7357,3663.56,ga_tcheby_proxy,mesh9,1,4,0,"[1-4]",1,20,1.59654,0.975,0.815827,1,0.5,6574,784
7358,3663.93,ga_tcheby_proxy,mesh9,8,6,0,"[8-7-6]",2,44,3.22898,0.97,0.806938,2,0.5,6575,784
7359,3664,ga_tcheby_proxy,mesh9,8,0,0,"[8-7-4-1-0]",4,84,6.4309,0.969425,0.813683,4,0.5,6576,784
7360,3665.07,ga_tcheby_proxy,mesh9,3,0,0,"[3-0]",1,20,1.59654,0.975,0.813139,1,0.5,6577,784
7361,3665.54,ga_tcheby_proxy,mesh9,7,6,0,"[7-6]",1,22,1.61449,0.97,0.804281,1,0.5,6578,784
7362,3666.35,ga_tcheby_proxy,mesh9,2,7,0,"[2-1-4-7]",3,62,4.80756,0.97,0.816092,3,0.5,6579,784
7363,3667,ga_tcheby_proxy,mesh9,5,7,0,"[5-8-7]",2,42,3.21103,0.97,0.813411,2,0.5,6580,784
7364,3667.06,ga_tcheby_proxy,mesh9,4,3,1,"[]",0,0,0,0,0,0,0.5,6580,785
7365,3667.46,ga_tcheby_proxy,mesh9,6,3,0,"[6-3]",1,20,1.59654,0.975,0.813411,1,0.5,6581,785
7366,3667.8,ga_tcheby_proxy,mesh9,5,3,0,"[5-4-3]",2,44,3.22898,0.97,0.813411,2,0.5,6582,785
7367,3668.42,ga_tcheby_proxy,mesh9,1,5,0,"[1-2-5]",2,42,3.21103,0.97,0.816092,2,0.5,6583,785
7368,3668.64,ga_tcheby_proxy,mesh9,1,5,0,"[1-4-5]",2,42,3.21103,0.97,0.816356,2,0.5,6584,785
7369,3669.03,ga_tcheby_proxy,mesh9,5,1,0,"[5-2-1]",2,42,3.21103,0.97,0.805175,2,0.5,6585,785
7370,3669.4,ga_tcheby_proxy,mesh9,5,7,0,"[5-8-7]",2,42,3.21103,0.97,0.813683,2,0.5,6586,785
7371,3669.78,ga_tcheby_proxy,mesh9,2,0,0,"[2-1-0]",2,44,3.22898,0.97,0.813953,2,0.5,6587,785
7372,3671.03,ga_tcheby_proxy,mesh9,7,6,0,"[7-6]",1,22,1.61449,0.97,0.80458,1,0.5,6588,785
7373,3671.87,ga_tcheby_proxy,mesh9,8,4,0,"[8-7-4]",2,42,3.21103,0.97,0.808955,2,0.5,6589,785
7374,3672.27,ga_tcheby_proxy,mesh9,8,6,0,"[8-7-6]",2,44,3.22898,0.97,0.808383,2,0.5,6590,785
7375,3672.37,ga_tcheby_proxy,mesh9,7,1,0,"[7-4-1]",2,40,3.19307,0.975,0.80924,2,0.5,6591,785
7376,3673.71,ga_tcheby_proxy,mesh9,3,7,0,"[3-6-7]",2,42,3.21103,0.97,0.813139,2,0.5,6592,785
7377,3674.03,ga_tcheby_proxy,mesh9,3,1,0,"[3-4-1]",2,42,3.21103,0.97,0.812865,2,0.5,6593,785
7378,3674.05,ga_tcheby_proxy,mesh9,8,3,1,"[]",0,0,0,0,0,0,0.5,6593,786
7379,3674.52,ga_tcheby_proxy,mesh9,7,5,0,"[7-8-5]",2,42,3.21103,0.97,0.812865,2,0.5,6594,786
7380,3674.59,ga_tcheby_proxy,mesh9,7,3,0,"[7-6-3]",2,42,3.21973,0.964568,0.813683,2,0.5,6595,786
7381,3675.33,ga_tcheby_proxy,mesh9,7,2,0,"[7-8-5-2]",3,62,4.80756,0.97,0.813139,3,0.5,6596,786
7382,3675.88,ga_tcheby_proxy,mesh9,7,4,0,"[7-4]",1,20,1.59654,0.975,0.809524,1,0.5,6597,786
7383,3676.56,ga_tcheby_proxy,mesh9,6,4,0,"[6-7-4]",2,42,3.21103,0.97,0.813411,2,0.5,6598,786
7384,3676.75,ga_tcheby_proxy,mesh9,3,4,0,"[3-4]",1,22,1.61449,0.97,0.813139,1,0.5,6599,786
7385,3676.76,ga_tcheby_proxy,mesh9,7,8,1,"[]",0,0,0,0,0,0,0.5,6599,787
7386,3676.85,ga_tcheby_proxy,mesh9,1,5,0,"[1-2-5]",2,42,3.21103,0.97,0.816356,2,0.5,6600,787
7387,3677.37,ga_tcheby_proxy,mesh9,6,3,0,"[6-3]",1,20,1.59654,0.975,0.813953,1,0.5,6601,787
7388,3677.61,ga_tcheby_proxy,mesh9,6,3,0,"[6-3]",1,20,1.59654,0.975,0.814224,1,0.5,6602,787
7389,3677.94,ga_tcheby_proxy,mesh9,8,4,0,"[8-7-4]",2,42,3.21103,0.97,0.810089,2,0.5,6603,787
7390,3679.2,ga_tcheby_proxy,mesh9,4,7,0,"[4-7]",1,20,1.59654,0.975,0.814224,1,0.5,6604,787
7391,3679.68,ga_tcheby_proxy,mesh9,5,8,0,"[5-8]",1,20,1.59654,0.975,0.813953,1,0.5,6605,787
7392,3679.74,ga_tcheby_proxy,mesh9,1,2,1,"[]",0,0,0,0,0,0,0.5,6605,788
7393,3680.21,ga_tcheby_proxy,mesh9,2,8,0,"[2-5-8]",2,40,3.19307,0.975,0.816619,2,0.5,6606,788
7394,3680.4,ga_tcheby_proxy,mesh9,1,6,0,"[1-0-3-6]",3,62,4.80756,0.97,0.815827,3,0.5,6607,788
7395,3680.9,ga_tcheby_proxy,mesh9,0,2,0,"[0-1-2]",2,44,3.22898,0.97,0.815029,2,0.5,6608,788
7396,3682.65,ga_tcheby_proxy,mesh9,2,1,0,"[2-1]",1,22,1.61449,0.97,0.805766,1,0.5,6609,788
7397,3682.81,ga_tcheby_proxy,mesh9,4,7,0,"[4-7]",1,20,1.59654,0.975,0.814493,1,0.5,6610,788
7398,3683.44,ga_tcheby_proxy,mesh9,2,7,0,"[2-1-4-7]",3,62,4.80756,0.97,0.816619,3,0.5,6611,788
7399,3683.85,ga_tcheby_proxy,mesh9,8,7,0,"[8-7]",1,22,1.61449,0.97,0.808955,1,0.5,6612,788
7400,3685.84,ga_tcheby_proxy,mesh9,1,3,0,"[1-0-3]",2,42,3.21103,0.97,0.816092,2,0.5,6613,788
7401,3686.12,ga_tcheby_proxy,mesh9,1,2,0,"[1-2]",1,22,1.61449,0.97,0.815296,1,0.5,6614,788
7402,3686.77,ga_tcheby_proxy,mesh9,5,0,0,"[5-4-3-0]",3,64,4.82552,0.97,0.813683,3,0.5,6615,788
7403,3686.9,ga_tcheby_proxy,mesh9,1,5,0,"[1-4-5]",2,42,3.21103,0.97,0.816881,2,0.5,6616,788
7404,3687.98,ga_tcheby_proxy,mesh9,6,3,0,"[6-3]",1,20,1.59654,0.975,0.814493,1,0.5,6617,788
7405,3688.75,ga_tcheby_proxy,mesh9,0,1,0,"[0-1]",1,22,1.61449,0.97,0.806061,1,0.5,6618,788
7406,3689.37,ga_tcheby_proxy,mesh9,8,4,0,"[8-7-4]",2,42,3.21103,0.97,0.81037,2,0.5,6619,788
7407,3689.58,ga_tcheby_proxy,mesh9,3,6,0,"[3-6]",1,20,1.59654,0.975,0.81037,1,0.5,6620,788
7408,3690.63,ga_tcheby_proxy,mesh9,7,0,0,"[7-4-3-0]",3,62,4.80756,0.97,0.813953,3,0.5,6621,788
7409,3690.7,ga_tcheby_proxy,mesh9,1,3,0,"[1-0-3]",2,42,3.21103,0.97,0.816356,2,0.5,6622,788
7410,3691.14,ga_tcheby_proxy,mesh9,6,8,0,"[6-7-8]",2,44,3.22898,0.97,0.813683,2,0.5,6623,788
7411,3691.18,ga_tcheby_proxy,mesh9,2,0,1,"[]",0,0,0,0,0,0,0.5,6623,789
7412,3691.59,ga_tcheby_proxy,mesh9,2,8,0,"[2-5-8]",2,40,3.19307,0.975,0.816881,2,0.5,6624,789
7413,3691.87,ga_tcheby_proxy,mesh9,6,7,0,"[6-7]",1,22,1.61449,0.97,0.813953,1,0.5,6625,789
7414,3692.57,ga_tcheby_proxy,mesh9,4,6,0,"[4-3-6]",2,42,3.21103,0.97,0.814224,2,0.5,6626,789
7415,3692.59,ga_tcheby_proxy,mesh9,4,1,1,"[]",0,0,0,0,0,0,0.5,6626,790
7416,3693.24,ga_tcheby_proxy,mesh9,1,2,0,"[1-2]",1,22,1.61449,0.97,0.815562,1,0.5,6627,790
7417,3695.12,ga_tcheby_proxy,mesh9,6,4,0,"[6-7-4]",2,42,3.21103,0.97,0.814224,2,0.5,6628,790
7418,3695.16,ga_tcheby_proxy,mesh9,8,4,1,"[]",0,0,0,0,0,0,0.5,6628,791
7419,3695.38,ga_tcheby_proxy,mesh9,0,6,0,"[0-3-6]",2,40,3.19307,0.975,0.816619,2,0.5,6629,791
7420,3695.82,ga_tcheby_proxy,mesh9,5,2,0,"[5-2]",1,20,1.59654,0.975,0.791191,1,0.5,6630,791
7421,3696.2,ga_tcheby_proxy,mesh9,0,3,0,"[0-3]",1,20,1.59654,0.975,0.816881,1,0.5,6631,791
7422,3697.77,ga_tcheby_proxy,mesh9,8,5,0,"[8-5]",1,20,1.59654,0.975,0.8,1,0.5,6632,791
7423,3698.19,ga_tcheby_proxy,mesh9,2,5,0,"[2-5]",1,20,1.59654,0.975,0.817143,1,0.5,6633,791
7424,3699.02,ga_tcheby_proxy,mesh9,5,3,0,"[5-4-3]",2,44,3.22898,0.97,0.814493,2,0.5,6634,791
7425,3699.16,ga_tcheby_proxy,mesh9,5,6,0,"[5-8-7-6]",3,64,4.82552,0.97,0.814761,3,0.5,6635,791
7426,3699.49,ga_tcheby_proxy,mesh9,2,4,0,"[2-1-4]",2,42,3.21103,0.97,0.817143,2,0.5,6636,791
7427,3699.55,ga_tcheby_proxy,mesh9,7,1,1,"[]",0,0,0,0,0,0,0.5,6636,792
7428,3700.58,ga_tcheby_proxy,mesh9,6,2,0,"[6-7-4-5-2]",4,84,6.42205,0.97,0.814493,4,0.5,6637,792
7429,3700.61,ga_tcheby_proxy,mesh9,4,1,1,"[]",0,0,0,0,0,0,0.5,6637,793
7430,3701.5,ga_tcheby_proxy,mesh9,7,0,0,"[7-4-3-0]",3,62,4.80756,0.97,0.814761,3,0.5,6638,793
7431,3701.94,ga_tcheby_proxy,mesh9,8,3,0,"[8-7-6-3]",3,64,4.82552,0.97,0.814761,3,0.5,6639,793
7432,3702.07,ga_tcheby_proxy,mesh9,6,7,0,"[6-7]",1,22,1.61449,0.97,0.814761,1,0.5,6640,793
7433,3702.71,ga_tcheby_proxy,mesh9,0,4,0,"[0-3-4]",2,42,3.21103,0.97,0.817143,2,0.5,6641,793
7434,3703.06,ga_tcheby_proxy,mesh9,7,1,0,"[7-4-1]",2,40,3.19307,0.975,0.811765,2,0.5,6642,793
7435,3703.34,ga_tcheby_proxy,mesh9,3,8,0,"[3-6-7-8]",3,64,4.82552,0.97,0.815029,3,0.5,6643,793
7436,3703.63,ga_tcheby_proxy,mesh9,0,4,0,"[0-1-4]",2,42,3.21103,0.97,0.817404,2,0.5,6644,793
7437,3703.93,ga_tcheby_proxy,mesh9,3,1,0,"[3-4-1]",2,42,3.21103,0.97,0.813683,2,0.5,6645,793
7438,3704.17,ga_tcheby_proxy,mesh9,8,6,0,"[8-7-6]",2,44,3.22898,0.97,0.810089,2,0.5,6646,793
7439,3704.44,ga_tcheby_proxy,mesh9,1,5,0,"[1-2-5]",2,42,3.21103,0.97,0.817404,2,0.5,6647,793
7440,3704.72,ga_tcheby_proxy,mesh9,5,8,0,"[5-8]",1,20,1.59654,0.975,0.815029,1,0.5,6648,793
7441,3704.8,ga_tcheby_proxy,mesh9,3,7,0,"[3-4-7]",2,42,3.21103,0.97,0.815029,2,0.5,6649,793
7442,3704.88,ga_tcheby_proxy,mesh9,7,8,0,"[7-8]",1,22,1.61449,0.97,0.813953,1,0.5,6650,793
7443,3704.97,ga_tcheby_proxy,mesh9,6,3,0,"[6-3]",1,20,1.59654,0.975,0.815029,1,0.5,6651,793
7444,3705.5,ga_tcheby_proxy,mesh9,6,8,0,"[6-7-8]",2,44,3.22898,0.97,0.815296,2,0.5,6652,793
7445,3706.29,ga_tcheby_proxy,mesh9,8,3,0,"[8-7-4-3]",3,64,4.82552,0.97,0.815029,3,0.5,6653,793
7446,3706.88,ga_tcheby_proxy,mesh9,0,4,0,"[0-3-4]",2,42,3.21103,0.97,0.817404,2,0.5,6654,793
7447,3707.83,ga_tcheby_proxy,mesh9,8,3,0,"[8-7-6-3]",3,64,4.82552,0.97,0.815296,3,0.5,6655,793
7448,3707.98,ga_tcheby_proxy,mesh9,5,4,0,"[5-4]",1,22,1.61449,0.97,0.810931,1,0.5,6656,793
7449,3709.34,ga_tcheby_proxy,mesh9,8,5,0,"[8-5]",1,20,1.59654,0.975,0.800312,1,0.5,6657,793
7450,3710.54,ga_tcheby_proxy,mesh9,1,8,0,"[1-2-5-8]",3,62,4.80756,0.97,0.817664,3,0.5,6658,793
7451,3711.2,ga_tcheby_proxy,mesh9,2,4,0,"[2-1-4]",2,42,3.21103,0.97,0.817664,2,0.5,6659,793
7452,3711.42,ga_tcheby_proxy,mesh9,6,0,0,"[6-3-0]",2,40,3.19307,0.975,0.815562,2,0.5,6660,793
7453,3711.63,ga_tcheby_proxy,mesh9,1,7,0,"[1-4-7]",2,40,3.19307,0.975,0.817923,2,0.5,6661,793
7454,3711.64,ga_tcheby_proxy,mesh9,4,8,1,"[]",0,0,0,0,0,0,0.5,6661,794
7455,3712.27,ga_tcheby_proxy,mesh9,1,2,0,"[1-2]",1,22,1.61449,0.97,0.816356,1,0.5,6662,794
7456,3712.75,ga_tcheby_proxy,mesh9,3,2,0,"[3-4-5-2]",3,64,4.82552,0.97,0.814761,3,0.5,6663,794
7457,3712.85,ga_tcheby_proxy,mesh9,0,8,0,"[0-3-4-7-8]",4,84,6.42205,0.97,0.817664,4,0.5,6664,794
7458,3713.44,ga_tcheby_proxy,mesh9,5,0,0,"[5-4-1-0]",3,64,4.82552,0.97,0.815029,3,0.5,6665,794
7459,3713.54,ga_tcheby_proxy,mesh9,1,0,0,"[1-0]",1,22,1.61449,0.97,0.815296,1,0.5,6666,794
7460,3713.92,ga_tcheby_proxy,mesh9,6,3,0,"[6-3]",1,20,1.59654,0.975,0.815827,1,0.5,6667,794
7461,3714.04,ga_tcheby_proxy,mesh9,2,3,0,"[2-5-4-3]",3,64,4.82552,0.97,0.817923,3,0.5,6668,794
7462,3714.98,ga_tcheby_proxy,mesh9,2,4,0,"[2-5-4]",2,42,3.21103,0.97,0.818182,2,0.5,6669,794
7463,3715.56,ga_tcheby_proxy,mesh9,3,1,0,"[3-0-1]",2,42,3.21103,0.97,0.814493,2,0.5,6670,794
7464,3715.81,ga_tcheby_proxy,mesh9,0,6,0,"[0-3-6]",2,40,3.19307,0.975,0.817923,2,0.5,6671,794
7465,3716.6,ga_tcheby_proxy,mesh9,7,0,0,"[7-4-3-0]",3,62,4.80756,0.97,0.815562,3,0.5,6672,794
7466,3716.71,ga_tcheby_proxy,mesh9,0,2,0,"[0-1-2]",2,44,3.22898,0.97,0.816619,2,0.5,6673,794
7467,3717.28,ga_tcheby_proxy,mesh9,5,7,0,"[5-8-7]",2,42,3.21103,0.97,0.815562,2,0.5,6674,794
7468,3718.03,ga_tcheby_proxy,mesh9,4,5,0,"[4-5]",1,22,1.61449,0.97,0.815029,1,0.5,6675,794
7469,3718.28,ga_tcheby_proxy,mesh9,2,4,0,"[2-1-4]",2,42,3.21103,0.97,0.818182,2,0.5,6676,794
7470,3718.32,ga_tcheby_proxy,mesh9,6,8,1,"[]",0,0,0,0,0,0,0.5,6676,795
7471,3719.13,ga_tcheby_proxy,mesh9,1,6,0,"[1-0-3-6]",3,62,4.80756,0.97,0.818182,3,0.5,6677,795
7472,3719.9,ga_tcheby_proxy,mesh9,0,6,0,"[0-3-6]",2,40,3.19307,0.975,0.81844,2,0.5,6678,795
7473,3720.86,ga_tcheby_proxy,mesh9,3,6,0,"[3-6]",1,20,1.59654,0.975,0.812317,1,0.5,6679,795
7474,3721.58,ga_tcheby_proxy,mesh9,0,2,0,"[0-1-2]",2,44,3.22898,0.97,0.816881,2,0.5,6680,795
7475,3723.33,ga_tcheby_proxy,mesh9,2,8,0,"[2-5-8]",2,40,3.19307,0.975,0.81844,2,0.5,6681,795
7476,3723.58,ga_tcheby_proxy,mesh9,4,0,0,"[4-1-0]",2,42,3.21103,0.97,0.815827,2,0.5,6682,795
7477,3723.85,ga_tcheby_proxy,mesh9,3,5,0,"[3-4-5]",2,44,3.22898,0.97,0.815296,2,0.5,6683,795
7478,3724.76,ga_tcheby_proxy,mesh9,3,5,0,"[3-4-5]",2,44,3.22898,0.97,0.815562,2,0.5,6684,795
7479,3725.56,ga_tcheby_proxy,mesh9,2,8,0,"[2-5-8]",2,40,3.19307,0.975,0.818697,2,0.5,6685,795
7480,3725.8,ga_tcheby_proxy,mesh9,5,2,0,"[5-2]",1,20,1.59654,0.975,0.792208,1,0.5,6686,795
7481,3726.28,ga_tcheby_proxy,mesh9,2,5,0,"[2-5]",1,20,1.59654,0.975,0.818953,1,0.5,6687,795
7482,3726.53,ga_tcheby_proxy,mesh9,4,0,0,"[4-3-0]",2,42,3.21103,0.97,0.815827,2,0.5,6688,795
7483,3726.71,ga_tcheby_proxy,mesh9,2,3,0,"[2-1-4-3]",3,64,4.82552,0.97,0.81844,3,0.5,6689,795
7484,3727.65,ga_tcheby_proxy,mesh9,7,4,0,"[7-4]",1,20,1.59654,0.975,0.812592,1,0.5,6690,795
7485,3729.06,ga_tcheby_proxy,mesh9,3,8,0,"[3-6-7-8]",3,64,4.82552,0.97,0.815562,3,0.5,6691,795
7486,3729.13,ga_tcheby_proxy,mesh9,7,2,0,"[7-4-5-2]",3,62,4.80756,0.97,0.815827,3,0.5,6692,795
7487,3729.45,ga_tcheby_proxy,mesh9,2,1,0,"[2-1]",1,22,1.61449,0.97,0.807519,1,0.5,6693,795
7488,3732.34,ga_tcheby_proxy,mesh9,1,8,0,"[1-4-7-8]",3,62,4.80756,0.97,0.818697,3,0.5,6694,795
7489,3732.62,ga_tcheby_proxy,mesh9,6,2,0,"[6-7-8-5-2]",4,84,6.42205,0.97,0.815827,4,0.5,6695,795
7490,3734.82,ga_tcheby_proxy,mesh9,8,3,0,"[8-7-6-3]",3,64,4.82552,0.97,0.816092,3,0.5,6696,795
7491,3734.85,ga_tcheby_proxy,mesh9,6,3,1,"[]",0,0,0,0,0,0,0.5,6696,796
7492,3735.05,ga_tcheby_proxy,mesh9,2,0,0,"[2-1-0]",2,44,3.22898,0.97,0.816092,2,0.5,6697,796
7493,3735.6,ga_tcheby_proxy,mesh9,2,3,0,"[2-1-0-3]",3,64,4.82552,0.97,0.818697,3,0.5,6698,796
7494,3736.35,ga_tcheby_proxy,mesh9,5,3,0,"[5-4-3]",2,44,3.22898,0.97,0.816356,2,0.5,6699,796
7495,3737.2,ga_tcheby_proxy,mesh9,1,3,0,"[1-0-3]",2,42,3.21103,0.97,0.818953,2,0.5,6700,796
7496,3737.36,ga_tcheby_proxy,mesh9,1,0,0,"[1-0]",1,22,1.61449,0.97,0.816881,1,0.5,6701,796
7497,3737.38,ga_tcheby_proxy,mesh9,4,2,1,"[]",0,0,0,0,0,0,0.5,6701,797
7498,3738.07,ga_tcheby_proxy,mesh9,4,0,0,"[4-3-0]",2,42,3.21103,0.97,0.816619,2,0.5,6702,797
7499,3738.98,ga_tcheby_proxy,mesh9,2,5,0,"[2-5]",1,20,1.59654,0.975,0.819209,1,0.5,6703,797
7500,3739.17,ga_tcheby_proxy,mesh9,6,4,0,"[6-7-4]",2,42,3.21103,0.97,0.816092,2,0.5,6704,797
7501,3739.43,ga_tcheby_proxy,mesh9,4,1,0,"[4-1]",1,20,1.59654,0.975,0.809524,1,0.5,6705,797
7502,3739.61,ga_tcheby_proxy,mesh9,3,1,0,"[3-0-1]",2,42,3.21103,0.97,0.815562,2,0.5,6706,797
7503,3739.85,ga_tcheby_proxy,mesh9,1,8,0,"[1-4-5-8]",3,62,4.80756,0.97,0.818953,3,0.5,6707,797
7504,3740.18,ga_tcheby_proxy,mesh9,8,1,0,"[8-5-2-1]",3,62,4.80756,0.97,0.808383,3,0.5,6708,797
7505,3740.32,ga_tcheby_proxy,mesh9,0,8,0,"[0-1-4-7-8]",4,84,6.42205,0.97,0.819209,4,0.5,6709,797
7506,3740.66,ga_tcheby_proxy,mesh9,4,7,0,"[4-7]",1,20,1.59654,0.975,0.816356,1,0.5,6710,797
7507,3741.98,ga_tcheby_proxy,mesh9,1,0,0,"[1-0]",1,22,1.61449,0.97,0.817143,1,0.5,6711,797
7508,3742.7,ga_tcheby_proxy,mesh9,8,6,0,"[8-7-6]",2,44,3.22898,0.97,0.811487,2,0.5,6712,797
7509,3743.22,ga_tcheby_proxy,mesh9,7,1,0,"[7-4-1]",2,40,3.19307,0.975,0.813411,2,0.5,6713,797
7510,3743.43,ga_tcheby_proxy,mesh9,4,2,0,"[4-5-2]",2,42,3.21103,0.97,0.816356,2,0.5,6714,797
7511,3743.76,ga_tcheby_proxy,mesh9,4,0,0,"[4-3-0]",2,42,3.21103,0.97,0.816881,2,0.5,6715,797
7512,3743.77,ga_tcheby_proxy,mesh9,2,5,1,"[]",0,0,0,0,0,0,0.5,6715,798
7513,3743.97,ga_tcheby_proxy,mesh9,0,4,0,"[0-3-4]",2,42,3.21103,0.97,0.819209,2,0.5,6716,798
7514,3744.19,ga_tcheby_proxy,mesh9,2,3,0,"[2-1-4-3]",3,64,4.82552,0.97,0.819464,3,0.5,6717,798
7515,3744.29,ga_tcheby_proxy,mesh9,4,7,0,"[4-7]",1,20,1.59654,0.975,0.816619,1,0.5,6718,798
7516,3744.75,ga_tcheby_proxy,mesh9,3,2,0,"[3-4-5-2]",3,64,4.82552,0.97,0.816619,3,0.5,6719,798
7517,3744.97,ga_tcheby_proxy,mesh9,7,5,0,"[7-8-5]",2,42,3.21103,0.97,0.815827,2,0.5,6720,798
7518,3745.54,ga_tcheby_proxy,mesh9,3,6,0,"[3-6]",1,20,1.59654,0.975,0.812865,1,0.5,6721,798
7519,3745.83,ga_tcheby_proxy,mesh9,4,0,0,"[4-1-0]",2,42,3.21103,0.97,0.817404,2,0.5,6722,798
7520,3746.96,ga_tcheby_proxy,mesh9,0,7,0,"[0-3-4-7]",3,62,4.80756,0.97,0.819464,3,0.5,6723,798
7521,3747.91,ga_tcheby_proxy,mesh9,5,7,0,"[5-8-7]",2,42,3.21103,0.97,0.816619,2,0.5,6724,798
7522,3748.06,ga_tcheby_proxy,mesh9,3,1,0,"[3-0-1]",2,42,3.21103,0.97,0.816092,2,0.5,6725,798
7523,3748.22,ga_tcheby_proxy,mesh9,7,2,0,"[7-8-5-2]",3,62,4.80756,0.97,0.816092,3,0.5,6726,798
7524,3748.76,ga_tcheby_proxy,mesh9,5,2,0,"[5-2]",1,20,1.59654,0.975,0.794543,1,0.5,6727,798
7525,3750.14,ga_tcheby_proxy,mesh9,0,8,0,"[0-1-2-5-8]",4,84,6.42205,0.97,0.819464,4,0.5,6728,798
7526,3750.18,ga_tcheby_proxy,mesh9,8,4,1,"[]",0,0,0,0,0,0,0.5,6728,799
7527,3750.68,ga_tcheby_proxy,mesh9,2,4,0,"[2-5-4]",2,42,3.21103,0.97,0.819718,2,0.5,6729,799
7528,3750.83,ga_tcheby_proxy,mesh9,4,0,0,"[4-3-0]",2,42,3.21103,0.97,0.817404,2,0.5,6730,799
7529,3751.25,ga_tcheby_proxy,mesh9,1,3,0,"[1-0-3]",2,42,3.21103,0.97,0.819718,2,0.5,6731,799
7530,3751.41,ga_tcheby_proxy,mesh9,5,3,0,"[5-4-3]",2,44,3.22898,0.97,0.817664,2,0.5,6732,799
7531,3752.77,ga_tcheby_proxy,mesh9,7,6,0,"[7-6]",1,22,1.61449,0.97,0.807229,1,0.5,6733,799
7532,3752.86,ga_tcheby_proxy,mesh9,1,3,0,"[1-4-3]",2,42,3.21103,0.97,0.819718,2,0.5,6734,799
7533,3753.76,ga_tcheby_proxy,mesh9,7,0,0,"[7-6-3-0]",3,62,4.80756,0.97,0.816619,3,0.5,6735,799
7534,3755.37,ga_tcheby_proxy,mesh9,8,7,0,"[8-7]",1,22,1.61449,0.97,0.812041,1,0.5,6736,799
7535,3756.08,ga_tcheby_proxy,mesh9,2,7,0,"[2-1-4-7]",3,62,4.80756,0.97,0.819972,3,0.5,6737,799
7536,3756.22,ga_tcheby_proxy,mesh9,8,4,0,"[8-5-4]",2,42,3.21103,0.97,0.812865,2,0.5,6738,799
7537,3756.74,ga_tcheby_proxy,mesh9,0,1,0,"[0-1]",1,22,1.61449,0.97,0.80867,1,0.5,6739,799
7538,3757.46,ga_tcheby_proxy,mesh9,3,8,0,"[3-6-7-8]",3,64,4.82552,0.97,0.816356,3,0.5,6740,799
7539,3757.91,ga_tcheby_proxy,mesh9,1,8,0,"[1-2-5-8]",3,62,4.80756,0.97,0.819972,3,0.5,6741,799
7540,3759.79,ga_tcheby_proxy,mesh9,4,2,0,"[4-5-2]",2,42,3.21103,0.97,0.816881,2,0.5,6742,799
7541,3760.34,ga_tcheby_proxy,mesh9,3,2,0,"[3-4-5-2]",3,64,4.82552,0.97,0.817143,3,0.5,6743,799
7542,3761.07,ga_tcheby_proxy,mesh9,2,0,0,"[2-1-0]",2,44,3.22898,0.97,0.817923,2,0.5,6744,799
7543,3761.85,ga_tcheby_proxy,mesh9,0,4,0,"[0-3-4]",2,42,3.21103,0.97,0.819972,2,0.5,6745,799
7544,3762.09,ga_tcheby_proxy,mesh9,6,0,0,"[6-3-0]",2,40,3.19307,0.975,0.816881,2,0.5,6746,799
7545,3762.58,ga_tcheby_proxy,mesh9,5,2,0,"[5-2]",1,20,1.59654,0.975,0.795527,1,0.5,6747,799
7546,3762.66,ga_tcheby_proxy,mesh9,3,8,0,"[3-6-7-8]",3,64,4.82552,0.97,0.816619,3,0.5,6748,799
7547,3762.74,ga_tcheby_proxy,mesh9,8,0,0,"[8-7-6-3-0]",4,84,6.42205,0.97,0.817143,4,0.5,6749,799
7548,3762.96,ga_tcheby_proxy,mesh9,2,7,0,"[2-5-4-7]",3,62,4.80756,0.97,0.820225,3,0.5,6750,799
7549,3763.22,ga_tcheby_proxy,mesh9,6,5,0,"[6-7-8-5]",3,64,4.82552,0.97,0.816881,3,0.5,6751,799
7550,3763.93,ga_tcheby_proxy,mesh9,5,0,0,"[5-2-1-0]",3,64,4.82552,0.97,0.818182,3,0.5,6752,799
7551,3764.81,ga_tcheby_proxy,mesh9,0,5,0,"[0-3-4-5]",3,64,4.82552,0.97,0.820225,3,0.5,6753,799
7552,3765.5,ga_tcheby_proxy,mesh9,4,2,0,"[4-5-2]",2,42,3.21103,0.97,0.817664,2,0.5,6754,799
7553,3765.7,ga_tcheby_proxy,mesh9,2,3,0,"[2-1-4-3]",3,64,4.82552,0.97,0.820225,3,0.5,6755,799
7554,3766.03,ga_tcheby_proxy,mesh9,7,3,0,"[7-6-3]",2,42,3.21103,0.97,0.817143,2,0.5,6756,799
7555,3766.26,ga_tcheby_proxy,mesh9,5,0,0,"[5-2-1-0]",3,64,4.82552,0.97,0.81844,3,0.5,6757,799
7556,3766.44,ga_tcheby_proxy,mesh9,2,6,0,"[2-5-8-7-6]",4,84,6.42205,0.97,0.820477,4,0.5,6758,799
7557,3767.24,ga_tcheby_proxy,mesh9,4,8,0,"[4-7-8]",2,42,3.21103,0.97,0.817664,2,0.5,6759,799
7558,3767.76,ga_tcheby_proxy,mesh9,2,7,0,"[2-1-4-7]",3,62,4.80756,0.97,0.820477,3,0.5,6760,799
7559,3767.82,ga_tcheby_proxy,mesh9,1,4,0,"[1-4]",1,20,1.66683,0.932396,0.820728,1,0.5,6761,799
7560,3767.92,ga_tcheby_proxy,mesh9,5,4,0,"[5-4]",1,22,1.61449,0.97,0.813411,1,0.5,6762,799
7561,3768.22,ga_tcheby_proxy,mesh9,0,6,0,"[0-3-6]",2,40,3.19307,0.975,0.820477,2,0.5,6763,799
7562,3769.87,ga_tcheby_proxy,mesh9,2,7,0,"[2-5-8-7]",3,62,4.80756,0.97,0.820728,3,0.5,6764,799
7563,3770.71,ga_tcheby_proxy,mesh9,7,0,0,"[7-6-3-0]",3,62,4.80756,0.97,0.817404,3,0.5,6765,799
7564,3771.52,ga_tcheby_proxy,mesh9,0,5,0,"[0-3-4-5]",3,64,4.82552,0.97,0.820728,3,0.5,6766,799
7565,3772.18,ga_tcheby_proxy,mesh9,0,5,0,"[0-1-2-5]",3,64,4.82552,0.97,0.820979,3,0.5,6767,799
7566,3772.81,ga_tcheby_proxy,mesh9,5,8,0,"[5-8]",1,20,1.59654,0.975,0.817923,1,0.5,6768,799
7567,3772.85,ga_tcheby_proxy,mesh9,3,1,1,"[]",0,0,0,0,0,0,0.5,6768,800
7568,3774.01,ga_tcheby_proxy,mesh9,7,8,0,"[7-8]",1,22,1.61449,0.97,0.817404,1,0.5,6769,800
7569,3774.64,ga_tcheby_proxy,mesh9,7,8,0,"[7-8]",1,22,1.61449,0.97,0.817664,1,0.5,6770,800
7570,3775.47,ga_tcheby_proxy,mesh9,0,4,0,"[0-1-4]",2,42,3.21103,0.97,0.820979,2,0.5,6771,800
7571,3776.14,ga_tcheby_proxy,mesh9,7,8,0,"[7-8]",1,22,1.61449,0.97,0.817923,1,0.5,6772,800
7572,3777.89,ga_tcheby_proxy,mesh9,3,6,0,"[3-6]",1,20,1.59654,0.975,0.813953,1,0.5,6773,800
7573,3778.31,ga_tcheby_proxy,mesh9,2,3,0,"[2-1-0-3]",3,64,4.82552,0.97,0.820979,3,0.5,6774,800
7574,3778.42,ga_tcheby_proxy,mesh9,2,0,0,"[2-1-0]",2,44,3.22898,0.97,0.818953,2,0.5,6775,800
7575,3778.52,ga_tcheby_proxy,mesh9,5,0,0,"[5-4-3-0]",3,64,4.82552,0.97,0.81844,3,0.5,6776,800
7576,3778.61,ga_tcheby_proxy,mesh9,5,1,0,"[5-2-1]",2,42,3.21103,0.97,0.811209,2,0.5,6777,800
7577,3778.62,ga_tcheby_proxy,mesh9,6,3,1,"[]",0,0,0,0,0,0,0.5,6777,801
7578,3779.07,ga_tcheby_proxy,mesh9,6,3,0,"[6-3]",1,20,1.59654,0.975,0.817664,1,0.5,6778,801
7579,3779.19,ga_tcheby_proxy,mesh9,7,5,0,"[7-4-5]",2,42,3.21103,0.97,0.818182,2,0.5,6779,801
7580,3780.37,ga_tcheby_proxy,mesh9,4,8,0,"[4-7-8]",2,42,3.21103,0.97,0.818182,2,0.5,6780,801
7581,3781.42,ga_tcheby_proxy,mesh9,7,2,0,"[7-4-1-2]",3,62,4.80756,0.97,0.817923,3,0.5,6781,801
7582,3782.21,ga_tcheby_proxy,mesh9,6,8,0,"[6-7-8]",2,44,3.22898,0.97,0.81844,2,0.5,6782,801
7583,3782.76,ga_tcheby_proxy,mesh9,6,1,0,"[6-7-4-1]",3,62,4.80756,0.97,0.817404,3,0.5,6783,801
7584,3783.33,ga_tcheby_proxy,mesh9,5,3,0,"[5-4-3]",2,44,3.22898,0.97,0.818697,2,0.5,6784,801
7585,3783.79,ga_tcheby_proxy,mesh9,7,4,0,"[7-4]",1,20,1.59654,0.975,0.814493,1,0.5,6785,801
7586,3784.74,ga_tcheby_proxy,mesh9,7,0,0,"[7-6-3-0]",3,62,4.80756,0.97,0.817923,3,0.5,6786,801
7587,3785.46,ga_tcheby_proxy,mesh9,4,5,0,"[4-5]",1,22,1.61449,0.97,0.81844,1,0.5,6787,801
7588,3786.34,ga_tcheby_proxy,mesh9,7,0,0,"[7-6-3-0]",3,62,4.80756,0.97,0.818182,3,0.5,6788,801
7589,3787,ga_tcheby_proxy,mesh9,8,5,0,"[8-5]",1,20,1.59654,0.975,0.802469,1,0.5,6789,801
7590,3787.2,ga_tcheby_proxy,mesh9,2,4,0,"[2-1-4]",2,42,3.21103,0.97,0.821229,2,0.5,6790,801
7591,3787.23,ga_tcheby_proxy,mesh9,7,8,1,"[]",0,0,0,0,0,0,0.5,6790,802
7592,3787.42,ga_tcheby_proxy,mesh9,4,3,0,"[4-3]",1,22,1.61449,0.97,0.818953,1,0.5,6791,802
7593,3787.74,ga_tcheby_proxy,mesh9,3,1,0,"[3-4-1]",2,42,3.21103,0.97,0.817404,2,0.5,6792,802
7594,3788.06,ga_tcheby_proxy,mesh9,4,2,0,"[4-1-2]",2,42,3.21103,0.97,0.818182,2,0.5,6793,802
7595,3788.12,ga_tcheby_proxy,mesh9,5,4,0,"[5-4]",1,22,1.61449,0.97,0.814224,1,0.5,6794,802
7596,3788.25,ga_tcheby_proxy,mesh9,0,7,0,"[0-3-6-7]",3,62,4.80756,0.97,0.821229,3,0.5,6795,802
7597,3788.57,ga_tcheby_proxy,mesh9,5,8,0,"[5-8]",1,20,1.59654,0.975,0.818182,1,0.5,6796,802
7598,3788.98,ga_tcheby_proxy,mesh9,1,3,0,"[1-0-3]",2,42,3.21103,0.97,0.821478,2,0.5,6797,802
7599,3789.39,ga_tcheby_proxy,mesh9,8,7,0,"[8-7]",1,22,1.61449,0.97,0.813139,1,0.5,6798,802
7600,3789.56,ga_tcheby_proxy,mesh9,8,2,0,"[8-5-2]",2,40,3.19307,0.975,0.802773,2,0.5,6799,802
7601,3789.61,ga_tcheby_proxy,mesh9,0,1,1,"[]",0,0,0,0,0,0,0.5,6799,803
7602,3789.63,ga_tcheby_proxy,mesh9,4,6,1,"[]",0,0,0,0,0,0,0.5,6799,804
7603,3790.06,ga_tcheby_proxy,mesh9,3,7,0,"[3-6-7]",2,42,3.21103,0.97,0.817923,2,0.5,6800,804
7604,3790.35,ga_tcheby_proxy,mesh9,0,3,0,"[0-3]",1,20,1.59654,0.975,0.821727,1,0.5,6801,804
7605,3790.53,ga_tcheby_proxy,mesh9,4,6,0,"[4-7-6]",2,42,3.21103,0.97,0.81844,2,0.5,6802,804
7606,3791.46,ga_tcheby_proxy,mesh9,6,8,0,"[6-7-8]",2,44,3.22898,0.97,0.818697,2,0.5,6803,804
7607,3791.54,ga_tcheby_proxy,mesh9,0,8,0,"[0-1-2-5-8]",4,84,6.42205,0.97,0.821229,4,0.5,6804,804
7608,3792.2,ga_tcheby_proxy,mesh9,5,7,0,"[5-8-7]",2,42,3.21103,0.97,0.818697,2,0.5,6805,804
7609,3792.59,ga_tcheby_proxy,mesh9,4,5,0,"[4-5]",1,22,1.61449,0.97,0.818697,1,0.5,6806,804
7610,3793.53,ga_tcheby_proxy,mesh9,5,7,0,"[5-4-7]",2,42,3.21103,0.97,0.818697,2,0.5,6807,804
7611,3793.88,ga_tcheby_proxy,mesh9,0,4,0,"[0-1-4]",2,42,3.21103,0.97,0.821478,2,0.5,6808,804
7612,3793.88,ga_tcheby_proxy,mesh9,3,1,1,"[]",0,0,0,0,0,0,0.5,6808,805
7613,3795.35,ga_tcheby_proxy,mesh9,6,5,0,"[6-3-4-5]",3,64,4.82552,0.97,0.818953,3,0.5,6809,805
7614,3795.42,ga_tcheby_proxy,mesh9,8,7,0,"[8-7]",1,22,1.71536,0.910604,0.813683,1,0.5,6810,805
7615,3795.84,ga_tcheby_proxy,mesh9,1,2,0,"[1-2]",1,22,1.61449,0.97,0.818697,1,0.5,6811,805
7616,3796.09,ga_tcheby_proxy,mesh9,5,6,0,"[5-4-7-6]",3,64,4.82552,0.97,0.818953,3,0.5,6812,805
7617,3796.27,ga_tcheby_proxy,mesh9,8,2,0,"[8-5-2]",2,40,3.19307,0.975,0.803077,2,0.5,6813,805
7618,3797.08,ga_tcheby_proxy,mesh9,0,3,0,"[0-3]",1,20,1.59654,0.975,0.821975,1,0.5,6814,805
7619,3797.14,ga_tcheby_proxy,mesh9,4,2,1,"[]",0,0,0,0,0,0,0.5,6814,806
7620,3797.54,ga_tcheby_proxy,mesh9,0,4,0,"[0-1-4]",2,42,3.21103,0.97,0.821727,2,0.5,6815,806
7621,3798.35,ga_tcheby_proxy,mesh9,6,7,0,"[6-7]",1,22,1.61449,0.97,0.81844,1,0.5,6816,806
7622,3798.54,ga_tcheby_proxy,mesh9,2,4,0,"[2-5-4]",2,42,3.21103,0.97,0.821478,2,0.5,6817,806
7623,3799.59,ga_tcheby_proxy,mesh9,1,6,0,"[1-4-3-6]",3,62,4.80756,0.97,0.821975,3,0.5,6818,806
7624,3800,ga_tcheby_proxy,mesh9,4,8,0,"[4-7-8]",2,42,3.21103,0.97,0.819209,2,0.5,6819,806
7625,3800.86,ga_tcheby_proxy,mesh9,7,5,0,"[7-4-5]",2,42,3.21103,0.97,0.819209,2,0.5,6820,806
7626,3800.89,ga_tcheby_proxy,mesh9,8,7,1,"[]",0,0,0,0,0,0,0.5,6820,807
7627,3801.38,ga_tcheby_proxy,mesh9,7,3,0,"[7-6-3]",2,42,3.21103,0.97,0.818697,2,0.5,6821,807
7628,3801.46,ga_tcheby_proxy,mesh9,4,0,0,"[4-3-0]",2,42,3.21103,0.97,0.819464,2,0.5,6822,807
7629,3801.65,ga_tcheby_proxy,mesh9,6,5,0,"[6-7-8-5]",3,64,4.82552,0.97,0.819209,3,0.5,6823,807
7630,3801.71,ga_tcheby_proxy,mesh9,5,7,1,"[]",0,0,0,0,0,0,0.5,6823,808
7631,3802.16,ga_tcheby_proxy,mesh9,2,1,0,"[2-1]",1,22,1.61449,0.97,0.811765,1,0.5,6824,808
7632,3802.83,ga_tcheby_proxy,mesh9,4,2,0,"[4-1-2]",2,42,3.21103,0.97,0.818953,2,0.5,6825,808
7633,3803.54,ga_tcheby_proxy,mesh9,5,6,0,"[5-8-7-6]",3,64,4.82552,0.97,0.818953,3,0.5,6826,808
7634,3804,ga_tcheby_proxy,mesh9,1,6,0,"[1-0-3-6]",3,62,4.80756,0.97,0.822222,3,0.5,6827,808
7635,3804.2,ga_tcheby_proxy,mesh9,8,3,0,"[8-7-6-3]",3,64,4.82552,0.97,0.818953,3,0.5,6828,808
7636,3804.3,ga_tcheby_proxy,mesh9,8,4,0,"[8-7-4]",2,42,3.21103,0.97,0.815029,2,0.5,6829,808
7637,3807.01,ga_tcheby_proxy,mesh9,5,0,0,"[5-4-3-0]",3,64,4.82552,0.97,0.819718,3,0.5,6830,808
7638,3807.13,ga_tcheby_proxy,mesh9,4,2,0,"[4-1-2]",2,42,3.21103,0.97,0.819209,2,0.5,6831,808
7639,3808.03,ga_tcheby_proxy,mesh9,0,6,0,"[0-3-6]",2,40,3.19307,0.975,0.822469,2,0.5,6832,808
7640,3808.21,ga_tcheby_proxy,mesh9,7,1,0,"[7-4-1]",2,40,3.19307,0.975,0.815296,2,0.5,6833,808
7641,3808.57,ga_tcheby_proxy,mesh9,7,1,0,"[7-4-1]",2,40,3.19307,0.975,0.815562,2,0.5,6834,808
7642,3810.38,ga_tcheby_proxy,mesh9,6,2,0,"[6-3-4-1-2]",4,84,6.42205,0.97,0.819464,4,0.5,6835,808
7643,3810.74,ga_tcheby_proxy,mesh9,3,7,0,"[3-6-7]",2,42,3.21103,0.97,0.818953,2,0.5,6836,808
7644,3811.51,ga_tcheby_proxy,mesh9,5,0,0,"[5-4-1-0]",3,64,4.82552,0.97,0.819718,3,0.5,6837,808
7645,3813.74,ga_tcheby_proxy,mesh9,2,0,0,"[2-1-0]",2,44,3.22898,0.97,0.819972,2,0.5,6838,808
7646,3815.71,ga_tcheby_proxy,mesh9,2,4,0,"[2-5-4]",2,42,3.21103,0.97,0.821727,2,0.5,6839,808
7647,3815.84,ga_tcheby_proxy,mesh9,0,4,0,"[0-1-4]",2,42,3.21103,0.97,0.822222,2,0.5,6840,808
7648,3816.23,ga_tcheby_proxy,mesh9,0,6,0,"[0-3-6]",2,40,3.19307,0.975,0.822715,2,0.5,6841,808
7649,3817.74,ga_tcheby_proxy,mesh9,1,5,0,"[1-2-5]",2,42,3.21103,0.97,0.821975,2,0.5,6842,808
7650,3818.15,ga_tcheby_proxy,mesh9,7,3,0,"[7-6-3]",2,42,3.21103,0.97,0.819464,2,0.5,6843,808
7651,3818.52,ga_tcheby_proxy,mesh9,2,1,0,"[2-1]",1,22,1.61449,0.97,0.812317,1,0.5,6844,808
7652,3819.05,ga_tcheby_proxy,mesh9,1,8,0,"[1-2-5-8]",3,62,4.80756,0.97,0.822222,3,0.5,6845,808
7653,3819.49,ga_tcheby_proxy,mesh9,2,6,0,"[2-5-8-7-6]",4,84,6.42205,0.97,0.822469,4,0.5,6846,808
7654,3820.47,ga_tcheby_proxy,mesh9,6,2,0,"[6-7-8-5-2]",4,84,6.42205,0.97,0.819464,4,0.5,6847,808
7655,3820.75,ga_tcheby_proxy,mesh9,7,6,0,"[7-6]",1,22,1.61449,0.97,0.811487,1,0.5,6848,808
7656,3821.77,ga_tcheby_proxy,mesh9,2,6,0,"[2-1-4-7-6]",4,84,6.42205,0.97,0.822469,4,0.5,6849,808
7657,3821.79,ga_tcheby_proxy,mesh9,8,3,1,"[]",0,0,0,0,0,0,0.5,6849,809
7658,3822.36,ga_tcheby_proxy,mesh9,3,4,0,"[3-4]",1,22,1.61449,0.97,0.818182,1,0.5,6850,809
7659,3822.45,ga_tcheby_proxy,mesh9,1,7,0,"[1-4-7]",2,40,3.19307,0.975,0.822715,2,0.5,6851,809
7660,3822.71,ga_tcheby_proxy,mesh9,1,5,0,"[1-2-5]",2,42,3.21103,0.97,0.822715,2,0.5,6852,809
7661,3824.07,ga_tcheby_proxy,mesh9,8,5,0,"[8-5]",1,20,1.59654,0.975,0.803982,1,0.5,6853,809
7662,3824.13,ga_tcheby_proxy,mesh9,5,1,0,"[5-8-7-4-1]",4,82,6.43904,0.953346,0.819718,4,0.5,6854,809
7663,3824.19,ga_tcheby_proxy,mesh9,5,3,1,"[]",0,0,0,0,0,0,0.5,6854,810
7664,3824.27,ga_tcheby_proxy,mesh9,8,1,1,"[]",0,0,0,0,0,0,0.5,6854,811
7665,3824.85,ga_tcheby_proxy,mesh9,0,1,0,"[0-1]",1,22,1.61449,0.97,0.810651,1,0.5,6855,811
7666,3825.82,ga_tcheby_proxy,mesh9,5,1,0,"[5-2-1]",2,42,3.21103,0.97,0.812865,2,0.5,6856,811
7667,3826.3,ga_tcheby_proxy,mesh9,7,5,0,"[7-4-5]",2,42,3.21103,0.97,0.819464,2,0.5,6857,811
7668,3826.73,ga_tcheby_proxy,mesh9,3,6,0,"[3-6]",1,20,1.59654,0.975,0.816092,1,0.5,6858,811
7669,3827.51,ga_tcheby_proxy,mesh9,7,4,0,"[7-4]",1,20,1.59654,0.975,0.816356,1,0.5,6859,811
7670,3827.73,ga_tcheby_proxy,mesh9,3,6,0,"[3-6]",1,20,1.59654,0.975,0.816356,1,0.5,6860,811
7671,3827.82,ga_tcheby_proxy,mesh9,6,5,0,"[6-3-4-5]",3,64,4.82552,0.97,0.819718,3,0.5,6861,811
7672,3828.59,ga_tcheby_proxy,mesh9,4,3,0,"[4-3]",1,22,1.61449,0.97,0.819972,1,0.5,6862,811
7673,3828.68,ga_tcheby_proxy,mesh9,1,2,0,"[1-2]",1,22,1.61449,0.97,0.820477,1,0.5,6863,811
7674,3829.06,ga_tcheby_proxy,mesh9,0,7,0,"[0-1-4-7]",3,62,4.80756,0.97,0.82296,3,0.5,6864,811
7675,3829.73,ga_tcheby_proxy,mesh9,3,7,0,"[3-6-7]",2,42,3.21103,0.97,0.819464,2,0.5,6865,811
7676,3829.81,ga_tcheby_proxy,mesh9,2,3,0,"[2-5-4-3]",3,64,4.88993,0.93121,0.82296,3,0.5,6866,811
7677,3830.14,ga_tcheby_proxy,mesh9,6,1,0,"[6-7-4-1]",3,62,4.80756,0.97,0.819718,3,0.5,6867,811
7678,3830.17,ga_tcheby_proxy,mesh9,1,5,1,"[]",0,0,0,0,0,0,0.5,6867,812
7679,3830.41,ga_tcheby_proxy,mesh9,6,0,0,"[6-3-0]",2,40,3.19307,0.975,0.819972,2,0.5,6868,812
7680,3831.24,ga_tcheby_proxy,mesh9,5,8,0,"[5-8]",1,20,1.59654,0.975,0.819972,1,0.5,6869,812
7681,3831.35,ga_tcheby_proxy,mesh9,1,8,0,"[1-4-5-8]",3,62,4.80756,0.97,0.823204,3,0.5,6870,812
7682,3831.81,ga_tcheby_proxy,mesh9,3,5,0,"[3-4-5]",2,44,3.22898,0.97,0.820225,2,0.5,6871,812
7683,3831.81,ga_tcheby_proxy,mesh9,3,6,0,"[3-6]",1,20,1.72276,0.901279,0.823954,1,0.5,6872,812
7684,3832.28,ga_tcheby_proxy,mesh9,7,2,0,"[7-8-5-2]",3,62,4.80756,0.97,0.819718,3,0.5,6873,812
7685,3832.35,ga_tcheby_proxy,mesh9,8,1,0,"[8-7-4-1]",3,62,4.80756,0.97,0.816881,3,0.5,6874,812
7686,3832.97,ga_tcheby_proxy,mesh9,8,3,0,"[8-7-6-3]",3,64,4.82552,0.97,0.820225,3,0.5,6875,812
7687,3833.12,ga_tcheby_proxy,mesh9,0,5,0,"[0-3-4-5]",3,64,4.82552,0.97,0.82296,3,0.5,6876,812
7688,3834.26,ga_tcheby_proxy,mesh9,8,0,0,"[8-7-4-1-0]",4,84,6.42205,0.97,0.820225,4,0.5,6877,812
7689,3834.45,ga_tcheby_proxy,mesh9,0,2,0,"[0-1-2]",2,44,3.22898,0.97,0.820728,2,0.5,6878,812
7690,3835.08,ga_tcheby_proxy,mesh9,6,8,0,"[6-7-8]",2,44,3.22898,0.97,0.819972,2,0.5,6879,812
7691,3836.48,ga_tcheby_proxy,mesh9,7,0,0,"[7-4-3-0]",3,62,4.80756,0.97,0.820477,3,0.5,6880,812
7692,3837.28,ga_tcheby_proxy,mesh9,7,6,0,"[7-6]",1,22,1.61449,0.97,0.812317,1,0.5,6881,812
7693,3837.36,ga_tcheby_proxy,mesh9,6,5,0,"[6-7-8-5]",3,64,4.82552,0.97,0.820225,3,0.5,6882,812
7694,3837.46,ga_tcheby_proxy,mesh9,0,3,0,"[0-3]",1,20,1.59654,0.975,0.823204,1,0.5,6883,812
7695,3838.76,ga_tcheby_proxy,mesh9,7,0,0,"[7-6-3-0]",3,62,4.80756,0.97,0.820477,3,0.5,6884,812
7696,3839.18,ga_tcheby_proxy,mesh9,6,0,0,"[6-3-0]",2,40,3.19307,0.975,0.820728,2,0.5,6885,812
7697,3839.97,ga_tcheby_proxy,mesh9,3,6,0,"[3-6]",1,20,1.59654,0.975,0.817143,1,0.5,6886,812
7698,3840.39,ga_tcheby_proxy,mesh9,8,3,0,"[8-7-4-3]",3,64,4.82552,0.97,0.820728,3,0.5,6887,812
7699,3840.51,ga_tcheby_proxy,mesh9,1,0,0,"[1-0]",1,22,1.61449,0.97,0.820477,1,0.5,6888,812
7700,3841.69,ga_tcheby_proxy,mesh9,7,6,0,"[7-6]",1,22,1.61449,0.97,0.812865,1,0.5,6889,812
7701,3841.89,ga_tcheby_proxy,mesh9,5,0,0,"[5-4-1-0]",3,64,4.82552,0.97,0.820728,3,0.5,6890,812
7702,3841.92,ga_tcheby_proxy,mesh9,6,3,1,"[]",0,0,0,0,0,0,0.5,6890,813
7703,3842.74,ga_tcheby_proxy,mesh9,6,0,0,"[6-3-0]",2,40,3.19307,0.975,0.820979,2,0.5,6891,813
7704,3842.82,ga_tcheby_proxy,mesh9,8,5,0,"[8-5]",1,20,1.59654,0.975,0.804878,1,0.5,6892,813
7705,3842.92,ga_tcheby_proxy,mesh9,4,1,0,"[4-1]",1,20,1.59654,0.975,0.814493,1,0.5,6893,813
7706,3844.17,ga_tcheby_proxy,mesh9,2,5,0,"[2-5]",1,20,1.59654,0.975,0.823204,1,0.5,6894,813
7707,3845.11,ga_tcheby_proxy,mesh9,1,0,0,"[1-0]",1,22,1.61449,0.97,0.820979,1,0.5,6895,813
7708,3845.37,ga_tcheby_proxy,mesh9,0,7,0,"[0-3-6-7]",3,62,4.80756,0.97,0.823448,3,0.5,6896,813
7709,3845.76,ga_tcheby_proxy,mesh9,1,5,0,"[1-2-5]",2,42,3.21103,0.97,0.823448,2,0.5,6897,813
7710,3846.53,ga_tcheby_proxy,mesh9,7,0,0,"[7-4-3-0]",3,62,4.80756,0.97,0.820979,3,0.5,6898,813
7711,3847.09,ga_tcheby_proxy,mesh9,0,8,0,"[0-1-4-7-8]",4,84,6.42205,0.97,0.823448,4,0.5,6899,813
7712,3848.88,ga_tcheby_proxy,mesh9,0,1,0,"[0-1]",1,22,1.61449,0.97,0.811765,1,0.5,6900,813
7713,3849.37,ga_tcheby_proxy,mesh9,7,1,0,"[7-4-1]",2,40,3.19307,0.975,0.818182,2,0.5,6901,813
7714,3849.96,ga_tcheby_proxy,mesh9,3,6,0,"[3-6]",1,20,1.59654,0.975,0.817664,1,0.5,6902,813
7715,3850.22,ga_tcheby_proxy,mesh9,4,3,0,"[4-3]",1,22,1.61449,0.97,0.821229,1,0.5,6903,813
7716,3850.53,ga_tcheby_proxy,mesh9,2,8,0,"[2-5-8]",2,40,3.19307,0.975,0.823691,2,0.5,6904,813
7717,3851.94,ga_tcheby_proxy,mesh9,0,6,0,"[0-3-6]",2,40,3.19307,0.975,0.823691,2,0.5,6905,813
7718,3852.24,ga_tcheby_proxy,mesh9,5,6,0,"[5-4-7-6]",3,64,4.82552,0.97,0.820477,3,0.5,6906,813
7719,3852.55,ga_tcheby_proxy,mesh9,8,1,0,"[8-5-2-1]",3,62,4.80756,0.97,0.813139,3,0.5,6907,813
7720,3852.58,ga_tcheby_proxy,mesh9,1,6,1,"[]",0,0,0,0,0,0,0.5,6907,814
7721,3852.67,ga_tcheby_proxy,mesh9,0,8,0,"[0-1-4-7-8]",4,84,6.42205,0.97,0.823691,4,0.5,6908,814
7722,3853.8,ga_tcheby_proxy,mesh9,6,8,0,"[6-7-8]",2,44,3.22898,0.97,0.820979,2,0.5,6909,814
7723,3854.31,ga_tcheby_proxy,mesh9,2,0,0,"[2-1-0]",2,44,3.22898,0.97,0.821229,2,0.5,6910,814
7724,3855.12,ga_tcheby_proxy,mesh9,0,1,0,"[0-1]",1,22,1.61449,0.97,0.812317,1,0.5,6911,814
7725,3855.68,ga_tcheby_proxy,mesh9,5,1,0,"[5-2-1]",2,42,3.21103,0.97,0.813683,2,0.5,6912,814
7726,3856.32,ga_tcheby_proxy,mesh9,0,5,0,"[0-1-4-5]",3,64,4.82552,0.97,0.823934,3,0.5,6913,814
7727,3856.33,ga_tcheby_proxy,mesh9,5,8,1,"[]",0,0,0,0,0,0,0.5,6913,815
7728,3857.56,ga_tcheby_proxy,mesh9,2,8,0,"[2-5-8]",2,40,3.19307,0.975,0.823934,2,0.5,6914,815
7729,3858.17,ga_tcheby_proxy,mesh9,0,4,0,"[0-3-4]",2,42,3.21103,0.97,0.823934,2,0.5,6915,815
7730,3858.98,ga_tcheby_proxy,mesh9,6,2,0,"[6-7-4-5-2]",4,84,6.42205,0.97,0.820979,4,0.5,6916,815
7731,3859.07,ga_tcheby_proxy,mesh9,3,1,0,"[3-4-1]",2,42,3.21103,0.97,0.819464,2,0.5,6917,815
7732,3859.39,ga_tcheby_proxy,mesh9,3,4,0,"[3-4]",1,22,1.61449,0.97,0.819718,1,0.5,6918,815
7733,3859.77,ga_tcheby_proxy,mesh9,0,6,0,"[0-3-6]",2,40,3.19307,0.975,0.824176,2,0.5,6919,815
7734,3861.32,ga_tcheby_proxy,mesh9,0,1,0,"[0-1]",1,22,1.61449,0.97,0.812865,1,0.5,6920,815
7735,3861.53,ga_tcheby_proxy,mesh9,2,6,0,"[2-1-4-7-6]",4,84,6.42205,0.97,0.824176,4,0.5,6921,815
7736,3862.46,ga_tcheby_proxy,mesh9,2,0,0,"[2-1-0]",2,44,3.22898,0.97,0.821478,2,0.5,6922,815
7737,3863.74,ga_tcheby_proxy,mesh9,2,6,0,"[2-5-8-7-6]",4,84,6.42205,0.97,0.824176,4,0.5,6923,815
7738,3865.01,ga_tcheby_proxy,mesh9,2,0,0,"[2-1-0]",2,44,3.22898,0.97,0.821727,2,0.5,6924,815
7739,3865.9,ga_tcheby_proxy,mesh9,5,0,0,"[5-4-3-0]",3,64,4.82552,0.97,0.821478,3,0.5,6925,815
7740,3866.76,ga_tcheby_proxy,mesh9,0,5,0,"[0-3-4-5]",3,64,4.82552,0.97,0.824417,3,0.5,6926,815
7741,3868.15,ga_tcheby_proxy,mesh9,2,5,0,"[2-5]",1,20,1.59654,0.975,0.824417,1,0.5,6927,815
7742,3868.32,ga_tcheby_proxy,mesh9,3,4,0,"[3-4]",1,22,1.61449,0.97,0.820225,1,0.5,6928,815
7743,3868.56,ga_tcheby_proxy,mesh9,1,6,0,"[1-4-7-6]",3,62,4.80756,0.97,0.824417,3,0.5,6929,815
7744,3868.69,ga_tcheby_proxy,mesh9,5,4,0,"[5-4]",1,22,1.61449,0.97,0.817143,1,0.5,6930,815
7745,3869.17,ga_tcheby_proxy,mesh9,0,5,0,"[0-3-4-5]",3,64,4.82552,0.97,0.824658,3,0.5,6931,815
7746,3869.57,ga_tcheby_proxy,mesh9,0,8,0,"[0-1-4-7-8]",4,84,6.42205,0.97,0.824658,4,0.5,6932,815
7747,3870.39,ga_tcheby_proxy,mesh9,2,0,0,"[2-1-0]",2,44,3.22898,0.97,0.821975,2,0.5,6933,815
7748,3870.94,ga_tcheby_proxy,mesh9,6,7,0,"[6-7]",1,22,1.61449,0.97,0.821229,1,0.5,6934,815
7749,3871.09,ga_tcheby_proxy,mesh9,8,6,0,"[8-7-6]",2,44,3.22898,0.97,0.816619,2,0.5,6935,815
7750,3871.47,ga_tcheby_proxy,mesh9,1,6,0,"[1-0-3-6]",3,62,4.80756,0.97,0.824897,3,0.5,6936,815
7751,3871.65,ga_tcheby_proxy,mesh9,4,7,0,"[4-7]",1,20,1.59654,0.975,0.821727,1,0.5,6937,815
7752,3871.68,ga_tcheby_proxy,mesh9,0,8,1,"[]",0,0,0,0,0,0,0.5,6937,816
7753,3872.15,ga_tcheby_proxy,mesh9,4,5,0,"[4-5]",1,22,1.61449,0.97,0.821727,1,0.5,6938,816
7754,3873.41,ga_tcheby_proxy,mesh9,0,1,0,"[0-1]",1,22,1.61449,0.97,0.813411,1,0.5,6939,816
7755,3873.53,ga_tcheby_proxy,mesh9,1,5,0,"[1-2-5]",2,42,3.21103,0.97,0.824658,2,0.5,6940,816
7756,3873.75,ga_tcheby_proxy,mesh9,4,3,0,"[4-3]",1,22,1.61449,0.97,0.821727,1,0.5,6941,816
7757,3875.34,ga_tcheby_proxy,mesh9,3,1,0,"[3-0-1]",2,42,3.21103,0.97,0.820728,2,0.5,6942,816
7758,3875.81,ga_tcheby_proxy,mesh9,3,8,0,"[3-6-7-8]",3,64,4.82552,0.97,0.821478,3,0.5,6943,816
7759,3876.24,ga_tcheby_proxy,mesh9,0,8,0,"[0-1-4-7-8]",4,84,6.42205,0.97,0.824897,4,0.5,6944,816
7760,3877.2,ga_tcheby_proxy,mesh9,8,5,0,"[8-5]",1,20,1.59654,0.975,0.805471,1,0.5,6945,816
7761,3877.29,ga_tcheby_proxy,mesh9,4,1,0,"[4-1]",1,20,1.59654,0.975,0.815296,1,0.5,6946,816
7762,3877.54,ga_tcheby_proxy,mesh9,4,7,0,"[4-7]",1,20,1.59654,0.975,0.822222,1,0.5,6947,816
7763,3878.16,ga_tcheby_proxy,mesh9,5,8,0,"[5-8]",1,20,1.59654,0.975,0.821229,1,0.5,6948,816
7764,3878.82,ga_tcheby_proxy,mesh9,4,3,0,"[4-3]",1,22,1.61449,0.97,0.821975,1,0.5,6949,816
7765,3879.03,ga_tcheby_proxy,mesh9,3,1,0,"[3-4-1]",2,42,3.21103,0.97,0.820728,2,0.5,6950,816
7766,3879.57,ga_tcheby_proxy,mesh9,5,2,0,"[5-2]",1,20,1.59654,0.975,0.799687,1,0.5,6951,816
7767,3880.93,ga_tcheby_proxy,mesh9,8,5,0,"[8-5]",1,20,1.59654,0.975,0.805766,1,0.5,6952,816
7768,3882.41,ga_tcheby_proxy,mesh9,6,7,0,"[6-7]",1,22,1.61449,0.97,0.821727,1,0.5,6953,816
7769,3882.7,ga_tcheby_proxy,mesh9,4,0,0,"[4-3-0]",2,42,3.21103,0.97,0.822222,2,0.5,6954,816
7770,3882.79,ga_tcheby_proxy,mesh9,2,6,0,"[2-5-4-7-6]",4,84,6.42205,0.97,0.824897,4,0.5,6955,816
7771,3882.88,ga_tcheby_proxy,mesh9,1,5,0,"[1-4-5]",2,42,3.21103,0.97,0.825137,2,0.5,6956,816
7772,3882.9,ga_tcheby_proxy,mesh9,5,4,1,"[]",0,0,0,0,0,0,0.5,6956,817
7773,3883.72,ga_tcheby_proxy,mesh9,5,4,0,"[5-4]",1,22,1.61449,0.97,0.817664,1,0.5,6957,817
7774,3884.68,ga_tcheby_proxy,mesh9,3,4,0,"[3-4]",1,22,1.61449,0.97,0.820979,1,0.5,6958,817
7775,3885.1,ga_tcheby_proxy,mesh9,0,3,0,"[0-3]",1,20,1.59654,0.975,0.825137,1,0.5,6959,817
7776,3886.66,ga_tcheby_proxy,mesh9,4,8,0,"[4-5-8]",2,42,3.21103,0.97,0.822222,2,0.5,6960,817
7777,3886.88,ga_tcheby_proxy,mesh9,6,5,0,"[6-7-8-5]",3,64,4.82552,0.97,0.821975,3,0.5,6961,817
7778,3887.06,ga_tcheby_proxy,mesh9,0,5,0,"[0-1-2-5]",3,64,4.82552,0.97,0.825137,3,0.5,6962,817
7779,3887.45,ga_tcheby_proxy,mesh9,7,2,0,"[7-4-1-2]",3,62,4.80756,0.97,0.821727,3,0.5,6963,817
7780,3887.62,ga_tcheby_proxy,mesh9,6,7,0,"[6-7]",1,22,1.61449,0.97,0.822222,1,0.5,6964,817
7781,3888.04,ga_tcheby_proxy,mesh9,4,5,0,"[4-5]",1,22,1.61449,0.97,0.822469,1,0.5,6965,817
7782,3888.57,ga_tcheby_proxy,mesh9,1,8,0,"[1-4-7-8]",3,62,4.80756,0.97,0.825375,3,0.5,6966,817
7783,3888.7,ga_tcheby_proxy,mesh9,1,8,0,"[1-2-5-8]",3,62,4.80756,0.97,0.825375,3,0.5,6967,817
7784,3889.31,ga_tcheby_proxy,mesh9,1,2,0,"[1-2]",1,22,1.61449,0.97,0.822222,1,0.5,6968,817
7785,3889.78,ga_tcheby_proxy,mesh9,0,1,0,"[0-1]",1,22,1.61449,0.97,0.814493,1,0.5,6969,817
7786,3892.6,ga_tcheby_proxy,mesh9,8,4,0,"[8-5-4]",2,42,3.21103,0.97,0.817923,2,0.5,6970,817
7787,3892.76,ga_tcheby_proxy,mesh9,8,4,0,"[8-5-4]",2,42,3.21103,0.97,0.818182,2,0.5,6971,817
7788,3894.47,ga_tcheby_proxy,mesh9,6,1,0,"[6-3-0-1]",3,62,4.80756,0.97,0.821229,3,0.5,6972,817
7789,3894.53,ga_tcheby_proxy,mesh9,6,1,1,"[]",0,0,0,0,0,0,0.5,6972,818
7790,3894.8,ga_tcheby_proxy,mesh9,8,6,0,"[8-7-6]",2,44,3.22898,0.97,0.816881,2,0.5,6973,818
7791,3895.25,ga_tcheby_proxy,mesh9,1,2,0,"[1-2]",1,22,1.61449,0.97,0.822469,1,0.5,6974,818
7792,3896.39,ga_tcheby_proxy,mesh9,3,8,0,"[3-6-7-8]",3,64,4.82552,0.97,0.822469,3,0.5,6975,818
7793,3897.81,ga_tcheby_proxy,mesh9,5,8,0,"[5-8]",1,20,1.59654,0.975,0.821975,1,0.5,6976,818
7794,3897.99,ga_tcheby_proxy,mesh9,3,6,0,"[3-6]",1,20,1.59654,0.975,0.819209,1,0.5,6977,818
7795,3898.36,ga_tcheby_proxy,mesh9,1,0,0,"[1-0]",1,22,1.61449,0.97,0.822469,1,0.5,6978,818
7796,3898.71,ga_tcheby_proxy,mesh9,6,7,0,"[6-7]",1,22,1.61449,0.97,0.822715,1,0.5,6979,818
7797,3899.56,ga_tcheby_proxy,mesh9,7,3,0,"[7-6-3]",2,42,3.21103,0.97,0.821478,2,0.5,6980,818
7798,3900.8,ga_tcheby_proxy,mesh9,1,0,0,"[1-0]",1,22,1.61449,0.97,0.822715,1,0.5,6981,818
7799,3901.07,ga_tcheby_proxy,mesh9,4,3,0,"[4-3]",1,22,1.61449,0.97,0.822469,1,0.5,6982,818
7800,3901.32,ga_tcheby_proxy,mesh9,0,5,0,"[0-3-4-5]",3,64,4.82552,0.97,0.825375,3,0.5,6983,818
7801,3901.76,ga_tcheby_proxy,mesh9,1,0,0,"[1-0]",1,22,1.61449,0.97,0.82296,1,0.5,6984,818
7802,3902.17,ga_tcheby_proxy,mesh9,2,0,0,"[2-1-0]",2,44,3.22898,0.97,0.823204,2,0.5,6985,818
7803,3902.5,ga_tcheby_proxy,mesh9,5,4,0,"[5-4]",1,22,1.61449,0.97,0.81844,1,0.5,6986,818
7804,3903.18,ga_tcheby_proxy,mesh9,1,8,0,"[1-4-7-8]",3,62,4.80756,0.97,0.825613,3,0.5,6987,818
7805,3903.92,ga_tcheby_proxy,mesh9,2,7,0,"[2-5-4-7]",3,62,4.80756,0.97,0.825613,3,0.5,6988,818
7806,3904.15,ga_tcheby_proxy,mesh9,7,0,0,"[7-6-3-0]",3,62,4.80756,0.97,0.821727,3,0.5,6989,818
7807,3904.42,ga_tcheby_proxy,mesh9,1,3,0,"[1-0-3]",2,42,3.21103,0.97,0.825613,2,0.5,6990,818
7808,3904.86,ga_tcheby_proxy,mesh9,0,5,0,"[0-1-2-5]",3,64,4.82552,0.97,0.82585,3,0.5,6991,818
7809,3905.5,ga_tcheby_proxy,mesh9,8,6,0,"[8-7-6]",2,44,3.22898,0.97,0.817143,2,0.5,6992,818
7810,3905.92,ga_tcheby_proxy,mesh9,2,5,0,"[2-5]",1,20,1.59654,0.975,0.826087,1,0.5,6993,818
7811,3906.01,ga_tcheby_proxy,mesh9,3,2,0,"[3-4-1-2]",3,64,4.82552,0.97,0.82296,3,0.5,6994,818
7812,3906.4,ga_tcheby_proxy,mesh9,6,8,0,"[6-7-8]",2,44,3.22898,0.97,0.82296,2,0.5,6995,818
7813,3906.57,ga_tcheby_proxy,mesh9,3,5,0,"[3-4-5]",2,44,3.22898,0.97,0.82296,2,0.5,6996,818
7814,3907.04,ga_tcheby_proxy,mesh9,6,2,0,"[6-3-0-1-2]",4,84,6.42205,0.97,0.823204,4,0.5,6997,818
7815,3907.68,ga_tcheby_proxy,mesh9,2,1,0,"[2-1]",1,22,1.61449,0.97,0.815296,1,0.5,6998,818
7816,3908.61,ga_tcheby_proxy,mesh9,4,8,0,"[4-5-8]",2,42,3.21103,0.97,0.823204,2,0.5,6999,818
7817,3908.93,ga_tcheby_proxy,mesh9,5,1,0,"[5-2-1]",2,42,3.21103,0.97,0.815562,2,0.5,7000,818
7818,3909.37,ga_tcheby_proxy,mesh9,0,7,0,"[0-1-4-7]",3,62,4.80756,0.97,0.82585,3,0.5,7001,818
7819,3909.56,ga_tcheby_proxy,mesh9,7,8,0,"[7-8]",1,22,1.61449,0.97,0.823204,1,0.5,7002,818
7820,3910.4,ga_tcheby_proxy,mesh9,4,0,0,"[4-3-0]",2,42,3.21103,0.97,0.822715,2,0.5,7003,818
7821,3910.57,ga_tcheby_proxy,mesh9,3,7,0,"[3-6-7]",2,42,3.21103,0.97,0.823204,2,0.5,7004,818
7822,3910.75,ga_tcheby_proxy,mesh9,6,7,0,"[6-7]",1,22,1.61449,0.97,0.823448,1,0.5,7005,818
7823,3911.06,ga_tcheby_proxy,mesh9,5,2,0,"[5-2]",1,20,1.59654,0.975,0.800312,1,0.5,7006,818
7824,3911.42,ga_tcheby_proxy,mesh9,1,4,0,"[1-4]",1,20,1.59654,0.975,0.826087,1,0.5,7007,818
7825,3911.5,ga_tcheby_proxy,mesh9,4,3,0,"[4-3]",1,22,1.61449,0.97,0.82296,1,0.5,7008,818
7826,3911.56,ga_tcheby_proxy,mesh9,0,6,1,"[]",0,0,0,0,0,0,0.5,7008,819
7827,3911.87,ga_tcheby_proxy,mesh9,6,0,0,"[6-3-0]",2,40,3.19307,0.975,0.822222,2,0.5,7009,819
7828,3912.29,ga_tcheby_proxy,mesh9,0,3,0,"[0-3]",1,20,1.59654,0.975,0.82585,1,0.5,7010,819
7829,3912.45,ga_tcheby_proxy,mesh9,6,0,0,"[6-3-0]",2,40,3.19307,0.975,0.822469,2,0.5,7011,819
7830,3912.59,ga_tcheby_proxy,mesh9,0,1,0,"[0-1]",1,22,1.61449,0.97,0.815827,1,0.5,7012,819
7831,3913.13,ga_tcheby_proxy,mesh9,3,6,0,"[3-6]",1,20,1.59654,0.975,0.819718,1,0.5,7013,819
7832,3913.6,ga_tcheby_proxy,mesh9,5,6,0,"[5-8-7-6]",3,64,4.82552,0.97,0.822469,3,0.5,7014,819
7833,3914.31,ga_tcheby_proxy,mesh9,5,0,0,"[5-4-3-0]",3,64,4.82552,0.97,0.823204,3,0.5,7015,819
7834,3916.49,ga_tcheby_proxy,mesh9,0,1,0,"[0-1]",1,22,1.61449,0.97,0.816092,1,0.5,7016,819
7835,3916.79,ga_tcheby_proxy,mesh9,6,8,0,"[6-7-8]",2,44,3.22898,0.97,0.823691,2,0.5,7017,819
7836,3916.92,ga_tcheby_proxy,mesh9,5,3,0,"[5-4-3]",2,44,3.22898,0.97,0.823448,2,0.5,7018,819
7837,3917.4,ga_tcheby_proxy,mesh9,1,4,0,"[1-4]",1,20,1.59654,0.975,0.826323,1,0.5,7019,819
7838,3917.52,ga_tcheby_proxy,mesh9,0,5,0,"[0-3-4-5]",3,64,4.82552,0.97,0.826087,3,0.5,7020,819
7839,3917.66,ga_tcheby_proxy,mesh9,6,3,0,"[6-3]",1,20,1.59654,0.975,0.822715,1,0.5,7021,819
7840,3918.12,ga_tcheby_proxy,mesh9,3,7,0,"[3-4-7]",2,42,3.21103,0.97,0.823691,2,0.5,7022,819
7841,3918.35,ga_tcheby_proxy,mesh9,7,5,0,"[7-8-5]",2,42,3.21103,0.97,0.823691,2,0.5,7023,819
7842,3918.58,ga_tcheby_proxy,mesh9,1,3,0,"[1-0-3]",2,42,3.21103,0.97,0.826323,2,0.5,7024,819
7843,3918.59,ga_tcheby_proxy,mesh9,7,3,1,"[]",0,0,0,0,0,0,0.5,7024,820
7844,3919.55,ga_tcheby_proxy,mesh9,8,0,0,"[8-7-6-3-0]",4,84,6.42205,0.97,0.82296,4,0.5,7025,820
7845,3919.57,ga_tcheby_proxy,mesh9,4,5,1,"[]",0,0,0,0,0,0,0.5,7025,821
7846,3920.46,ga_tcheby_proxy,mesh9,8,2,0,"[8-5-2]",2,40,3.19307,0.975,0.807229,2,0.5,7026,821
7847,3921.08,ga_tcheby_proxy,mesh9,2,6,0,"[2-5-4-7-6]",4,84,6.42205,0.97,0.826323,4,0.5,7027,821
7848,3922.46,ga_tcheby_proxy,mesh9,7,4,0,"[7-4]",1,20,1.59654,0.975,0.818953,1,0.5,7028,821
7849,3922.93,ga_tcheby_proxy,mesh9,7,6,0,"[7-6]",1,22,1.61449,0.97,0.816619,1,0.5,7029,821
7850,3923.83,ga_tcheby_proxy,mesh9,2,8,0,"[2-5-8]",2,40,3.19307,0.975,0.826558,2,0.5,7030,821
7851,3924.16,ga_tcheby_proxy,mesh9,7,4,0,"[7-4]",1,20,1.59654,0.975,0.819209,1,0.5,7031,821
7852,3924.66,ga_tcheby_proxy,mesh9,8,1,0,"[8-5-2-1]",3,62,4.80756,0.97,0.815827,3,0.5,7032,821
7853,3924.72,ga_tcheby_proxy,mesh9,3,5,1,"[]",0,0,0,0,0,0,0.5,7032,822
7854,3924.85,ga_tcheby_proxy,mesh9,4,7,0,"[4-7]",1,20,1.59654,0.975,0.824176,1,0.5,7033,822
7855,3927.76,ga_tcheby_proxy,mesh9,8,6,0,"[8-7-6]",2,44,3.22898,0.97,0.817923,2,0.5,7034,822
7856,3928.21,ga_tcheby_proxy,mesh9,5,0,0,"[5-4-3-0]",3,64,4.82552,0.97,0.823691,3,0.5,7035,822
7857,3928.22,ga_tcheby_proxy,mesh9,5,3,1,"[]",0,0,0,0,0,0,0.5,7035,823
7858,3929.95,ga_tcheby_proxy,mesh9,0,4,0,"[0-1-4]",2,42,3.21103,0.97,0.826558,2,0.5,7036,823
7859,3929.97,ga_tcheby_proxy,mesh9,1,3,1,"[]",0,0,0,0,0,0,0.5,7036,824
7860,3930.27,ga_tcheby_proxy,mesh9,8,3,0,"[8-7-6-3]",3,64,4.82552,0.97,0.823204,3,0.5,7037,824
7861,3930.4,ga_tcheby_proxy,mesh9,4,2,0,"[4-1-2]",2,42,3.21103,0.97,0.823448,2,0.5,7038,824
7862,3930.98,ga_tcheby_proxy,mesh9,3,7,0,"[3-6-7]",2,42,3.21103,0.97,0.823934,2,0.5,7039,824
7863,3931.04,ga_tcheby_proxy,mesh9,5,0,1,"[]",0,0,0,0,0,0,0.5,7039,825
7864,3931.73,ga_tcheby_proxy,mesh9,4,0,0,"[4-1-0]",2,42,3.21103,0.97,0.823934,2,0.5,7040,825
7865,3933.39,ga_tcheby_proxy,mesh9,7,0,0,"[7-6-3-0]",3,62,4.80756,0.97,0.823448,3,0.5,7041,825
7866,3933.71,ga_tcheby_proxy,mesh9,4,3,0,"[4-3]",1,22,1.61449,0.97,0.823934,1,0.5,7042,825
7867,3933.98,ga_tcheby_proxy,mesh9,6,4,0,"[6-3-4]",2,42,3.21103,0.97,0.823691,2,0.5,7043,825
7868,3934.58,ga_tcheby_proxy,mesh9,3,1,0,"[3-4-1]",2,42,3.21103,0.97,0.822715,2,0.5,7044,825
7869,3935.18,ga_tcheby_proxy,mesh9,2,4,0,"[2-1-4]",2,42,3.21103,0.97,0.826793,2,0.5,7045,825
7870,3935.92,ga_tcheby_proxy,mesh9,8,4,0,"[8-7-4]",2,42,3.21103,0.97,0.819464,2,0.5,7046,825
7871,3936.8,ga_tcheby_proxy,mesh9,4,5,0,"[4-5]",1,22,1.61449,0.97,0.823691,1,0.5,7047,825
7872,3937.31,ga_tcheby_proxy,mesh9,6,8,0,"[6-7-8]",2,44,3.22898,0.97,0.824176,2,0.5,7048,825
7873,3937.51,ga_tcheby_proxy,mesh9,5,7,0,"[5-8-7]",2,42,3.21103,0.97,0.82296,2,0.5,7049,825
7874,3938.43,ga_tcheby_proxy,mesh9,1,7,0,"[1-4-7]",2,40,3.19307,0.975,0.827027,2,0.5,7050,825
7875,3938.77,ga_tcheby_proxy,mesh9,5,4,0,"[5-4]",1,22,1.61449,0.97,0.819972,1,0.5,7051,825
7876,3938.9,ga_tcheby_proxy,mesh9,0,7,0,"[0-3-4-7]",3,62,4.80756,0.97,0.826558,3,0.5,7052,825
7877,3939.72,ga_tcheby_proxy,mesh9,3,0,0,"[3-0]",1,20,1.59654,0.975,0.823691,1,0.5,7053,825
7878,3940.19,ga_tcheby_proxy,mesh9,5,2,0,"[5-2]",1,20,1.59654,0.975,0.801242,1,0.5,7054,825
7879,3940.48,ga_tcheby_proxy,mesh9,3,5,0,"[3-4-5]",2,44,3.22898,0.97,0.823934,2,0.5,7055,825
7880,3940.64,ga_tcheby_proxy,mesh9,3,4,0,"[3-4]",1,22,1.61449,0.97,0.823448,1,0.5,7056,825
7881,3941.52,ga_tcheby_proxy,mesh9,3,0,0,"[3-0]",1,20,1.59654,0.975,0.823934,1,0.5,7057,825
7882,3942,ga_tcheby_proxy,mesh9,3,7,0,"[3-6-7]",2,42,3.21103,0.97,0.824417,2,0.5,7058,825
7883,3942.05,ga_tcheby_proxy,mesh9,7,6,1,"[]",0,0,0,0,0,0,0.5,7058,826
7884,3942.2,ga_tcheby_proxy,mesh9,6,4,0,"[6-3-4]",2,42,3.21103,0.97,0.823934,2,0.5,7059,826
7885,3942.4,ga_tcheby_proxy,mesh9,4,6,0,"[4-3-6]",2,42,3.21103,0.97,0.824176,2,0.5,7060,826
7886,3942.48,ga_tcheby_proxy,mesh9,0,6,0,"[0-3-6]",2,40,3.2804,0.922626,0.826793,2,0.5,7061,826
7887,3942.48,ga_tcheby_proxy,mesh9,6,2,1,"[]",0,0,0,0,0,0,0.5,7061,827
7888,3943.86,ga_tcheby_proxy,mesh9,1,3,0,"[1-0-3]",2,42,3.21103,0.97,0.827027,2,0.5,7062,827
7889,3944.01,ga_tcheby_proxy,mesh9,2,1,0,"[2-1]",1,22,1.61449,0.97,0.816356,1,0.5,7063,827
7890,3944.27,ga_tcheby_proxy,mesh9,4,5,0,"[4-5]",1,22,1.61449,0.97,0.824176,1,0.5,7064,827
7891,3944.67,ga_tcheby_proxy,mesh9,0,1,0,"[0-1]",1,22,1.61449,0.97,0.816619,1,0.5,7065,827
7892,3944.83,ga_tcheby_proxy,mesh9,0,1,0,"[0-1]",1,22,1.61449,0.97,0.816881,1,0.5,7066,827
7893,3945.18,ga_tcheby_proxy,mesh9,8,3,0,"[8-7-6-3]",3,64,4.82552,0.97,0.824176,3,0.5,7067,827
7894,3945.3,ga_tcheby_proxy,mesh9,1,4,0,"[1-4]",1,20,1.59654,0.975,0.82726,1,0.5,7068,827
7895,3945.35,ga_tcheby_proxy,mesh9,2,6,1,"[]",0,0,0,0,0,0,0.5,7068,828
7896,3945.97,ga_tcheby_proxy,mesh9,2,0,0,"[2-1-0]",2,44,3.22898,0.97,0.824417,2,0.5,7069,828
7897,3946.81,ga_tcheby_proxy,mesh9,7,4,0,"[7-4]",1,20,1.59654,0.975,0.819718,1,0.5,7070,828
7898,3947.4,ga_tcheby_proxy,mesh9,5,0,0,"[5-4-3-0]",3,64,4.82552,0.97,0.824417,3,0.5,7071,828
7899,3947.95,ga_tcheby_proxy,mesh9,0,1,0,"[0-1]",1,22,1.61449,0.97,0.817143,1,0.5,7072,828
7900,3948.43,ga_tcheby_proxy,mesh9,3,8,0,"[3-4-5-8]",3,64,4.82552,0.97,0.824417,3,0.5,7073,828
7901,3948.43,ga_tcheby_proxy,mesh9,1,2,0,"[1-2]",1,22,1.67144,0.93558,0.824828,1,0.5,7074,828
7902,3948.82,ga_tcheby_proxy,mesh9,4,7,0,"[4-7]",1,20,1.59654,0.975,0.824897,1,0.5,7075,828
7903,3949.28,ga_tcheby_proxy,mesh9,2,1,0,"[2-1]",1,22,1.61449,0.97,0.816881,1,0.5,7076,828
7904,3950.21,ga_tcheby_proxy,mesh9,1,8,0,"[1-2-5-8]",3,62,4.80756,0.97,0.826793,3,0.5,7077,828
7905,3952.17,ga_tcheby_proxy,mesh9,4,2,0,"[4-1-2]",2,42,3.21103,0.97,0.824176,2,0.5,7078,828
7906,3952.22,ga_tcheby_proxy,mesh9,8,6,1,"[]",0,0,0,0,0,0,0.5,7078,829
7907,3952.47,ga_tcheby_proxy,mesh9,6,7,0,"[6-7]",1,22,1.61449,0.97,0.824658,1,0.5,7079,829
7908,3952.6,ga_tcheby_proxy,mesh9,3,2,0,"[3-4-1-2]",3,64,4.82552,0.97,0.824417,3,0.5,7080,829
7909,3952.93,ga_tcheby_proxy,mesh9,3,2,0,"[3-0-1-2]",3,64,4.82552,0.97,0.824658,3,0.5,7081,829
7910,3953.2,ga_tcheby_proxy,mesh9,5,6,0,"[5-8-7-6]",3,64,4.82552,0.97,0.823691,3,0.5,7082,829
7911,3953.26,ga_tcheby_proxy,mesh9,7,3,0,"[7-4-3]",2,42,3.35366,0.929377,0.824658,2,0.5,7083,829
7912,3953.27,ga_tcheby_proxy,mesh9,6,2,1,"[]",0,0,0,0,0,0,0.5,7083,830
7913,3953.38,ga_tcheby_proxy,mesh9,0,7,0,"[0-3-4-7]",3,62,4.80756,0.97,0.82726,3,0.5,7084,830
7914,3954.01,ga_tcheby_proxy,mesh9,4,5,0,"[4-5]",1,22,1.61449,0.97,0.824658,1,0.5,7085,830
7915,3954.17,ga_tcheby_proxy,mesh9,0,2,0,"[0-1-2]",2,44,3.22898,0.97,0.824897,2,0.5,7086,830
7916,3954.4,ga_tcheby_proxy,mesh9,7,6,0,"[7-6]",1,22,1.61449,0.97,0.818182,1,0.5,7087,830
7917,3954.72,ga_tcheby_proxy,mesh9,1,0,0,"[1-0]",1,22,1.61449,0.97,0.824658,1,0.5,7088,830
7918,3955.28,ga_tcheby_proxy,mesh9,8,0,0,"[8-7-6-3-0]",4,84,6.42205,0.97,0.824658,4,0.5,7089,830
7919,3955.73,ga_tcheby_proxy,mesh9,7,2,0,"[7-8-5-2]",3,62,4.80756,0.97,0.824176,3,0.5,7090,830
7920,3956.22,ga_tcheby_proxy,mesh9,6,3,0,"[6-3]",1,20,1.59654,0.975,0.824658,1,0.5,7091,830
7921,3956.33,ga_tcheby_proxy,mesh9,0,2,0,"[0-1-2]",2,44,3.22898,0.97,0.825137,2,0.5,7092,830
7922,3956.88,ga_tcheby_proxy,mesh9,1,5,0,"[1-2-5]",2,42,3.21103,0.97,0.827027,2,0.5,7093,830
7923,3957.8,ga_tcheby_proxy,mesh9,8,0,0,"[8-5-2-1-0]",4,84,6.42205,0.97,0.824897,4,0.5,7094,830
7924,3957.85,ga_tcheby_proxy,mesh9,3,2,1,"[]",0,0,0,0,0,0,0.5,7094,831
7925,3957.89,ga_tcheby_proxy,mesh9,5,8,1,"[]",0,0,0,0,0,0,0.5,7094,832
7926,3959.33,ga_tcheby_proxy,mesh9,3,5,0,"[3-4-5]",2,44,3.22898,0.97,0.824897,2,0.5,7095,832
7927,3959.71,ga_tcheby_proxy,mesh9,6,7,0,"[6-7]",1,22,1.61449,0.97,0.824897,1,0.5,7096,832
7928,3959.77,ga_tcheby_proxy,mesh9,0,7,1,"[]",0,0,0,0,0,0,0.5,7096,833
7929,3959.95,ga_tcheby_proxy,mesh9,2,8,0,"[2-5-8]",2,40,3.19307,0.975,0.82726,2,0.5,7097,833
7930,3961.28,ga_tcheby_proxy,mesh9,3,4,0,"[3-4]",1,22,1.61449,0.97,0.824897,1,0.5,7098,833
7931,3962.98,ga_tcheby_proxy,mesh9,2,8,0,"[2-5-8]",2,40,3.19307,0.975,0.827493,2,0.5,7099,833
7932,3963.15,ga_tcheby_proxy,mesh9,7,4,0,"[7-4]",1,20,1.59654,0.975,0.820225,1,0.5,7100,833
7933,3963.37,ga_tcheby_proxy,mesh9,0,1,0,"[0-1]",1,22,1.61449,0.97,0.818182,1,0.5,7101,833
7934,3963.38,ga_tcheby_proxy,mesh9,1,4,1,"[]",0,0,0,0,0,0,0.5,7101,834
7935,3964.18,ga_tcheby_proxy,mesh9,6,1,0,"[6-3-0-1]",3,62,4.80756,0.97,0.824897,3,0.5,7102,834
7936,3964.44,ga_tcheby_proxy,mesh9,3,7,0,"[3-6-7]",2,42,3.21103,0.97,0.825137,2,0.5,7103,834
7937,3964.79,ga_tcheby_proxy,mesh9,1,8,0,"[1-4-5-8]",3,62,4.80756,0.97,0.827493,3,0.5,7104,834
7938,3964.87,ga_tcheby_proxy,mesh9,5,0,0,"[5-2-1-0]",3,64,4.82552,0.97,0.825137,3,0.5,7105,834
7939,3965.61,ga_tcheby_proxy,mesh9,7,5,0,"[7-8-5]",2,42,3.21103,0.97,0.824417,2,0.5,7106,834
7940,3966.32,ga_tcheby_proxy,mesh9,1,0,0,"[1-0]",1,22,1.61449,0.97,0.825375,1,0.5,7107,834
7941,3966.54,ga_tcheby_proxy,mesh9,6,2,0,"[6-3-4-5-2]",4,84,6.42205,0.97,0.825375,4,0.5,7108,834
7942,3967.21,ga_tcheby_proxy,mesh9,1,5,0,"[1-2-5]",2,42,3.21103,0.97,0.827725,2,0.5,7109,834
7943,3967.88,ga_tcheby_proxy,mesh9,2,0,0,"[2-1-0]",2,44,3.22898,0.97,0.825613,2,0.5,7110,834
7944,3968.08,ga_tcheby_proxy,mesh9,3,8,0,"[3-6-7-8]",3,64,4.82552,0.97,0.825375,3,0.5,7111,834
7945,3968.14,ga_tcheby_proxy,mesh9,2,8,1,"[]",0,0,0,0,0,0,0.5,7111,835
7946,3968.51,ga_tcheby_proxy,mesh9,8,7,0,"[8-7]",1,22,1.61449,0.97,0.819718,1,0.5,7112,835
7947,3969.98,ga_tcheby_proxy,mesh9,2,0,0,"[2-1-0]",2,44,3.22898,0.97,0.82585,2,0.5,7113,835
7948,3970.09,ga_tcheby_proxy,mesh9,0,2,0,"[0-1-2]",2,44,3.22898,0.97,0.82585,2,0.5,7114,835
7949,3970.13,ga_tcheby_proxy,mesh9,1,6,1,"[]",0,0,0,0,0,0,0.5,7114,836
7950,3970.96,ga_tcheby_proxy,mesh9,8,6,0,"[8-7-6]",2,44,3.22898,0.97,0.819972,2,0.5,7115,836
7951,3971.01,ga_tcheby_proxy,mesh9,8,0,1,"[]",0,0,0,0,0,0,0.5,7115,837
7952,3972.21,ga_tcheby_proxy,mesh9,8,6,0,"[8-7-6]",2,44,3.22898,0.97,0.820225,2,0.5,7116,837
7953,3972.23,ga_tcheby_proxy,mesh9,7,8,1,"[]",0,0,0,0,0,0,0.5,7116,838
7954,3972.71,ga_tcheby_proxy,mesh9,3,6,0,"[3-6]",1,20,1.59654,0.975,0.821478,1,0.5,7117,838
7955,3972.75,ga_tcheby_proxy,mesh9,0,5,1,"[]",0,0,0,0,0,0,0.5,7117,839
7956,3973.53,ga_tcheby_proxy,mesh9,6,0,0,"[6-3-0]",2,40,3.19307,0.975,0.825375,2,0.5,7118,839
7957,3974.47,ga_tcheby_proxy,mesh9,7,1,0,"[7-4-1]",2,40,3.19307,0.975,0.820477,2,0.5,7119,839
7958,3975.81,ga_tcheby_proxy,mesh9,0,7,0,"[0-3-4-7]",3,62,4.80756,0.97,0.827493,3,0.5,7120,839
7959,3976.05,ga_tcheby_proxy,mesh9,0,4,0,"[0-3-4]",2,42,3.21103,0.97,0.827725,2,0.5,7121,839
7960,3977.05,ga_tcheby_proxy,mesh9,7,0,0,"[7-4-3-0]",3,62,4.80756,0.97,0.825375,3,0.5,7122,839
7961,3977.3,ga_tcheby_proxy,mesh9,0,4,0,"[0-1-4]",2,42,3.21103,0.97,0.827725,2,0.5,7123,839
7962,3977.63,ga_tcheby_proxy,mesh9,0,1,0,"[0-1]",1,22,1.61449,0.97,0.819209,1,0.5,7124,839
7963,3977.64,ga_tcheby_proxy,mesh9,7,0,1,"[]",0,0,0,0,0,0,0.5,7124,840
7964,3977.64,ga_tcheby_proxy,mesh9,7,0,1,"[]",0,0,0,0,0,0,0.5,7124,841
7965,3977.78,ga_tcheby_proxy,mesh9,3,8,0,"[3-6-7-8]",3,64,4.82552,0.97,0.825613,3,0.5,7125,841
7966,3977.92,ga_tcheby_proxy,mesh9,3,6,0,"[3-6]",1,20,1.59654,0.975,0.821975,1,0.5,7126,841
7967,3979.61,ga_tcheby_proxy,mesh9,2,4,0,"[2-5-4]",2,42,3.21103,0.97,0.827957,2,0.5,7127,841
7968,3979.64,ga_tcheby_proxy,mesh9,2,6,1,"[]",0,0,0,0,0,0,0.5,7127,842
7969,3979.87,ga_tcheby_proxy,mesh9,8,3,0,"[8-5-4-3]",3,64,4.82552,0.97,0.825137,3,0.5,7128,842
7970,3980.05,ga_tcheby_proxy,mesh9,1,0,0,"[1-0]",1,22,1.61449,0.97,0.826087,1,0.5,7129,842
7971,3980.63,ga_tcheby_proxy,mesh9,7,3,0,"[7-4-3]",2,42,3.21103,0.97,0.825375,2,0.5,7130,842
7972,3980.79,ga_tcheby_proxy,mesh9,2,0,0,"[2-1-0]",2,44,3.22898,0.97,0.826323,2,0.5,7131,842
7973,3981.44,ga_tcheby_proxy,mesh9,4,6,0,"[4-3-6]",2,42,3.21103,0.97,0.825613,2,0.5,7132,842
7974,3982.12,ga_tcheby_proxy,mesh9,6,3,0,"[6-3]",1,20,1.59654,0.975,0.825613,1,0.5,7133,842
7975,3982.43,ga_tcheby_proxy,mesh9,7,8,0,"[7-8]",1,22,1.61449,0.97,0.825137,1,0.5,7134,842
7976,3982.55,ga_tcheby_proxy,mesh9,3,6,0,"[3-6]",1,20,1.59654,0.975,0.822469,1,0.5,7135,842
7977,3982.81,ga_tcheby_proxy,mesh9,0,3,0,"[0-3]",1,20,1.59654,0.975,0.827957,1,0.5,7136,842
7978,3983.28,ga_tcheby_proxy,mesh9,8,1,0,"[8-5-2-1]",3,62,4.80756,0.97,0.81844,3,0.5,7137,842
7979,3983.58,ga_tcheby_proxy,mesh9,6,0,0,"[6-3-0]",2,40,3.19307,0.975,0.82585,2,0.5,7138,842
7980,3984.18,ga_tcheby_proxy,mesh9,0,3,0,"[0-3]",1,20,1.59654,0.975,0.828188,1,0.5,7139,842
7981,3984.4,ga_tcheby_proxy,mesh9,2,5,0,"[2-5]",1,20,1.59654,0.975,0.828188,1,0.5,7140,842
7982,3984.68,ga_tcheby_proxy,mesh9,0,1,0,"[0-1]",1,22,1.61449,0.97,0.819464,1,0.5,7141,842
7983,3986.75,ga_tcheby_proxy,mesh9,6,8,0,"[6-7-8]",2,44,3.22898,0.97,0.82585,2,0.5,7142,842
7984,3987.24,ga_tcheby_proxy,mesh9,1,0,0,"[1-0]",1,22,1.61449,0.97,0.826558,1,0.5,7143,842
7985,3987.39,ga_tcheby_proxy,mesh9,4,3,0,"[4-3]",1,22,1.61449,0.97,0.82585,1,0.5,7144,842
7986,3987.83,ga_tcheby_proxy,mesh9,5,3,0,"[5-4-3]",2,44,3.22898,0.97,0.826087,2,0.5,7145,842
7987,3987.92,ga_tcheby_proxy,mesh9,4,5,0,"[4-5]",1,22,1.61449,0.97,0.825613,1,0.5,7146,842
7988,3988.21,ga_tcheby_proxy,mesh9,6,4,0,"[6-3-4]",2,42,3.21103,0.97,0.826087,2,0.5,7147,842
7989,3988.88,ga_tcheby_proxy,mesh9,5,8,0,"[5-8]",1,20,1.59654,0.975,0.824658,1,0.5,7148,842
7990,3989.8,ga_tcheby_proxy,mesh9,2,7,0,"[2-1-4-7]",3,62,4.80756,0.97,0.827957,3,0.5,7149,842
7991,3989.85,ga_tcheby_proxy,mesh9,4,6,1,"[]",0,0,0,0,0,0,0.5,7149,843
7992,3991.15,ga_tcheby_proxy,mesh9,2,5,0,"[2-5]",1,20,1.59654,0.975,0.828418,1,0.5,7150,843
7993,3991.45,ga_tcheby_proxy,mesh9,6,0,0,"[6-3-0]",2,40,3.19307,0.975,0.826323,2,0.5,7151,843
7994,3992.14,ga_tcheby_proxy,mesh9,2,4,0,"[2-1-4]",2,42,3.21103,0.97,0.828188,2,0.5,7152,843
7995,3992.65,ga_tcheby_proxy,mesh9,2,8,0,"[2-5-8]",2,40,3.19307,0.975,0.828648,2,0.5,7153,843
7996,3992.78,ga_tcheby_proxy,mesh9,2,6,0,"[2-1-4-7-6]",4,84,6.42205,0.97,0.828418,4,0.5,7154,843
7997,3993.06,ga_tcheby_proxy,mesh9,6,3,0,"[6-3]",1,20,1.59654,0.975,0.826558,1,0.5,7155,843
7998,3993.33,ga_tcheby_proxy,mesh9,2,0,0,"[2-1-0]",2,44,3.22898,0.97,0.826793,2,0.5,7156,843
7999,3994.07,ga_tcheby_proxy,mesh9,1,6,0,"[1-0-3-6]",3,62,4.80756,0.97,0.828418,3,0.5,7157,843
8000,3994.17,ga_tcheby_proxy,mesh9,5,8,0,"[5-8]",1,20,1.59654,0.975,0.825137,1,0.5,7158,843
8001,3994.65,ga_tcheby_proxy,mesh9,7,8,0,"[7-8]",1,22,1.61449,0.97,0.825613,1,0.5,7159,843
8002,3995.36,ga_tcheby_proxy,mesh9,2,4,0,"[2-1-4]",2,42,3.21103,0.97,0.828648,2,0.5,7160,843
8003,3996.96,ga_tcheby_proxy,mesh9,3,1,0,"[3-4-1]",2,42,3.21103,0.97,0.826087,2,0.5,7161,843
8004,3998,ga_tcheby_proxy,mesh9,6,1,0,"[6-7-4-1]",3,62,4.80756,0.97,0.826087,3,0.5,7162,843
8005,3998.58,ga_tcheby_proxy,mesh9,5,7,0,"[5-8-7]",2,42,3.21103,0.97,0.825375,2,0.5,7163,843
8006,3999.29,ga_tcheby_proxy,mesh9,4,2,0,"[4-5-2]",2,42,3.21103,0.97,0.82585,2,0.5,7164,843
8007,3999.39,ga_tcheby_proxy,mesh9,0,6,0,"[0-3-6]",2,40,3.19307,0.975,0.828648,2,0.5,7165,843
8008,3999.41,ga_tcheby_proxy,mesh9,0,7,1,"[]",0,0,0,0,0,0,0.5,7165,844
8009,4000.75,ga_tcheby_proxy,mesh9,8,0,0,"[8-5-4-3-0]",4,84,6.42205,0.97,0.826323,4,0.5,7166,844
8010,4000.82,ga_tcheby_proxy,mesh9,5,8,0,"[5-8]",1,20,1.69112,0.918528,0.825613,1,0.5,7167,844
8011,4001.14,ga_tcheby_proxy,mesh9,8,6,0,"[8-7-6]",2,44,3.22898,0.97,0.820728,2,0.5,7168,844
8012,4001.23,ga_tcheby_proxy,mesh9,8,1,0,"[8-5-2-1]",3,62,4.80756,0.97,0.819972,3,0.5,7169,844
8013,4001.94,ga_tcheby_proxy,mesh9,3,4,0,"[3-4]",1,22,1.61449,0.97,0.826323,1,0.5,7170,844
8014,4002.56,ga_tcheby_proxy,mesh9,3,2,0,"[3-0-1-2]",3,64,4.82552,0.97,0.826323,3,0.5,7171,844
8015,4002.6,ga_tcheby_proxy,mesh9,7,2,1,"[]",0,0,0,0,0,0,0.5,7171,845
8016,4002.92,ga_tcheby_proxy,mesh9,6,5,0,"[6-7-8-5]",3,64,4.82552,0.97,0.826323,3,0.5,7172,845
8017,4002.95,ga_tcheby_proxy,mesh9,4,2,1,"[]",0,0,0,0,0,0,0.5,7172,846
8018,4003.12,ga_tcheby_proxy,mesh9,2,8,0,"[2-5-8]",2,40,3.19307,0.975,0.828877,2,0.5,7173,846
8019,4003.72,ga_tcheby_proxy,mesh9,2,5,0,"[2-5]",1,20,1.59654,0.975,0.829105,1,0.5,7174,846
8020,4004.63,ga_tcheby_proxy,mesh9,0,4,0,"[0-1-4]",2,42,3.21103,0.97,0.828877,2,0.5,7175,846
8021,4004.81,ga_tcheby_proxy,mesh9,2,1,0,"[2-1]",1,22,1.61449,0.97,0.820225,1,0.5,7176,846
8022,4006.49,ga_tcheby_proxy,mesh9,7,1,0,"[7-4-1]",2,40,3.19307,0.975,0.821478,2,0.5,7177,846
8023,4007.55,ga_tcheby_proxy,mesh9,5,6,0,"[5-8-7-6]",3,64,4.82552,0.97,0.826087,3,0.5,7178,846
8024,4007.59,ga_tcheby_proxy,mesh9,3,6,1,"[]",0,0,0,0,0,0,0.5,7178,847
8025,4007.84,ga_tcheby_proxy,mesh9,5,0,0,"[5-4-3-0]",3,64,4.82552,0.97,0.826558,3,0.5,7179,847
8026,4008.25,ga_tcheby_proxy,mesh9,5,6,0,"[5-4-7-6]",3,64,4.82552,0.97,0.826087,3,0.5,7180,847
8027,4009.16,ga_tcheby_proxy,mesh9,0,6,0,"[0-3-6]",2,40,3.19307,0.975,0.828877,2,0.5,7181,847
8028,4009.45,ga_tcheby_proxy,mesh9,4,0,0,"[4-3-0]",2,42,3.21103,0.97,0.826793,2,0.5,7182,847
8029,4009.47,ga_tcheby_proxy,mesh9,7,6,1,"[]",0,0,0,0,0,0,0.5,7182,848
8030,4009.7,ga_tcheby_proxy,mesh9,3,1,0,"[3-4-1]",2,42,3.21103,0.97,0.826558,2,0.5,7183,848
8031,4009.8,ga_tcheby_proxy,mesh9,0,4,0,"[0-3-4]",2,42,3.21103,0.97,0.829105,2,0.5,7184,848
8032,4013.02,ga_tcheby_proxy,mesh9,1,3,0,"[1-4-3]",2,42,3.21103,0.97,0.829105,2,0.5,7185,848
8033,4013.15,ga_tcheby_proxy,mesh9,8,7,0,"[8-7]",1,22,1.61449,0.97,0.821229,1,0.5,7186,848
8034,4014.08,ga_tcheby_proxy,mesh9,4,7,0,"[4-7]",1,20,1.59654,0.975,0.826323,1,0.5,7187,848
8035,4016.67,ga_tcheby_proxy,mesh9,7,6,0,"[7-6]",1,22,1.61449,0.97,0.820225,1,0.5,7188,848
8036,4016.85,ga_tcheby_proxy,mesh9,0,2,0,"[0-1-2]",2,44,3.22898,0.97,0.826323,2,0.5,7189,848
8037,4017,ga_tcheby_proxy,mesh9,0,3,0,"[0-3]",1,20,1.59654,0.975,0.829333,1,0.5,7190,848
8038,4017.33,ga_tcheby_proxy,mesh9,0,5,0,"[0-1-4-5]",3,64,4.82552,0.97,0.829333,3,0.5,7191,848
8039,4017.8,ga_tcheby_proxy,mesh9,2,6,0,"[2-5-4-7-6]",4,84,6.42205,0.97,0.829333,4,0.5,7192,848
8040,4017.94,ga_tcheby_proxy,mesh9,5,0,0,"[5-2-1-0]",3,64,4.82552,0.97,0.82726,3,0.5,7193,848
8041,4018.12,ga_tcheby_proxy,mesh9,8,7,0,"[8-7]",1,22,1.61449,0.97,0.821478,1,0.5,7194,848
8042,4018.61,ga_tcheby_proxy,mesh9,6,4,0,"[6-7-4]",2,42,3.21103,0.97,0.826558,2,0.5,7195,848
8043,4019.37,ga_tcheby_proxy,mesh9,8,7,0,"[8-7]",1,22,1.61449,0.97,0.821727,1,0.5,7196,848
8044,4020.16,ga_tcheby_proxy,mesh9,2,0,0,"[2-1-0]",2,44,3.22898,0.97,0.827493,2,0.5,7197,848
8045,4020.95,ga_tcheby_proxy,mesh9,6,4,0,"[6-7-4]",2,42,3.21103,0.97,0.826793,2,0.5,7198,848
8046,4021.42,ga_tcheby_proxy,mesh9,7,5,0,"[7-8-5]",2,42,3.21103,0.97,0.826087,2,0.5,7199,848
8047,4022.7,ga_tcheby_proxy,mesh9,0,8,0,"[0-1-4-7-8]",4,84,6.42205,0.97,0.829561,4,0.5,7200,848
8048,4023.34,ga_tcheby_proxy,mesh9,2,6,0,"[2-5-4-7-6]",4,84,6.42205,0.97,0.829561,4,0.5,7201,848
8049,4024.08,ga_tcheby_proxy,mesh9,8,5,0,"[8-5]",1,20,1.59654,0.975,0.81037,1,0.5,7202,848
8050,4025.43,ga_tcheby_proxy,mesh9,1,7,0,"[1-4-7]",2,40,3.19307,0.975,0.829787,2,0.5,7203,848
8051,4026.84,ga_tcheby_proxy,mesh9,1,7,0,"[1-4-7]",2,40,3.19307,0.975,0.830013,2,0.5,7204,848
8052,4027.01,ga_tcheby_proxy,mesh9,7,4,0,"[7-4]",1,20,1.59654,0.975,0.822222,1,0.5,7205,848
8053,4028.28,ga_tcheby_proxy,mesh9,4,2,0,"[4-5-2]",2,42,3.21103,0.97,0.826323,2,0.5,7206,848
8054,4028.88,ga_tcheby_proxy,mesh9,1,6,0,"[1-0-3-6]",3,62,4.80756,0.97,0.829561,3,0.5,7207,848
8055,4028.92,ga_tcheby_proxy,mesh9,2,4,1,"[]",0,0,0,0,0,0,0.5,7207,849
8056,4029.15,ga_tcheby_proxy,mesh9,3,2,0,"[3-0-1-2]",3,64,4.82552,0.97,0.827027,3,0.5,7208,849
8057,4029.51,ga_tcheby_proxy,mesh9,1,4,0,"[1-4]",1,20,1.59654,0.975,0.830239,1,0.5,7209,849
8058,4029.53,ga_tcheby_proxy,mesh9,5,7,1,"[]",0,0,0,0,0,0,0.5,7209,850
8059,4029.65,ga_tcheby_proxy,mesh9,7,3,0,"[7-6-3]",2,42,3.21103,0.97,0.826793,2,0.5,7210,850
8060,4029.97,ga_tcheby_proxy,mesh9,4,5,0,"[4-5]",1,22,1.61449,0.97,0.826558,1,0.5,7211,850
8061,4030.38,ga_tcheby_proxy,mesh9,2,8,0,"[2-5-8]",2,40,3.19307,0.975,0.829787,2,0.5,7212,850
8062,4030.56,ga_tcheby_proxy,mesh9,5,1,0,"[5-2-1]",2,42,3.21103,0.97,0.820979,2,0.5,7213,850
8063,4030.61,ga_tcheby_proxy,mesh9,2,1,1,"[]",0,0,0,0,0,0,0.5,7213,851
8064,4030.82,ga_tcheby_proxy,mesh9,2,7,0,"[2-5-8-7]",3,62,4.80756,0.97,0.830013,3,0.5,7214,851
8065,4031.28,ga_tcheby_proxy,mesh9,5,3,0,"[5-4-3]",2,44,3.22898,0.97,0.82726,2,0.5,7215,851
8066,4032.89,ga_tcheby_proxy,mesh9,8,6,0,"[8-7-6]",2,44,3.22898,0.97,0.822222,2,0.5,7216,851
8067,4033.24,ga_tcheby_proxy,mesh9,4,5,0,"[4-5]",1,22,1.61449,0.97,0.826793,1,0.5,7217,851
8068,4033.36,ga_tcheby_proxy,mesh9,6,2,0,"[6-7-4-1-2]",4,84,6.42205,0.97,0.827027,4,0.5,7218,851
8069,4033.42,ga_tcheby_proxy,mesh9,7,2,1,"[]",0,0,0,0,0,0,0.5,7218,852
8070,4033.45,ga_tcheby_proxy,mesh9,2,6,1,"[]",0,0,0,0,0,0,0.5,7218,853
8071,4033.77,ga_tcheby_proxy,mesh9,3,8,0,"[3-4-5-8]",3,64,4.82552,0.97,0.827027,3,0.5,7219,853
8072,4034,ga_tcheby_proxy,mesh9,1,7,0,"[1-4-7]",2,40,3.19307,0.975,0.830464,2,0.5,7220,853
8073,4034.27,ga_tcheby_proxy,mesh9,3,0,0,"[3-0]",1,20,1.59654,0.975,0.82726,1,0.5,7221,853
8074,4034.31,ga_tcheby_proxy,mesh9,1,8,1,"[]",0,0,0,0,0,0,0.5,7221,854
8075,4034.68,ga_tcheby_proxy,mesh9,3,2,0,"[3-4-5-2]",3,64,4.82552,0.97,0.82726,3,0.5,7222,854
8076,4034.82,ga_tcheby_proxy,mesh9,2,5,0,"[2-5]",1,20,1.59654,0.975,0.830239,1,0.5,7223,854
8077,4034.88,ga_tcheby_proxy,mesh9,2,0,1,"[]",0,0,0,0,0,0,0.5,7223,855
8078,4035.14,ga_tcheby_proxy,mesh9,5,8,0,"[5-8]",1,20,1.59654,0.975,0.827027,1,0.5,7224,855
8079,4036.56,ga_tcheby_proxy,mesh9,8,4,0,"[8-7-4]",2,42,3.21103,0.97,0.822715,2,0.5,7225,855
8080,4037.1,ga_tcheby_proxy,mesh9,5,2,0,"[5-2]",1,20,1.59654,0.975,0.804878,1,0.5,7226,855
8081,4037.81,ga_tcheby_proxy,mesh9,4,1,0,"[4-1]",1,20,1.59654,0.975,0.819209,1,0.5,7227,855
8082,4037.83,ga_tcheby_proxy,mesh9,3,0,1,"[]",0,0,0,0,0,0,0.5,7227,856
8083,4037.84,ga_tcheby_proxy,mesh9,4,7,1,"[]",0,0,0,0,0,0,0.5,7227,857
8084,4038.59,ga_tcheby_proxy,mesh9,7,8,0,"[7-8]",1,22,1.61449,0.97,0.826558,1,0.5,7228,857
8085,4038.84,ga_tcheby_proxy,mesh9,8,3,0,"[8-7-6-3]",3,64,4.82552,0.97,0.827027,3,0.5,7229,857
8086,4038.96,ga_tcheby_proxy,mesh9,6,0,0,"[6-3-0]",2,40,3.19307,0.975,0.827493,2,0.5,7230,857
8087,4039.15,ga_tcheby_proxy,mesh9,6,4,0,"[6-7-4]",2,42,3.21103,0.97,0.82726,2,0.5,7231,857
8088,4039.39,ga_tcheby_proxy,mesh9,3,5,0,"[3-4-5]",2,44,3.22898,0.97,0.827493,2,0.5,7232,857
8089,4040.34,ga_tcheby_proxy,mesh9,0,5,0,"[0-3-4-5]",3,64,4.82552,0.97,0.829787,3,0.5,7233,857
8090,4041.24,ga_tcheby_proxy,mesh9,1,0,0,"[1-0]",1,22,1.61449,0.97,0.827957,1,0.5,7234,857
8091,4042.11,ga_tcheby_proxy,mesh9,4,5,0,"[4-5]",1,22,1.61449,0.97,0.827957,1,0.5,7235,857
8092,4043.42,ga_tcheby_proxy,mesh9,6,1,0,"[6-7-4-1]",3,62,4.80756,0.97,0.827493,3,0.5,7236,857
8093,4043.93,ga_tcheby_proxy,mesh9,8,3,0,"[8-5-4-3]",3,64,4.82552,0.97,0.827493,3,0.5,7237,857
8094,4044.31,ga_tcheby_proxy,mesh9,5,7,0,"[5-8-7]",2,42,3.21103,0.97,0.82726,2,0.5,7238,857
8095,4046.49,ga_tcheby_proxy,mesh9,4,5,0,"[4-5]",1,22,1.61449,0.97,0.828188,1,0.5,7239,857
8096,4046.8,ga_tcheby_proxy,mesh9,0,5,0,"[0-3-4-5]",3,64,4.82552,0.97,0.830013,3,0.5,7240,857
8097,4047.19,ga_tcheby_proxy,mesh9,0,2,0,"[0-1-2]",2,44,3.22898,0.97,0.827027,2,0.5,7241,857
8098,4048.21,ga_tcheby_proxy,mesh9,3,5,0,"[3-4-5]",2,44,3.22898,0.97,0.828648,2,0.5,7242,857
8099,4048.41,ga_tcheby_proxy,mesh9,7,3,0,"[7-6-3]",2,42,3.21103,0.97,0.827493,2,0.5,7243,857
8100,4048.62,ga_tcheby_proxy,mesh9,3,2,0,"[3-0-1-2]",3,64,4.82552,0.97,0.827725,3,0.5,7244,857
8101,4048.87,ga_tcheby_proxy,mesh9,4,2,0,"[4-1-2]",2,42,3.21103,0.97,0.827493,2,0.5,7245,857
8102,4049.07,ga_tcheby_proxy,mesh9,5,1,0,"[5-2-1]",2,42,3.21103,0.97,0.821229,2,0.5,7246,857
8103,4049.53,ga_tcheby_proxy,mesh9,5,6,0,"[5-8-7-6]",3,64,4.82552,0.97,0.827493,3,0.5,7247,857
8104,4049.82,ga_tcheby_proxy,mesh9,7,4,0,"[7-4]",1,20,1.59654,0.975,0.823448,1,0.5,7248,857
8105,4050,ga_tcheby_proxy,mesh9,7,5,0,"[7-8-5]",2,42,3.21103,0.97,0.826793,2,0.5,7249,857
8106,4050.41,ga_tcheby_proxy,mesh9,4,6,0,"[4-3-6]",2,42,3.21103,0.97,0.827725,2,0.5,7250,857
8107,4050.45,ga_tcheby_proxy,mesh9,8,7,1,"[]",0,0,0,0,0,0,0.5,7250,858
8108,4050.52,ga_tcheby_proxy,mesh9,0,3,0,"[0-3]",1,20,1.59654,0.975,0.830239,1,0.5,7251,858
8109,4050.88,ga_tcheby_proxy,mesh9,6,0,0,"[6-3-0]",2,40,3.19307,0.975,0.827957,2,0.5,7252,858
8110,4051.02,ga_tcheby_proxy,mesh9,7,5,0,"[7-8-5]",2,42,3.21103,0.97,0.827027,2,0.5,7253,858
8111,4051.3,ga_tcheby_proxy,mesh9,2,3,0,"[2-5-4-3]",3,64,4.82552,0.97,0.830464,3,0.5,7254,858
8112,4052,ga_tcheby_proxy,mesh9,7,4,0,"[7-4]",1,20,1.59654,0.975,0.823691,1,0.5,7255,858
8113,4052.19,ga_tcheby_proxy,mesh9,6,8,0,"[6-7-8]",2,44,3.22898,0.97,0.827725,2,0.5,7256,858
8114,4052.74,ga_tcheby_proxy,mesh9,2,4,0,"[2-1-4]",2,42,3.21103,0.97,0.830688,2,0.5,7257,858
8115,4053.34,ga_tcheby_proxy,mesh9,7,1,0,"[7-4-1]",2,40,3.19307,0.975,0.823934,2,0.5,7258,858
8116,4053.5,ga_tcheby_proxy,mesh9,0,3,0,"[0-3]",1,20,1.59654,0.975,0.830464,1,0.5,7259,858
8117,4053.54,ga_tcheby_proxy,mesh9,6,1,1,"[]",0,0,0,0,0,0,0.5,7259,859
8118,4053.57,ga_tcheby_proxy,mesh9,0,2,1,"[]",0,0,0,0,0,0,0.5,7259,860
8119,4054,ga_tcheby_proxy,mesh9,7,8,0,"[7-8]",1,22,1.61449,0.97,0.827493,1,0.5,7260,860
8120,4054.84,ga_tcheby_proxy,mesh9,7,5,0,"[7-8-5]",2,42,3.21103,0.97,0.827725,2,0.5,7261,860
8121,4054.85,ga_tcheby_proxy,mesh9,8,4,1,"[]",0,0,0,0,0,0,0.5,7261,861
8122,4056.91,ga_tcheby_proxy,mesh9,2,1,0,"[2-1]",1,22,1.61449,0.97,0.821727,1,0.5,7262,861
8123,4057.06,ga_tcheby_proxy,mesh9,8,5,0,"[8-5]",1,20,1.59654,0.975,0.811765,1,0.5,7263,861
8124,4057.46,ga_tcheby_proxy,mesh9,3,0,0,"[3-0]",1,20,1.59654,0.975,0.828188,1,0.5,7264,861
8125,4057.47,ga_tcheby_proxy,mesh9,2,0,1,"[]",0,0,0,0,0,0,0.5,7264,862
8126,4057.57,ga_tcheby_proxy,mesh9,8,4,0,"[8-5-4]",2,42,3.21103,0.97,0.823204,2,0.5,7265,862
8127,4058.07,ga_tcheby_proxy,mesh9,8,7,0,"[8-7]",1,22,1.61449,0.97,0.823448,1,0.5,7266,862
8128,4058.87,ga_tcheby_proxy,mesh9,0,8,0,"[0-3-4-7-8]",4,84,6.42205,0.97,0.830688,4,0.5,7267,862
8129,4059.79,ga_tcheby_proxy,mesh9,6,4,0,"[6-7-4]",2,42,3.21103,0.97,0.827957,2,0.5,7268,862
8130,4059.93,ga_tcheby_proxy,mesh9,7,2,0,"[7-4-1-2]",3,62,4.80756,0.97,0.827725,3,0.5,7269,862
8131,4060.2,ga_tcheby_proxy,mesh9,0,5,0,"[0-1-2-5]",3,64,4.82552,0.97,0.830688,3,0.5,7270,862
8132,4061.24,ga_tcheby_proxy,mesh9,4,2,0,"[4-1-2]",2,42,3.21103,0.97,0.828188,2,0.5,7271,862
8133,4061.49,ga_tcheby_proxy,mesh9,0,2,0,"[0-1-2]",2,44,3.22898,0.97,0.828418,2,0.5,7272,862
8134,4061.96,ga_tcheby_proxy,mesh9,7,3,0,"[7-6-3]",2,42,3.21103,0.97,0.827957,2,0.5,7273,862
8135,4062.03,ga_tcheby_proxy,mesh9,5,3,0,"[5-8-7-4-3]",4,84,6.42205,0.97,0.828188,4,0.5,7274,862
8136,4062.48,ga_tcheby_proxy,mesh9,7,4,0,"[7-4]",1,20,1.59654,0.975,0.824897,1,0.5,7275,862
8137,4064.62,ga_tcheby_proxy,mesh9,6,2,0,"[6-7-8-5-2]",4,84,6.42205,0.97,0.828188,4,0.5,7276,862
8138,4064.67,ga_tcheby_proxy,mesh9,3,7,1,"[]",0,0,0,0,0,0,0.5,7276,863
8139,4064.99,ga_tcheby_proxy,mesh9,5,0,0,"[5-4-1-0]",3,64,4.82552,0.97,0.828188,3,0.5,7277,863
8140,4065.35,ga_tcheby_proxy,mesh9,5,7,0,"[5-8-7]",2,42,3.21103,0.97,0.827957,2,0.5,7278,863
8141,4066.7,ga_tcheby_proxy,mesh9,5,1,0,"[5-2-1]",2,42,3.21103,0.97,0.821975,2,0.5,7279,863
8142,4070.14,ga_tcheby_proxy,mesh9,4,0,0,"[4-3-0]",2,42,3.21103,0.97,0.828418,2,0.5,7280,863
8143,4071.47,ga_tcheby_proxy,mesh9,7,3,0,"[7-6-3]",2,42,3.21103,0.97,0.828188,2,0.5,7281,863
8144,4071.66,ga_tcheby_proxy,mesh9,0,2,0,"[0-1-2]",2,44,3.22898,0.97,0.828648,2,0.5,7282,863
8145,4072.68,ga_tcheby_proxy,mesh9,7,6,0,"[7-6]",1,22,1.61449,0.97,0.822715,1,0.5,7283,863
8146,4072.73,ga_tcheby_proxy,mesh9,2,8,1,"[]",0,0,0,0,0,0,0.5,7283,864
8147,4072.82,ga_tcheby_proxy,mesh9,4,0,0,"[4-1-0]",2,42,3.21103,0.97,0.828418,2,0.5,7284,864
8148,4072.96,ga_tcheby_proxy,mesh9,7,8,0,"[7-8]",1,22,1.61449,0.97,0.828418,1,0.5,7285,864
8149,4073.17,ga_tcheby_proxy,mesh9,4,6,0,"[4-7-6]",2,42,3.21103,0.97,0.828188,2,0.5,7286,864
8150,4073.33,ga_tcheby_proxy,mesh9,8,7,0,"[8-7]",1,22,1.61449,0.97,0.824176,1,0.5,7287,864
8151,4073.88,ga_tcheby_proxy,mesh9,7,4,0,"[7-4]",1,20,1.59654,0.975,0.825137,1,0.5,7288,864
8152,4075.26,ga_tcheby_proxy,mesh9,7,4,0,"[7-4]",1,20,1.59654,0.975,0.825375,1,0.5,7289,864
8153,4075.35,ga_tcheby_proxy,mesh9,0,2,0,"[0-1-2]",2,44,3.22898,0.97,0.828877,2,0.5,7290,864
8154,4075.39,ga_tcheby_proxy,mesh9,2,6,1,"[]",0,0,0,0,0,0,0.5,7290,865
8155,4075.42,ga_tcheby_proxy,mesh9,4,7,1,"[]",0,0,0,0,0,0,0.5,7290,866
8156,4075.53,ga_tcheby_proxy,mesh9,1,4,0,"[1-4]",1,20,1.59654,0.975,0.830911,1,0.5,7291,866
8157,4075.6,ga_tcheby_proxy,mesh9,2,1,0,"[2-5-4-1]",3,62,4.98385,0.902234,0.830911,3,0.5,7292,866
8158,4075.64,ga_tcheby_proxy,mesh9,3,0,1,"[]",0,0,0,0,0,0,0.5,7292,867
8159,4075.76,ga_tcheby_proxy,mesh9,3,8,0,"[3-6-7-8]",3,64,4.82552,0.97,0.828648,3,0.5,7293,867
8160,4075.78,ga_tcheby_proxy,mesh9,6,4,1,"[]",0,0,0,0,0,0,0.5,7293,868
8161,4078.93,ga_tcheby_proxy,mesh9,8,3,0,"[8-7-6-3]",3,64,4.82552,0.97,0.828418,3,0.5,7294,868
8162,4081.32,ga_tcheby_proxy,mesh9,7,8,0,"[7-8]",1,22,1.61449,0.97,0.828877,1,0.5,7295,868
8163,4081.44,ga_tcheby_proxy,mesh9,4,3,0,"[4-3]",1,22,1.61449,0.97,0.828648,1,0.5,7296,868
8164,4081.51,ga_tcheby_proxy,mesh9,3,5,0,"[3-4-5]",2,44,3.31833,0.917019,0.828877,2,0.5,7297,868
8165,4082.03,ga_tcheby_proxy,mesh9,6,2,0,"[6-7-4-1-2]",4,84,6.42205,0.97,0.829105,4,0.5,7298,868
8166,4082.21,ga_tcheby_proxy,mesh9,3,7,0,"[3-6-7]",2,42,3.21103,0.97,0.828877,2,0.5,7299,868
8167,4082.5,ga_tcheby_proxy,mesh9,5,6,0,"[5-8-7-6]",3,64,4.82552,0.97,0.828188,3,0.5,7300,868
8168,4082.6,ga_tcheby_proxy,mesh9,2,5,0,"[2-5]",1,20,1.59654,0.975,0.831135,1,0.5,7301,868
8169,4083.32,ga_tcheby_proxy,mesh9,1,2,0,"[1-2]",1,22,1.61449,0.97,0.829333,1,0.5,7302,868
8170,4083.95,ga_tcheby_proxy,mesh9,4,2,0,"[4-5-2]",2,42,3.21103,0.97,0.829105,2,0.5,7303,868
8171,4084.18,ga_tcheby_proxy,mesh9,8,3,0,"[8-7-6-3]",3,64,4.82552,0.97,0.828648,3,0.5,7304,868
8172,4084.49,ga_tcheby_proxy,mesh9,1,7,0,"[1-4-7]",2,40,3.19307,0.975,0.831135,2,0.5,7305,868
8173,4084.57,ga_tcheby_proxy,mesh9,6,8,0,"[6-7-8]",2,44,3.23797,0.964394,0.829105,2,0.5,7306,868
8174,4084.6,ga_tcheby_proxy,mesh9,7,3,1,"[]",0,0,0,0,0,0,0.5,7306,869
8175,4084.71,ga_tcheby_proxy,mesh9,6,3,0,"[6-3]",1,20,1.59654,0.975,0.828877,1,0.5,7307,869
8176,4085.17,ga_tcheby_proxy,mesh9,0,8,0,"[0-3-4-7-8]",4,84,6.42205,0.97,0.830911,4,0.5,7308,869
8177,4086.27,ga_tcheby_proxy,mesh9,5,1,0,"[5-2-1]",2,42,3.21103,0.97,0.822222,2,0.5,7309,869
8178,4086.46,ga_tcheby_proxy,mesh9,3,4,0,"[3-4]",1,22,1.61449,0.97,0.829105,1,0.5,7310,869
8179,4086.54,ga_tcheby_proxy,mesh9,5,8,0,"[5-8]",1,20,1.59654,0.975,0.828418,1,0.5,7311,869
8180,4086.63,ga_tcheby_proxy,mesh9,7,0,0,"[7-4-1-0]",3,62,4.80756,0.97,0.828648,3,0.5,7312,869
8181,4086.92,ga_tcheby_proxy,mesh9,4,3,0,"[4-3]",1,22,1.61449,0.97,0.828877,1,0.5,7313,869
8182,4087.78,ga_tcheby_proxy,mesh9,2,6,0,"[2-1-0-3-6]",4,84,6.42205,0.97,0.831135,4,0.5,7314,869
8183,4088.23,ga_tcheby_proxy,mesh9,3,4,0,"[3-4]",1,22,1.61449,0.97,0.829333,1,0.5,7315,869
8184,4088.47,ga_tcheby_proxy,mesh9,8,6,0,"[8-7-6]",2,44,3.22898,0.97,0.825137,2,0.5,7316,869
8185,4088.65,ga_tcheby_proxy,mesh9,3,6,0,"[3-6]",1,20,1.59654,0.975,0.824658,1,0.5,7317,869
8186,4088.9,ga_tcheby_proxy,mesh9,0,3,0,"[0-3]",1,20,1.59654,0.975,0.831357,1,0.5,7318,869
8187,4091.23,ga_tcheby_proxy,mesh9,3,1,0,"[3-0-1]",2,42,3.21103,0.97,0.828648,2,0.5,7319,869
8188,4091.45,ga_tcheby_proxy,mesh9,1,7,0,"[1-4-7]",2,40,3.19307,0.975,0.831357,2,0.5,7320,869
8189,4092.06,ga_tcheby_proxy,mesh9,2,1,0,"[2-1]",1,22,1.61449,0.97,0.822715,1,0.5,7321,869
8190,4092.34,ga_tcheby_proxy,mesh9,1,8,0,"[1-2-5-8]",3,62,4.80756,0.97,0.831357,3,0.5,7322,869
8191,4092.78,ga_tcheby_proxy,mesh9,2,3,0,"[2-5-4-3]",3,64,4.82552,0.97,0.831579,3,0.5,7323,869
8192,4092.94,ga_tcheby_proxy,mesh9,8,2,0,"[8-5-2]",2,40,3.19307,0.975,0.812592,2,0.5,7324,869
8193,4093.57,ga_tcheby_proxy,mesh9,7,1,0,"[7-4-1]",2,40,3.19307,0.975,0.826087,2,0.5,7325,869
8194,4093.59,ga_tcheby_proxy,mesh9,2,0,1,"[]",0,0,0,0,0,0,0.5,7325,870
8195,4093.78,ga_tcheby_proxy,mesh9,6,8,0,"[6-7-8]",2,44,3.22898,0.97,0.829561,2,0.5,7326,870
8196,4094.15,ga_tcheby_proxy,mesh9,3,7,0,"[3-6-7]",2,42,3.21103,0.97,0.829561,2,0.5,7327,870
8197,4094.54,ga_tcheby_proxy,mesh9,8,4,0,"[8-5-4]",2,42,3.21103,0.97,0.824176,2,0.5,7328,870
8198,4096.55,ga_tcheby_proxy,mesh9,6,1,0,"[6-3-0-1]",3,62,4.80756,0.97,0.829105,3,0.5,7329,870
8199,4096.57,ga_tcheby_proxy,mesh9,2,4,1,"[]",0,0,0,0,0,0,0.5,7329,871
8200,4097.57,ga_tcheby_proxy,mesh9,5,1,0,"[5-2-1]",2,42,3.21103,0.97,0.82296,2,0.5,7330,871
8201,4097.7,ga_tcheby_proxy,mesh9,0,6,0,"[0-3-6]",2,40,3.19307,0.975,0.831579,2,0.5,7331,871
8202,4098.78,ga_tcheby_proxy,mesh9,4,3,0,"[4-3]",1,22,1.61449,0.97,0.829333,1,0.5,7332,871
8203,4099.08,ga_tcheby_proxy,mesh9,3,8,0,"[3-4-5-8]",3,64,4.82552,0.97,0.829561,3,0.5,7333,871
8204,4099.66,ga_tcheby_proxy,mesh9,8,1,0,"[8-5-2-1]",3,62,4.80756,0.97,0.823204,3,0.5,7334,871
8205,4099.82,ga_tcheby_proxy,mesh9,0,6,0,"[0-3-6]",2,40,3.19307,0.975,0.8318,2,0.5,7335,871
8206,4099.93,ga_tcheby_proxy,mesh9,5,8,0,"[5-8]",1,20,1.59654,0.975,0.829105,1,0.5,7336,871
8207,4100.04,ga_tcheby_proxy,mesh9,4,3,0,"[4-3]",1,22,1.61449,0.97,0.829561,1,0.5,7337,871
8208,4100.49,ga_tcheby_proxy,mesh9,5,2,0,"[5-2]",1,20,1.59654,0.975,0.807519,1,0.5,7338,871
8209,4100.53,ga_tcheby_proxy,mesh9,5,7,1,"[]",0,0,0,0,0,0,0.5,7338,872
8210,4101.07,ga_tcheby_proxy,mesh9,6,0,0,"[6-3-0]",2,40,3.19307,0.975,0.829333,2,0.5,7339,872
8211,4102.98,ga_tcheby_proxy,mesh9,1,0,0,"[1-0]",1,22,1.61449,0.97,0.829105,1,0.5,7340,872
8212,4103.06,ga_tcheby_proxy,mesh9,2,6,0,"[2-1-4-7-6]",4,84,6.42205,0.97,0.831579,4,0.5,7341,872
8213,4103.17,ga_tcheby_proxy,mesh9,8,6,0,"[8-7-6]",2,44,3.22898,0.97,0.825375,2,0.5,7342,872
8214,4103.76,ga_tcheby_proxy,mesh9,1,0,0,"[1-0]",1,22,1.61449,0.97,0.829333,1,0.5,7343,872
8215,4103.93,ga_tcheby_proxy,mesh9,5,3,0,"[5-4-3]",2,44,3.22898,0.97,0.829787,2,0.5,7344,872
8216,4105.01,ga_tcheby_proxy,mesh9,3,7,0,"[3-6-7]",2,42,3.21103,0.97,0.829787,2,0.5,7345,872
8217,4106.06,ga_tcheby_proxy,mesh9,8,4,0,"[8-5-4]",2,42,3.21103,0.97,0.824658,2,0.5,7346,872
8218,4106.07,ga_tcheby_proxy,mesh9,8,5,1,"[]",0,0,0,0,0,0,0.5,7346,873
8219,4106.35,ga_tcheby_proxy,mesh9,6,8,0,"[6-7-8]",2,44,3.22898,0.97,0.830013,2,0.5,7347,873
8220,4107.15,ga_tcheby_proxy,mesh9,5,2,0,"[5-2]",1,20,1.59654,0.975,0.807808,1,0.5,7348,873
8221,4107.62,ga_tcheby_proxy,mesh9,8,7,0,"[8-7]",1,22,1.61449,0.97,0.825613,1,0.5,7349,873
8222,4107.8,ga_tcheby_proxy,mesh9,8,0,0,"[8-5-2-1-0]",4,84,6.42205,0.97,0.829561,4,0.5,7350,873
8223,4107.89,ga_tcheby_proxy,mesh9,4,0,0,"[4-1-0]",2,42,3.21103,0.97,0.829787,2,0.5,7351,873
8224,4108.07,ga_tcheby_proxy,mesh9,0,6,0,"[0-3-6]",2,40,3.19307,0.975,0.832021,2,0.5,7352,873
8225,4108.1,ga_tcheby_proxy,mesh9,1,3,1,"[]",0,0,0,0,0,0,0.5,7352,874
8226,4108.87,ga_tcheby_proxy,mesh9,6,5,0,"[6-3-4-5]",3,64,4.82552,0.97,0.829787,3,0.5,7353,874
8227,4109.38,ga_tcheby_proxy,mesh9,1,5,0,"[1-2-5]",2,42,3.21103,0.97,0.8318,2,0.5,7354,874
8228,4110.13,ga_tcheby_proxy,mesh9,5,4,0,"[5-4]",1,22,1.61449,0.97,0.824897,1,0.5,7355,874
8229,4111,ga_tcheby_proxy,mesh9,6,7,0,"[6-7]",1,22,1.61449,0.97,0.830239,1,0.5,7356,874
8230,4111.5,ga_tcheby_proxy,mesh9,2,6,0,"[2-1-4-7-6]",4,84,6.42205,0.97,0.8318,4,0.5,7357,874
8231,4111.88,ga_tcheby_proxy,mesh9,6,2,0,"[6-3-4-1-2]",4,84,6.42205,0.97,0.830013,4,0.5,7358,874
8232,4111.91,ga_tcheby_proxy,mesh9,1,7,1,"[]",0,0,0,0,0,0,0.5,7358,875
8233,4112.53,ga_tcheby_proxy,mesh9,5,4,0,"[5-4]",1,22,1.61449,0.97,0.825137,1,0.5,7359,875
8234,4112.53,ga_tcheby_proxy,mesh9,1,7,0,"[1-4-7]",2,40,3.29032,0.94514,0.836412,2,0.5,7360,875
8235,4113.84,ga_tcheby_proxy,mesh9,6,1,0,"[6-3-0-1]",3,62,4.80756,0.97,0.830013,3,0.5,7361,875
8236,4114.12,ga_tcheby_proxy,mesh9,4,1,0,"[4-1]",1,20,1.59654,0.975,0.822715,1,0.5,7362,875
8237,4115.56,ga_tcheby_proxy,mesh9,7,8,0,"[7-8]",1,22,1.61449,0.97,0.830013,1,0.5,7363,875
8238,4116.25,ga_tcheby_proxy,mesh9,6,3,0,"[6-3]",1,20,1.59654,0.975,0.830239,1,0.5,7364,875
8239,4116.28,ga_tcheby_proxy,mesh9,0,2,1,"[]",0,0,0,0,0,0,0.5,7364,876
8240,4116.94,ga_tcheby_proxy,mesh9,1,3,0,"[1-0-3]",2,42,3.21103,0.97,0.832241,2,0.5,7365,876
8241,4117.56,ga_tcheby_proxy,mesh9,7,6,0,"[7-6]",1,22,1.61449,0.97,0.824897,1,0.5,7366,876
8242,4119.08,ga_tcheby_proxy,mesh9,2,6,0,"[2-5-4-7-6]",4,84,6.42205,0.97,0.832021,4,0.5,7367,876
8243,4119.2,ga_tcheby_proxy,mesh9,8,1,0,"[8-5-2-1]",3,62,4.80756,0.97,0.824176,3,0.5,7368,876
8244,4119.81,ga_tcheby_proxy,mesh9,0,3,0,"[0-3]",1,20,1.59654,0.975,0.832461,1,0.5,7369,876
8245,4119.98,ga_tcheby_proxy,mesh9,4,6,0,"[4-7-6]",2,42,3.21103,0.97,0.830013,2,0.5,7370,876
8246,4120.4,ga_tcheby_proxy,mesh9,2,4,0,"[2-5-4]",2,42,3.21103,0.97,0.832241,2,0.5,7371,876
8247,4120.89,ga_tcheby_proxy,mesh9,7,1,0,"[7-4-1]",2,40,3.19307,0.975,0.826323,2,0.5,7372,876
8248,4120.96,ga_tcheby_proxy,mesh9,8,5,0,"[8-5]",1,20,1.59654,0.975,0.814224,1,0.5,7373,876
8249,4120.99,ga_tcheby_proxy,mesh9,6,3,1,"[]",0,0,0,0,0,0,0.5,7373,877
8250,4121.8,ga_tcheby_proxy,mesh9,7,1,0,"[7-4-1]",2,40,3.19307,0.975,0.826558,2,0.5,7374,877
8251,4122.5,ga_tcheby_proxy,mesh9,1,0,0,"[1-0]",1,22,1.61449,0.97,0.830239,1,0.5,7375,877
8252,4123.63,ga_tcheby_proxy,mesh9,2,6,0,"[2-1-4-7-6]",4,84,6.42205,0.97,0.832241,4,0.5,7376,877
8253,4124.55,ga_tcheby_proxy,mesh9,8,0,0,"[8-7-4-3-0]",4,84,6.42205,0.97,0.830013,4,0.5,7377,877
8254,4125.25,ga_tcheby_proxy,mesh9,3,2,0,"[3-4-1-2]",3,64,4.82552,0.97,0.830239,3,0.5,7378,877
8255,4126.01,ga_tcheby_proxy,mesh9,6,7,0,"[6-7]",1,22,1.61449,0.97,0.830464,1,0.5,7379,877
8256,4126.26,ga_tcheby_proxy,mesh9,7,5,0,"[7-4-5]",2,42,3.21103,0.97,0.829787,2,0.5,7380,877
8257,4126.65,ga_tcheby_proxy,mesh9,1,0,0,"[1-0]",1,22,1.61449,0.97,0.830464,1,0.5,7381,877
8258,4128.5,ga_tcheby_proxy,mesh9,2,4,0,"[2-1-4]",2,42,3.21103,0.97,0.832461,2,0.5,7382,877
8259,4128.82,ga_tcheby_proxy,mesh9,7,0,0,"[7-4-3-0]",3,62,4.80756,0.97,0.830239,3,0.5,7383,877
8260,4129.34,ga_tcheby_proxy,mesh9,6,1,0,"[6-3-0-1]",3,62,4.80756,0.97,0.830464,3,0.5,7384,877
8261,4129.44,ga_tcheby_proxy,mesh9,1,5,0,"[1-2-5]",2,42,3.21103,0.97,0.832461,2,0.5,7385,877
8262,4131.08,ga_tcheby_proxy,mesh9,2,1,0,"[2-1]",1,22,1.61449,0.97,0.824897,1,0.5,7386,877
8263,4131.86,ga_tcheby_proxy,mesh9,0,5,0,"[0-1-4-5]",3,64,4.82552,0.97,0.83268,3,0.5,7387,877
8264,4132.28,ga_tcheby_proxy,mesh9,4,2,0,"[4-5-2]",2,42,3.21103,0.97,0.830239,2,0.5,7388,877
8265,4133.18,ga_tcheby_proxy,mesh9,0,1,0,"[0-1]",1,22,1.61449,0.97,0.823934,1,0.5,7389,877
8266,4134.27,ga_tcheby_proxy,mesh9,2,0,0,"[2-1-0]",2,44,3.22898,0.97,0.830688,2,0.5,7390,877
8267,4134.34,ga_tcheby_proxy,mesh9,1,0,0,"[1-4-5-8-7-6-3-0]",7,146,11.4857,0.901913,0.832898,7,0.5,7391,877
8268,4134.69,ga_tcheby_proxy,mesh9,2,7,0,"[2-5-4-7]",3,62,4.80756,0.97,0.83268,3,0.5,7392,877
8269,4134.91,ga_tcheby_proxy,mesh9,4,1,0,"[4-1]",1,20,1.59654,0.975,0.823691,1,0.5,7393,877
8270,4136.04,ga_tcheby_proxy,mesh9,2,8,0,"[2-5-8]",2,40,3.19307,0.975,0.832898,2,0.5,7394,877
8271,4137.82,ga_tcheby_proxy,mesh9,1,6,0,"[1-0-3-6]",3,62,4.80756,0.97,0.83268,3,0.5,7395,877
8272,4138.13,ga_tcheby_proxy,mesh9,4,8,0,"[4-5-8]",2,42,3.21103,0.97,0.830688,2,0.5,7396,877
8273,4139.35,ga_tcheby_proxy,mesh9,7,5,0,"[7-8-5]",2,42,3.21103,0.97,0.830239,2,0.5,7397,877
8274,4139.37,ga_tcheby_proxy,mesh9,2,5,1,"[]",0,0,0,0,0,0,0.5,7397,878
8275,4141.18,ga_tcheby_proxy,mesh9,6,0,0,"[6-3-0]",2,40,3.19307,0.975,0.830911,2,0.5,7398,878
8276,4141.21,ga_tcheby_proxy,mesh9,4,1,1,"[]",0,0,0,0,0,0,0.5,7398,879
8277,4141.68,ga_tcheby_proxy,mesh9,5,2,0,"[5-2]",1,20,1.59654,0.975,0.808955,1,0.5,7399,879
8278,4141.7,ga_tcheby_proxy,mesh9,8,7,1,"[]",0,0,0,0,0,0,0.5,7399,880
8279,4141.76,ga_tcheby_proxy,mesh9,7,8,1,"[]",0,0,0,0,0,0,0.5,7399,881
8280,4141.99,ga_tcheby_proxy,mesh9,5,6,0,"[5-8-7-6]",3,64,4.82552,0.97,0.830013,3,0.5,7400,881
8281,4142.24,ga_tcheby_proxy,mesh9,5,1,0,"[5-2-1]",2,42,3.21103,0.97,0.825375,2,0.5,7401,881
8282,4142.33,ga_tcheby_proxy,mesh9,1,8,0,"[1-4-7-8]",3,62,4.80756,0.97,0.833116,3,0.5,7402,881
8283,4142.44,ga_tcheby_proxy,mesh9,5,2,0,"[5-2]",1,20,1.59654,0.975,0.809524,1,0.5,7403,881
8284,4143.64,ga_tcheby_proxy,mesh9,6,3,0,"[6-3]",1,20,1.59654,0.975,0.831135,1,0.5,7404,881
8285,4143.79,ga_tcheby_proxy,mesh9,0,1,0,"[0-1]",1,22,1.61449,0.97,0.824176,1,0.5,7405,881
8286,4145.14,ga_tcheby_proxy,mesh9,1,5,0,"[1-2-5]",2,42,3.21103,0.97,0.833116,2,0.5,7406,881
8287,4145.71,ga_tcheby_proxy,mesh9,4,3,0,"[4-3]",1,22,1.61449,0.97,0.830464,1,0.5,7407,881
8288,4145.82,ga_tcheby_proxy,mesh9,1,2,0,"[1-2]",1,22,1.61449,0.97,0.830911,1,0.5,7408,881
8289,4146.19,ga_tcheby_proxy,mesh9,2,8,0,"[2-5-8]",2,40,3.19307,0.975,0.833333,2,0.5,7409,881
8290,4146.87,ga_tcheby_proxy,mesh9,3,2,0,"[3-4-5-2]",3,64,4.82552,0.97,0.830911,3,0.5,7410,881
8291,4147.45,ga_tcheby_proxy,mesh9,4,5,0,"[4-5]",1,22,1.61449,0.97,0.831135,1,0.5,7411,881
8292,4147.63,ga_tcheby_proxy,mesh9,1,7,0,"[1-4-7]",2,40,3.19307,0.975,0.833333,2,0.5,7412,881
8293,4147.71,ga_tcheby_proxy,mesh9,0,5,0,"[0-3-4-5]",3,64,4.82552,0.97,0.832898,3,0.5,7413,881
8294,4148.08,ga_tcheby_proxy,mesh9,2,3,0,"[2-1-0-3]",3,64,4.82552,0.97,0.833116,3,0.5,7414,881
8295,4148.12,ga_tcheby_proxy,mesh9,6,2,1,"[]",0,0,0,0,0,0,0.5,7414,882
8296,4148.26,ga_tcheby_proxy,mesh9,5,0,0,"[5-4-3-0]",3,64,4.82552,0.97,0.830688,3,0.5,7415,882
8297,4148.37,ga_tcheby_proxy,mesh9,3,6,0,"[3-6]",1,20,1.59654,0.975,0.826323,1,0.5,7416,882
8298,4148.8,ga_tcheby_proxy,mesh9,2,7,0,"[2-1-4-7]",3,62,4.80756,0.97,0.83355,3,0.5,7417,882
8299,4148.99,ga_tcheby_proxy,mesh9,1,7,0,"[1-4-7]",2,40,3.19307,0.975,0.833766,2,0.5,7418,882
8300,4149.16,ga_tcheby_proxy,mesh9,5,0,0,"[5-4-3-0]",3,64,4.82552,0.97,0.830911,3,0.5,7419,882
8301,4149.47,ga_tcheby_proxy,mesh9,4,8,0,"[4-5-8]",2,42,3.21103,0.97,0.831579,2,0.5,7420,882
8302,4150.39,ga_tcheby_proxy,mesh9,8,2,0,"[8-5-2]",2,40,3.19307,0.975,0.814761,2,0.5,7421,882
8303,4150.41,ga_tcheby_proxy,mesh9,7,0,1,"[]",0,0,0,0,0,0,0.5,7421,883
8304,4150.62,ga_tcheby_proxy,mesh9,1,5,0,"[1-2-5]",2,42,3.21103,0.97,0.83355,2,0.5,7422,883
8305,4151.08,ga_tcheby_proxy,mesh9,4,5,0,"[4-5]",1,22,1.61449,0.97,0.8318,1,0.5,7423,883
8306,4151.1,ga_tcheby_proxy,mesh9,2,4,1,"[]",0,0,0,0,0,0,0.5,7423,884
8307,4151.93,ga_tcheby_proxy,mesh9,8,6,0,"[8-7-6]",2,44,3.22898,0.97,0.826558,2,0.5,7424,884
8308,4152.19,ga_tcheby_proxy,mesh9,7,0,0,"[7-4-3-0]",3,62,4.80756,0.97,0.831135,3,0.5,7425,884
8309,4153,ga_tcheby_proxy,mesh9,7,2,0,"[7-8-5-2]",3,62,4.80756,0.97,0.830688,3,0.5,7426,884
8310,4153.02,ga_tcheby_proxy,mesh9,4,0,1,"[]",0,0,0,0,0,0,0.5,7426,885
8311,4153.23,ga_tcheby_proxy,mesh9,7,5,0,"[7-8-5]",2,42,3.21103,0.97,0.830911,2,0.5,7427,885
8312,4153.32,ga_tcheby_proxy,mesh9,3,7,0,"[3-6-7]",2,42,3.21103,0.97,0.830688,2,0.5,7428,885
8313,4154.05,ga_tcheby_proxy,mesh9,2,7,0,"[2-5-8-7]",3,62,4.80756,0.97,0.833766,3,0.5,7429,885
8314,4154.31,ga_tcheby_proxy,mesh9,1,8,0,"[1-2-5-8]",3,62,4.80756,0.97,0.833982,3,0.5,7430,885
8315,4154.49,ga_tcheby_proxy,mesh9,5,1,0,"[5-2-1]",2,42,3.21103,0.97,0.826087,2,0.5,7431,885
8316,4154.5,ga_tcheby_proxy,mesh9,6,1,1,"[]",0,0,0,0,0,0,0.5,7431,886
8317,4155.1,ga_tcheby_proxy,mesh9,8,5,0,"[8-5]",1,20,1.59654,0.975,0.815562,1,0.5,7432,886
8318,4156.16,ga_tcheby_proxy,mesh9,6,1,0,"[6-7-4-1]",3,62,4.80756,0.97,0.830911,3,0.5,7433,886
8319,4156.38,ga_tcheby_proxy,mesh9,7,1,0,"[7-4-1]",2,40,3.19307,0.975,0.827957,2,0.5,7434,886
8320,4157.2,ga_tcheby_proxy,mesh9,4,6,0,"[4-3-6]",2,42,3.21103,0.97,0.831357,2,0.5,7435,886
8321,4158.86,ga_tcheby_proxy,mesh9,5,4,0,"[5-4]",1,22,1.61449,0.97,0.826558,1,0.5,7436,886
8322,4158.91,ga_tcheby_proxy,mesh9,3,1,1,"[]",0,0,0,0,0,0,0.5,7436,887
8323,4159.12,ga_tcheby_proxy,mesh9,5,2,0,"[5-2]",1,20,1.59654,0.975,0.810931,1,0.5,7437,887
8324,4160.09,ga_tcheby_proxy,mesh9,0,3,0,"[0-3]",1,20,1.59654,0.975,0.833333,1,0.5,7438,887
8325,4160.57,ga_tcheby_proxy,mesh9,8,2,0,"[8-5-2]",2,40,3.19307,0.975,0.815827,2,0.5,7439,887
8326,4160.65,ga_tcheby_proxy,mesh9,1,4,0,"[1-4]",1,20,1.59654,0.975,0.833982,1,0.5,7440,887
8327,4161.84,ga_tcheby_proxy,mesh9,4,1,0,"[4-1]",1,20,1.59654,0.975,0.824417,1,0.5,7441,887
8328,4162.66,ga_tcheby_proxy,mesh9,5,7,0,"[5-8-7]",2,42,3.21103,0.97,0.831135,2,0.5,7442,887
8329,4163.42,ga_tcheby_proxy,mesh9,4,3,0,"[4-3]",1,22,1.61449,0.97,0.831579,1,0.5,7443,887
8330,4163.62,ga_tcheby_proxy,mesh9,1,6,0,"[1-0-3-6]",3,62,4.80756,0.97,0.83355,3,0.5,7444,887
8331,4163.91,ga_tcheby_proxy,mesh9,5,7,0,"[5-8-7]",2,42,3.21103,0.97,0.831357,2,0.5,7445,887
8332,4164.41,ga_tcheby_proxy,mesh9,3,6,0,"[3-6]",1,20,1.59654,0.975,0.82726,1,0.5,7446,887
8333,4164.54,ga_tcheby_proxy,mesh9,3,7,0,"[3-6-7]",2,42,3.21103,0.97,0.831135,2,0.5,7447,887
8334,4164.66,ga_tcheby_proxy,mesh9,0,4,0,"[0-3-4]",2,42,3.21103,0.97,0.833766,2,0.5,7448,887
8335,4165.68,ga_tcheby_proxy,mesh9,1,0,0,"[1-0]",1,22,1.61449,0.97,0.831579,1,0.5,7449,887
8336,4166.67,ga_tcheby_proxy,mesh9,0,6,0,"[0-3-6]",2,40,3.19307,0.975,0.833982,2,0.5,7450,887
8337,4167.61,ga_tcheby_proxy,mesh9,5,1,0,"[5-2-1]",2,42,3.21103,0.97,0.826323,2,0.5,7451,887
8338,4167.62,ga_tcheby_proxy,mesh9,1,8,1,"[]",0,0,0,0,0,0,0.5,7451,888
8339,4167.93,ga_tcheby_proxy,mesh9,5,0,0,"[5-2-1-0]",3,64,4.82552,0.97,0.8318,3,0.5,7452,888
8340,4168.65,ga_tcheby_proxy,mesh9,0,8,0,"[0-3-4-7-8]",4,84,6.42205,0.97,0.834197,4,0.5,7453,888
8341,4169.18,ga_tcheby_proxy,mesh9,3,2,0,"[3-0-1-2]",3,64,4.82552,0.97,0.831579,3,0.5,7454,888
8342,4169.32,ga_tcheby_proxy,mesh9,7,4,0,"[7-4]",1,20,1.59654,0.975,0.828188,1,0.5,7455,888
8343,4169.66,ga_tcheby_proxy,mesh9,6,5,0,"[6-7-8-5]",3,64,4.82552,0.97,0.831357,3,0.5,7456,888
8344,4169.96,ga_tcheby_proxy,mesh9,2,0,0,"[2-1-0]",2,44,3.22898,0.97,0.832021,2,0.5,7457,888
8345,4170.68,ga_tcheby_proxy,mesh9,6,5,0,"[6-7-8-5]",3,64,4.82552,0.97,0.831579,3,0.5,7458,888
8346,4171.22,ga_tcheby_proxy,mesh9,5,6,0,"[5-8-7-6]",3,64,4.82552,0.97,0.831579,3,0.5,7459,888
8347,4171.62,ga_tcheby_proxy,mesh9,4,8,0,"[4-7-8]",2,42,3.21103,0.97,0.8318,2,0.5,7460,888
8348,4171.72,ga_tcheby_proxy,mesh9,1,0,0,"[1-0]",1,22,1.61449,0.97,0.832241,1,0.5,7461,888
8349,4171.73,ga_tcheby_proxy,mesh9,4,2,1,"[]",0,0,0,0,0,0,0.5,7461,889
8350,4171.84,ga_tcheby_proxy,mesh9,2,1,0,"[2-1]",1,22,1.61449,0.97,0.827027,1,0.5,7462,889
8351,4172.01,ga_tcheby_proxy,mesh9,0,5,0,"[0-1-4-5]",3,64,4.82552,0.97,0.834197,3,0.5,7463,889
8352,4172.54,ga_tcheby_proxy,mesh9,4,3,0,"[4-3]",1,22,1.61449,0.97,0.8318,1,0.5,7464,889
8353,4172.99,ga_tcheby_proxy,mesh9,6,2,0,"[6-7-4-1-2]",4,84,6.42205,0.97,0.8318,4,0.5,7465,889
8354,4173,ga_tcheby_proxy,mesh9,6,0,1,"[]",0,0,0,0,0,0,0.5,7465,890
8355,4173.02,ga_tcheby_proxy,mesh9,1,0,1,"[]",0,0,0,0,0,0,0.5,7465,891
8356,4173.67,ga_tcheby_proxy,mesh9,8,2,0,"[8-5-2]",2,40,3.19307,0.975,0.816619,2,0.5,7466,891
8357,4173.9,ga_tcheby_proxy,mesh9,7,1,0,"[7-4-1]",2,40,3.19307,0.975,0.828648,2,0.5,7467,891
8358,4173.95,ga_tcheby_proxy,mesh9,1,4,1,"[]",0,0,0,0,0,0,0.5,7467,892
8359,4174.46,ga_tcheby_proxy,mesh9,4,5,0,"[4-5]",1,22,1.61449,0.97,0.832241,1,0.5,7468,892
8360,4175.29,ga_tcheby_proxy,mesh9,4,6,0,"[4-3-6]",2,42,3.21103,0.97,0.832021,2,0.5,7469,892
8361,4175.83,ga_tcheby_proxy,mesh9,3,7,0,"[3-4-7]",2,42,3.21103,0.97,0.832021,2,0.5,7470,892
8362,4176.21,ga_tcheby_proxy,mesh9,1,6,0,"[1-0-3-6]",3,62,4.80756,0.97,0.834411,3,0.5,7471,892
8363,4176.63,ga_tcheby_proxy,mesh9,1,8,0,"[1-2-5-8]",3,62,4.80756,0.97,0.834197,3,0.5,7472,892
8364,4176.78,ga_tcheby_proxy,mesh9,5,1,0,"[5-4-1]",2,42,3.21103,0.97,0.826793,2,0.5,7473,892
8365,4177.14,ga_tcheby_proxy,mesh9,6,4,0,"[6-3-4]",2,42,3.21103,0.97,0.831579,2,0.5,7474,892
8366,4177.44,ga_tcheby_proxy,mesh9,6,8,0,"[6-7-8]",2,44,3.22898,0.97,0.832021,2,0.5,7475,892
8367,4178.1,ga_tcheby_proxy,mesh9,4,3,0,"[4-3]",1,22,1.61449,0.97,0.832241,1,0.5,7476,892
8368,4178.98,ga_tcheby_proxy,mesh9,8,3,0,"[8-7-6-3]",3,64,4.82552,0.97,0.831579,3,0.5,7477,892
8369,4179.19,ga_tcheby_proxy,mesh9,3,6,0,"[3-6]",1,20,1.59654,0.975,0.828418,1,0.5,7478,892
8370,4179.29,ga_tcheby_proxy,mesh9,3,4,0,"[3-4]",1,22,1.61449,0.97,0.8318,1,0.5,7479,892
8371,4182.14,ga_tcheby_proxy,mesh9,4,6,0,"[4-7-6]",2,42,3.21103,0.97,0.832241,2,0.5,7480,892
8372,4182.38,ga_tcheby_proxy,mesh9,3,1,0,"[3-0-1]",2,42,3.21103,0.97,0.831579,2,0.5,7481,892
8373,4182.94,ga_tcheby_proxy,mesh9,1,7,0,"[1-4-7]",2,40,3.19307,0.975,0.834411,2,0.5,7482,892
8374,4183,ga_tcheby_proxy,mesh9,5,6,1,"[]",0,0,0,0,0,0,0.5,7482,893
8375,4183.2,ga_tcheby_proxy,mesh9,3,8,0,"[3-6-7-8]",3,64,4.82552,0.97,0.832241,3,0.5,7483,893
8376,4183.7,ga_tcheby_proxy,mesh9,7,1,0,"[7-4-1]",2,40,3.19307,0.975,0.828877,2,0.5,7484,893
8377,4184.3,ga_tcheby_proxy,mesh9,2,8,0,"[2-5-8]",2,40,3.19307,0.975,0.834411,2,0.5,7485,893
8378,4185.05,ga_tcheby_proxy,mesh9,8,3,0,"[8-7-6-3]",3,64,4.82552,0.97,0.8318,3,0.5,7486,893
8379,4186.17,ga_tcheby_proxy,mesh9,0,6,0,"[0-3-6]",2,40,3.19307,0.975,0.834625,2,0.5,7487,893
8380,4187.54,ga_tcheby_proxy,mesh9,7,8,0,"[7-8]",1,22,1.61449,0.97,0.832461,1,0.5,7488,893
8381,4188.78,ga_tcheby_proxy,mesh9,1,2,0,"[1-2]",1,22,1.61449,0.97,0.832241,1,0.5,7489,893
8382,4189.38,ga_tcheby_proxy,mesh9,6,1,0,"[6-3-0-1]",3,62,4.80756,0.97,0.832021,3,0.5,7490,893
8383,4190.26,ga_tcheby_proxy,mesh9,5,0,0,"[5-4-3-0]",3,64,4.82552,0.97,0.832461,3,0.5,7491,893
8384,4191.27,ga_tcheby_proxy,mesh9,7,1,0,"[7-4-1]",2,40,3.19307,0.975,0.829105,2,0.5,7492,893
8385,4191.92,ga_tcheby_proxy,mesh9,3,4,0,"[3-4]",1,22,1.61449,0.97,0.832021,1,0.5,7493,893
8386,4192.25,ga_tcheby_proxy,mesh9,2,0,0,"[2-1-0]",2,44,3.22898,0.97,0.83268,2,0.5,7494,893
8387,4192.66,ga_tcheby_proxy,mesh9,6,8,0,"[6-7-8]",2,44,3.22898,0.97,0.83268,2,0.5,7495,893
8388,4192.9,ga_tcheby_proxy,mesh9,6,5,0,"[6-3-4-5]",3,64,4.82552,0.97,0.832461,3,0.5,7496,893
8389,4194.28,ga_tcheby_proxy,mesh9,6,7,0,"[6-7]",1,22,1.61449,0.97,0.83268,1,0.5,7497,893
8390,4194.35,ga_tcheby_proxy,mesh9,8,1,0,"[8-5-4-1]",3,62,4.85223,0.942769,0.82726,3,0.5,7498,893
8391,4194.36,ga_tcheby_proxy,mesh9,2,4,1,"[]",0,0,0,0,0,0,0.5,7498,894
8392,4195.86,ga_tcheby_proxy,mesh9,3,2,0,"[3-4-1-2]",3,64,4.82552,0.97,0.832461,3,0.5,7499,894
8393,4197.2,ga_tcheby_proxy,mesh9,4,7,0,"[4-7]",1,20,1.59654,0.975,0.83268,1,0.5,7500,894
8394,4197.35,ga_tcheby_proxy,mesh9,8,7,0,"[8-7]",1,22,1.61449,0.97,0.828188,1,0.5,7501,894
8395,4200.04,ga_tcheby_proxy,mesh9,4,3,0,"[4-3]",1,22,1.61449,0.97,0.83268,1,0.5,7502,894
8396,4200.72,ga_tcheby_proxy,mesh9,4,1,0,"[4-1]",1,20,1.59654,0.975,0.826323,1,0.5,7503,894
8397,4201.65,ga_tcheby_proxy,mesh9,6,7,0,"[6-7]",1,22,1.61449,0.97,0.832898,1,0.5,7504,894
8398,4202.03,ga_tcheby_proxy,mesh9,0,1,0,"[0-1]",1,22,1.61449,0.97,0.825375,1,0.5,7505,894
8399,4202.38,ga_tcheby_proxy,mesh9,6,1,0,"[6-3-0-1]",3,62,4.80756,0.97,0.832461,3,0.5,7506,894
8400,4202.4,ga_tcheby_proxy,mesh9,1,5,1,"[]",0,0,0,0,0,0,0.5,7506,895
8401,4203.48,ga_tcheby_proxy,mesh9,1,0,0,"[1-0]",1,22,1.61449,0.97,0.832898,1,0.5,7507,895
8402,4203.83,ga_tcheby_proxy,mesh9,4,7,0,"[4-7]",1,20,1.59654,0.975,0.832898,1,0.5,7508,895
8403,4203.99,ga_tcheby_proxy,mesh9,2,7,0,"[2-5-4-7]",3,62,4.80756,0.97,0.834625,3,0.5,7509,895
8404,4204.23,ga_tcheby_proxy,mesh9,1,3,0,"[1-4-3]",2,42,3.21103,0.97,0.834625,2,0.5,7510,895
8405,4204.56,ga_tcheby_proxy,mesh9,4,2,0,"[4-5-2]",2,42,3.21103,0.97,0.83268,2,0.5,7511,895
8406,4204.74,ga_tcheby_proxy,mesh9,7,0,0,"[7-6-3-0]",3,62,4.80756,0.97,0.83268,3,0.5,7512,895
8407,4205.05,ga_tcheby_proxy,mesh9,6,4,0,"[6-3-4]",2,42,3.21103,0.97,0.832898,2,0.5,7513,895
8408,4205.4,ga_tcheby_proxy,mesh9,5,7,0,"[5-8-7]",2,42,3.21103,0.97,0.832241,2,0.5,7514,895
8409,4205.65,ga_tcheby_proxy,mesh9,5,2,0,"[5-2]",1,20,1.59654,0.975,0.812592,1,0.5,7515,895
8410,4205.66,ga_tcheby_proxy,mesh9,2,5,1,"[]",0,0,0,0,0,0,0.5,7515,896
8411,4206.36,ga_tcheby_proxy,mesh9,1,2,0,"[1-2]",1,22,1.61449,0.97,0.83268,1,0.5,7516,896
8412,4206.61,ga_tcheby_proxy,mesh9,8,5,0,"[8-5]",1,20,1.59654,0.975,0.817143,1,0.5,7517,896
8413,4206.73,ga_tcheby_proxy,mesh9,4,5,0,"[4-5]",1,22,1.61449,0.97,0.832898,1,0.5,7518,896
8414,4208.03,ga_tcheby_proxy,mesh9,8,5,0,"[8-5]",1,20,1.59654,0.975,0.817404,1,0.5,7519,896
8415,4208.13,ga_tcheby_proxy,mesh9,0,8,0,"[0-3-6-7-8]",4,84,6.42205,0.97,0.834839,4,0.5,7520,896
8416,4208.9,ga_tcheby_proxy,mesh9,6,4,0,"[6-3-4]",2,42,3.21103,0.97,0.833116,2,0.5,7521,896
8417,4208.93,ga_tcheby_proxy,mesh9,4,8,1,"[]",0,0,0,0,0,0,0.5,7521,897
8418,4208.99,ga_tcheby_proxy,mesh9,3,0,0,"[3-0]",1,20,1.59654,0.975,0.83268,1,0.5,7522,897
8419,4209.12,ga_tcheby_proxy,mesh9,8,0,0,"[8-5-4-1-0]",4,84,6.42205,0.97,0.833116,4,0.5,7523,897
8420,4209.95,ga_tcheby_proxy,mesh9,4,6,0,"[4-3-6]",2,42,3.21103,0.97,0.833116,2,0.5,7524,897
8421,4209.99,ga_tcheby_proxy,mesh9,6,3,1,"[]",0,0,0,0,0,0,0.5,7524,898
8422,4210.52,ga_tcheby_proxy,mesh9,1,7,0,"[1-4-7]",2,40,3.19307,0.975,0.834839,2,0.5,7525,898
8423,4211.07,ga_tcheby_proxy,mesh9,0,7,0,"[0-1-4-7]",3,62,4.80756,0.97,0.835052,3,0.5,7526,898
8424,4211.18,ga_tcheby_proxy,mesh9,6,2,0,"[6-3-4-1-2]",4,84,6.42205,0.97,0.833333,4,0.5,7527,898
8425,4211.5,ga_tcheby_proxy,mesh9,5,4,0,"[5-4]",1,22,1.61449,0.97,0.827957,1,0.5,7528,898
8426,4211.95,ga_tcheby_proxy,mesh9,0,2,0,"[0-1-2]",2,44,3.22898,0.97,0.833116,2,0.5,7529,898
8427,4212.79,ga_tcheby_proxy,mesh9,7,4,0,"[7-4]",1,20,1.59654,0.975,0.829333,1,0.5,7530,898
8428,4212.87,ga_tcheby_proxy,mesh9,4,1,0,"[4-1]",1,20,1.59654,0.975,0.827027,1,0.5,7531,898
8429,4213.08,ga_tcheby_proxy,mesh9,8,6,0,"[8-7-6]",2,44,3.22898,0.97,0.828648,2,0.5,7532,898
8430,4213.4,ga_tcheby_proxy,mesh9,1,6,0,"[1-0-3-6]",3,62,4.80756,0.97,0.835052,3,0.5,7533,898
8431,4213.42,ga_tcheby_proxy,mesh9,0,7,1,"[]",0,0,0,0,0,0,0.5,7533,899
8432,4214.91,ga_tcheby_proxy,mesh9,8,4,0,"[8-5-4]",2,42,3.21103,0.97,0.828188,2,0.5,7534,899
8433,4215.11,ga_tcheby_proxy,mesh9,7,0,0,"[7-4-3-0]",3,62,4.80756,0.97,0.833333,3,0.5,7535,899
8434,4215.13,ga_tcheby_proxy,mesh9,5,3,1,"[]",0,0,0,0,0,0,0.5,7535,900
8435,4216.23,ga_tcheby_proxy,mesh9,0,1,0,"[0-1]",1,22,1.61449,0.97,0.826323,1,0.5,7536,900
8436,4216.32,ga_tcheby_proxy,mesh9,0,1,0,"[0-1]",1,22,1.61449,0.97,0.826558,1,0.5,7537,900
8437,4217.42,ga_tcheby_proxy,mesh9,7,0,0,"[7-6-3-0]",3,62,4.80756,0.97,0.83355,3,0.5,7538,900
8438,4220.31,ga_tcheby_proxy,mesh9,4,2,0,"[4-5-2]",2,42,3.21103,0.97,0.833116,2,0.5,7539,900
8439,4220.32,ga_tcheby_proxy,mesh9,5,1,1,"[]",0,0,0,0,0,0,0.5,7539,901
8440,4220.55,ga_tcheby_proxy,mesh9,2,7,0,"[2-5-8-7]",3,62,4.80756,0.97,0.834839,3,0.5,7540,901
8441,4220.69,ga_tcheby_proxy,mesh9,8,1,0,"[8-5-2-1]",3,62,4.80756,0.97,0.827493,3,0.5,7541,901
8442,4220.8,ga_tcheby_proxy,mesh9,5,6,0,"[5-8-7-6]",3,64,4.82552,0.97,0.83268,3,0.5,7542,901
8443,4221.23,ga_tcheby_proxy,mesh9,2,6,0,"[2-5-4-7-6]",4,84,6.42205,0.97,0.835052,4,0.5,7543,901
8444,4221.63,ga_tcheby_proxy,mesh9,2,4,0,"[2-1-4]",2,42,3.21103,0.97,0.835264,2,0.5,7544,901
8445,4221.73,ga_tcheby_proxy,mesh9,7,3,0,"[7-4-3]",2,42,3.21103,0.97,0.83355,2,0.5,7545,901
8446,4222.22,ga_tcheby_proxy,mesh9,2,1,0,"[2-1]",1,22,1.61449,0.97,0.827957,1,0.5,7546,901
8447,4222.49,ga_tcheby_proxy,mesh9,0,3,0,"[0-3]",1,20,1.59654,0.975,0.835264,1,0.5,7547,901
8448,4222.94,ga_tcheby_proxy,mesh9,1,4,0,"[1-4]",1,20,1.59654,0.975,0.835476,1,0.5,7548,901
8449,4223.71,ga_tcheby_proxy,mesh9,8,5,0,"[8-5]",1,20,1.59654,0.975,0.81844,1,0.5,7549,901
8450,4225.36,ga_tcheby_proxy,mesh9,3,1,0,"[3-0-1]",2,42,3.21103,0.97,0.833333,2,0.5,7550,901
8451,4225.4,ga_tcheby_proxy,mesh9,0,1,1,"[]",0,0,0,0,0,0,0.5,7550,902
8452,4225.64,ga_tcheby_proxy,mesh9,8,2,0,"[8-5-2]",2,40,3.19307,0.975,0.818697,2,0.5,7551,902
8453,4226.12,ga_tcheby_proxy,mesh9,2,3,0,"[2-5-4-3]",3,64,4.82552,0.97,0.835264,3,0.5,7552,902
8454,4228.17,ga_tcheby_proxy,mesh9,7,4,0,"[7-4]",1,20,1.59654,0.975,0.830013,1,0.5,7553,902
8455,4229.53,ga_tcheby_proxy,mesh9,0,3,0,"[0-3]",1,20,1.59654,0.975,0.835476,1,0.5,7554,902
8456,4229.78,ga_tcheby_proxy,mesh9,0,5,0,"[0-1-2-5]",3,64,4.82552,0.97,0.835476,3,0.5,7555,902
8457,4229.89,ga_tcheby_proxy,mesh9,6,0,0,"[6-3-0]",2,40,3.19307,0.975,0.833766,2,0.5,7556,902
8458,4230.08,ga_tcheby_proxy,mesh9,4,1,0,"[4-1]",1,20,1.59654,0.975,0.82726,1,0.5,7557,902
8459,4230.46,ga_tcheby_proxy,mesh9,0,7,0,"[0-3-4-7]",3,62,4.80756,0.97,0.835687,3,0.5,7558,902
8460,4231.45,ga_tcheby_proxy,mesh9,7,6,0,"[7-6]",1,22,1.61449,0.97,0.828648,1,0.5,7559,902
8461,4231.75,ga_tcheby_proxy,mesh9,4,3,0,"[4-3]",1,22,1.61449,0.97,0.833982,1,0.5,7560,902
8462,4233.64,ga_tcheby_proxy,mesh9,8,1,0,"[8-5-2-1]",3,62,4.80756,0.97,0.828188,3,0.5,7561,902
8463,4235.13,ga_tcheby_proxy,mesh9,1,0,0,"[1-0]",1,22,1.61449,0.97,0.83355,1,0.5,7562,902
8464,4235.65,ga_tcheby_proxy,mesh9,7,4,0,"[7-4]",1,20,1.59654,0.975,0.830239,1,0.5,7563,902
8465,4236.33,ga_tcheby_proxy,mesh9,4,3,0,"[4-3]",1,22,1.61449,0.97,0.834197,1,0.5,7564,902
8466,4236.96,ga_tcheby_proxy,mesh9,2,8,0,"[2-5-8]",2,40,3.19307,0.975,0.835687,2,0.5,7565,902
8467,4237.21,ga_tcheby_proxy,mesh9,1,5,0,"[1-4-5]",2,42,3.21103,0.97,0.835687,2,0.5,7566,902
8468,4237.88,ga_tcheby_proxy,mesh9,4,1,0,"[4-1]",1,20,1.59654,0.975,0.827493,1,0.5,7567,902
8469,4239.27,ga_tcheby_proxy,mesh9,6,2,0,"[6-7-8-5-2]",4,84,6.42205,0.97,0.833333,4,0.5,7568,902
8470,4239.31,ga_tcheby_proxy,mesh9,1,3,1,"[]",0,0,0,0,0,0,0.5,7568,903
8471,4239.53,ga_tcheby_proxy,mesh9,6,4,0,"[6-7-4]",2,42,3.21103,0.97,0.83355,2,0.5,7569,903
8472,4239.69,ga_tcheby_proxy,mesh9,1,0,0,"[1-0]",1,22,1.61449,0.97,0.833766,1,0.5,7570,903
8473,4239.9,ga_tcheby_proxy,mesh9,2,0,0,"[2-1-0]",2,44,3.22898,0.97,0.833982,2,0.5,7571,903
8474,4240.08,ga_tcheby_proxy,mesh9,6,7,0,"[6-7]",1,22,1.61449,0.97,0.833766,1,0.5,7572,903
8475,4241.47,ga_tcheby_proxy,mesh9,4,6,0,"[4-7-6]",2,42,3.21103,0.97,0.834197,2,0.5,7573,903
8476,4241.61,ga_tcheby_proxy,mesh9,4,7,0,"[4-7]",1,20,1.59654,0.975,0.834411,1,0.5,7574,903
8477,4241.75,ga_tcheby_proxy,mesh9,8,7,0,"[8-7]",1,22,1.61449,0.97,0.829333,1,0.5,7575,903
8478,4242.58,ga_tcheby_proxy,mesh9,8,6,0,"[8-7-6]",2,44,3.22898,0.97,0.829561,2,0.5,7576,903
8479,4243.03,ga_tcheby_proxy,mesh9,5,8,0,"[5-8]",1,20,1.59654,0.975,0.833116,1,0.5,7577,903
8480,4243.31,ga_tcheby_proxy,mesh9,1,2,0,"[1-2]",1,22,1.61449,0.97,0.83355,1,0.5,7578,903
8481,4244.94,ga_tcheby_proxy,mesh9,7,4,0,"[7-4]",1,20,1.59654,0.975,0.830688,1,0.5,7579,903
8482,4246.16,ga_tcheby_proxy,mesh9,5,6,0,"[5-8-7-6]",3,64,4.82552,0.97,0.833333,3,0.5,7580,903
8483,4246.84,ga_tcheby_proxy,mesh9,7,2,0,"[7-8-5-2]",3,62,4.80756,0.97,0.833333,3,0.5,7581,903
8484,4246.93,ga_tcheby_proxy,mesh9,0,2,0,"[0-1-2]",2,44,3.22898,0.97,0.833766,2,0.5,7582,903
8485,4248.12,ga_tcheby_proxy,mesh9,8,2,0,"[8-5-2]",2,40,3.19307,0.975,0.819718,2,0.5,7583,903
8486,4248.66,ga_tcheby_proxy,mesh9,3,4,0,"[3-4]",1,22,1.61449,0.97,0.83355,1,0.5,7584,903
8487,4249.14,ga_tcheby_proxy,mesh9,6,2,0,"[6-7-4-1-2]",4,84,6.42205,0.97,0.833982,4,0.5,7585,903
8488,4249.46,ga_tcheby_proxy,mesh9,4,2,0,"[4-5-2]",2,42,3.21103,0.97,0.83355,2,0.5,7586,903
8489,4249.58,ga_tcheby_proxy,mesh9,5,8,0,"[5-8]",1,20,1.59654,0.975,0.83355,1,0.5,7587,903
8490,4249.97,ga_tcheby_proxy,mesh9,7,8,0,"[7-8]",1,22,1.61449,0.97,0.83355,1,0.5,7588,903
8491,4250.24,ga_tcheby_proxy,mesh9,6,1,0,"[6-3-4-1]",3,62,4.80756,0.97,0.833982,3,0.5,7589,903
8492,4250.27,ga_tcheby_proxy,mesh9,4,7,1,"[]",0,0,0,0,0,0,0.5,7589,904
8493,4251.2,ga_tcheby_proxy,mesh9,3,5,0,"[3-4-5]",2,44,3.22898,0.97,0.833982,2,0.5,7590,904
8494,4251.45,ga_tcheby_proxy,mesh9,8,6,0,"[8-7-6]",2,44,3.22898,0.97,0.830013,2,0.5,7591,904
8495,4251.8,ga_tcheby_proxy,mesh9,6,8,0,"[6-7-8]",2,44,3.22898,0.97,0.834197,2,0.5,7592,904
8496,4252.33,ga_tcheby_proxy,mesh9,5,4,0,"[5-4]",1,22,1.61449,0.97,0.828877,1,0.5,7593,904
8497,4253.17,ga_tcheby_proxy,mesh9,4,1,0,"[4-1]",1,20,1.59654,0.975,0.828188,1,0.5,7594,904
8498,4253.54,ga_tcheby_proxy,mesh9,8,4,0,"[8-5-4]",2,42,3.21103,0.97,0.829105,2,0.5,7595,904
8499,4254.03,ga_tcheby_proxy,mesh9,2,4,0,"[2-1-4]",2,42,3.21103,0.97,0.835897,2,0.5,7596,904
8500,4254.22,ga_tcheby_proxy,mesh9,1,5,0,"[1-2-5]",2,42,3.21103,0.97,0.835897,2,0.5,7597,904
8501,4255.5,ga_tcheby_proxy,mesh9,1,5,0,"[1-2-5]",2,42,3.21103,0.97,0.836108,2,0.5,7598,904
8502,4255.61,ga_tcheby_proxy,mesh9,1,6,0,"[1-0-3-6]",3,62,4.80756,0.97,0.835897,3,0.5,7599,904
8503,4256.51,ga_tcheby_proxy,mesh9,8,5,0,"[8-5]",1,20,1.59654,0.975,0.820225,1,0.5,7600,904
8504,4256.95,ga_tcheby_proxy,mesh9,0,7,0,"[0-1-4-7]",3,62,4.80756,0.97,0.836108,3,0.5,7601,904
8505,4257.13,ga_tcheby_proxy,mesh9,8,4,0,"[8-5-4]",2,42,3.21103,0.97,0.829333,2,0.5,7602,904
8506,4257.47,ga_tcheby_proxy,mesh9,3,8,0,"[3-4-5-8]",3,64,4.82552,0.97,0.834197,3,0.5,7603,904
8507,4258.3,ga_tcheby_proxy,mesh9,6,2,0,"[6-3-4-5-2]",4,84,6.42205,0.97,0.834411,4,0.5,7604,904
8508,4258.4,ga_tcheby_proxy,mesh9,6,3,0,"[6-3]",1,20,1.59654,0.975,0.834411,1,0.5,7605,904
8509,4259.36,ga_tcheby_proxy,mesh9,5,0,0,"[5-4-3-0]",3,64,4.82552,0.97,0.834411,3,0.5,7606,904
8510,4259.59,ga_tcheby_proxy,mesh9,6,0,0,"[6-3-0]",2,40,3.19307,0.975,0.834625,2,0.5,7607,904
8511,4260.2,ga_tcheby_proxy,mesh9,5,1,0,"[5-2-1]",2,42,3.21103,0.97,0.828877,2,0.5,7608,904
8512,4260.23,ga_tcheby_proxy,mesh9,6,7,1,"[]",0,0,0,0,0,0,0.5,7608,905
8513,4260.69,ga_tcheby_proxy,mesh9,6,2,0,"[6-7-8-5-2]",4,84,6.42205,0.97,0.834411,4,0.5,7609,905
8514,4260.85,ga_tcheby_proxy,mesh9,3,1,0,"[3-0-1]",2,42,3.21103,0.97,0.834197,2,0.5,7610,905
8515,4262.2,ga_tcheby_proxy,mesh9,7,5,0,"[7-8-5]",2,42,3.21103,0.97,0.834197,2,0.5,7611,905
8516,4262.62,ga_tcheby_proxy,mesh9,2,8,0,"[2-5-8]",2,40,3.19307,0.975,0.836317,2,0.5,7612,905
8517,4263.43,ga_tcheby_proxy,mesh9,7,3,0,"[7-4-3]",2,42,3.21103,0.97,0.834625,2,0.5,7613,905
8518,4264.71,ga_tcheby_proxy,mesh9,7,5,0,"[7-4-5]",2,42,3.21103,0.97,0.834411,2,0.5,7614,905
8519,4265.2,ga_tcheby_proxy,mesh9,0,8,0,"[0-3-6-7-8]",4,84,6.42205,0.97,0.836108,4,0.5,7615,905
8520,4265.28,ga_tcheby_proxy,mesh9,2,6,0,"[2-1-4-7-6]",4,84,6.42205,0.97,0.836317,4,0.5,7616,905
8521,4265.29,ga_tcheby_proxy,mesh9,0,5,1,"[]",0,0,0,0,0,0,0.5,7616,906
8522,4265.78,ga_tcheby_proxy,mesh9,8,4,0,"[8-5-4]",2,42,3.21103,0.97,0.829787,2,0.5,7617,906
8523,4265.96,ga_tcheby_proxy,mesh9,8,2,0,"[8-5-2]",2,40,3.19307,0.975,0.821478,2,0.5,7618,906
8524,4266.83,ga_tcheby_proxy,mesh9,0,7,0,"[0-3-4-7]",3,62,4.80756,0.97,0.836317,3,0.5,7619,906
8525,4267.12,ga_tcheby_proxy,mesh9,5,8,0,"[5-8]",1,20,1.59654,0.975,0.834197,1,0.5,7620,906
8526,4267.21,ga_tcheby_proxy,mesh9,0,7,0,"[0-1-4-7]",3,62,4.80756,0.97,0.836526,3,0.5,7621,906
8527,4267.68,ga_tcheby_proxy,mesh9,6,4,0,"[6-7-4]",2,42,3.21103,0.97,0.834839,2,0.5,7622,906
8528,4267.95,ga_tcheby_proxy,mesh9,4,6,0,"[4-3-6]",2,42,3.21103,0.97,0.834839,2,0.5,7623,906
8529,4268.85,ga_tcheby_proxy,mesh9,2,5,0,"[2-5]",1,20,1.59654,0.975,0.836526,1,0.5,7624,906
8530,4269.68,ga_tcheby_proxy,mesh9,7,0,0,"[7-4-1-0]",3,62,4.80756,0.97,0.834411,3,0.5,7625,906
8531,4270.11,ga_tcheby_proxy,mesh9,5,2,0,"[5-2]",1,20,1.59654,0.975,0.816092,1,0.5,7626,906
8532,4270.2,ga_tcheby_proxy,mesh9,7,6,0,"[7-6]",1,22,1.61449,0.97,0.830013,1,0.5,7627,906
8533,4270.32,ga_tcheby_proxy,mesh9,1,2,0,"[1-2]",1,22,1.61449,0.97,0.834625,1,0.5,7628,906
8534,4272.23,ga_tcheby_proxy,mesh9,7,0,0,"[7-4-1-0]",3,62,4.80756,0.97,0.834625,3,0.5,7629,906
8535,4272.42,ga_tcheby_proxy,mesh9,4,3,0,"[4-3]",1,22,1.61449,0.97,0.835052,1,0.5,7630,906
8536,4272.52,ga_tcheby_proxy,mesh9,5,7,0,"[5-8-7]",2,42,3.21103,0.97,0.834411,2,0.5,7631,906
8537,4272.91,ga_tcheby_proxy,mesh9,6,4,0,"[6-3-4]",2,42,3.21103,0.97,0.834839,2,0.5,7632,906
8538,4273.42,ga_tcheby_proxy,mesh9,2,0,0,"[2-1-0]",2,44,3.22898,0.97,0.834839,2,0.5,7633,906
8539,4274.05,ga_tcheby_proxy,mesh9,5,0,0,"[5-4-1-0]",3,64,4.82552,0.97,0.835052,3,0.5,7634,906
8540,4274.38,ga_tcheby_proxy,mesh9,5,3,0,"[5-4-3]",2,44,3.22898,0.97,0.835264,2,0.5,7635,906
8541,4274.48,ga_tcheby_proxy,mesh9,4,8,0,"[4-5-8]",2,42,3.21103,0.97,0.834625,2,0.5,7636,906
8542,4274.97,ga_tcheby_proxy,mesh9,3,2,0,"[3-0-1-2]",3,64,4.82552,0.97,0.834839,3,0.5,7637,906
8543,4275.46,ga_tcheby_proxy,mesh9,4,7,0,"[4-7]",1,20,1.59654,0.975,0.835476,1,0.5,7638,906
8544,4275.8,ga_tcheby_proxy,mesh9,7,3,0,"[7-6-3]",2,42,3.21103,0.97,0.835052,2,0.5,7639,906
8545,4275.93,ga_tcheby_proxy,mesh9,1,8,0,"[1-4-5-8]",3,62,4.80756,0.97,0.836735,3,0.5,7640,906
8546,4276.33,ga_tcheby_proxy,mesh9,5,8,0,"[5-8]",1,20,1.59654,0.975,0.835052,1,0.5,7641,906
8547,4277.04,ga_tcheby_proxy,mesh9,8,7,0,"[8-7]",1,22,1.61449,0.97,0.830464,1,0.5,7642,906
8548,4277.06,ga_tcheby_proxy,mesh9,3,2,1,"[]",0,0,0,0,0,0,0.5,7642,907
8549,4277.83,ga_tcheby_proxy,mesh9,4,1,0,"[4-1]",1,20,1.59654,0.975,0.829105,1,0.5,7643,907
8550,4279.18,ga_tcheby_proxy,mesh9,1,0,0,"[1-0]",1,22,1.61449,0.97,0.835264,1,0.5,7644,907
8551,4280.29,ga_tcheby_proxy,mesh9,6,3,0,"[6-3]",1,20,1.59654,0.975,0.835264,1,0.5,7645,907
8552,4281.39,ga_tcheby_proxy,mesh9,2,8,0,"[2-5-8]",2,40,3.19307,0.975,0.836735,2,0.5,7646,907
8553,4281.76,ga_tcheby_proxy,mesh9,5,0,0,"[5-2-1-0]",3,64,4.82552,0.97,0.835476,3,0.5,7647,907
8554,4282.55,ga_tcheby_proxy,mesh9,0,7,0,"[0-3-6-7]",3,62,4.80756,0.97,0.836526,3,0.5,7648,907
8555,4282.89,ga_tcheby_proxy,mesh9,2,3,0,"[2-1-0-3]",3,64,4.82552,0.97,0.836735,3,0.5,7649,907
8556,4282.96,ga_tcheby_proxy,mesh9,7,3,0,"[7-4-1-0-3]",4,82,6.4041,0.97,0.836943,4,0.5,7650,907
8557,4283.16,ga_tcheby_proxy,mesh9,2,0,0,"[2-1-0]",2,44,3.22898,0.97,0.836108,2,0.5,7651,907
8558,4283.31,ga_tcheby_proxy,mesh9,1,0,0,"[1-0]",1,22,1.61449,0.97,0.836317,1,0.5,7652,907
8559,4284.07,ga_tcheby_proxy,mesh9,0,3,0,"[0-3]",1,20,1.59654,0.975,0.83715,1,0.5,7653,907
8560,4284.13,ga_tcheby_proxy,mesh9,6,0,0,"[6-3-0]",2,40,3.36908,0.901807,0.835476,2,0.5,7654,907
8561,4284.5,ga_tcheby_proxy,mesh9,8,1,0,"[8-5-2-1]",3,62,4.80756,0.97,0.830239,3,0.5,7655,907
8562,4284.58,ga_tcheby_proxy,mesh9,8,0,0,"[8-5-4-1-0]",4,84,6.42205,0.97,0.836526,4,0.5,7656,907
8563,4285.2,ga_tcheby_proxy,mesh9,8,6,0,"[8-7-6]",2,44,3.22898,0.97,0.830688,2,0.5,7657,907
8564,4285.25,ga_tcheby_proxy,mesh9,6,3,1,"[]",0,0,0,0,0,0,0.5,7657,908
8565,4286.32,ga_tcheby_proxy,mesh9,5,1,0,"[5-2-1]",2,42,3.21103,0.97,0.830464,2,0.5,7658,908
8566,4286.36,ga_tcheby_proxy,mesh9,0,2,1,"[]",0,0,0,0,0,0,0.5,7658,909
8567,4286.44,ga_tcheby_proxy,mesh9,7,3,0,"[7-6-3]",2,42,3.21103,0.97,0.835687,2,0.5,7659,909
8568,4286.6,ga_tcheby_proxy,mesh9,5,1,0,"[5-2-1]",2,42,3.21103,0.97,0.830688,2,0.5,7660,909
8569,4287.32,ga_tcheby_proxy,mesh9,2,1,0,"[2-1]",1,22,1.61449,0.97,0.830911,1,0.5,7661,909
8570,4287.33,ga_tcheby_proxy,mesh9,4,0,1,"[]",0,0,0,0,0,0,0.5,7661,910
8571,4287.49,ga_tcheby_proxy,mesh9,2,4,0,"[2-1-4]",2,42,3.21103,0.97,0.836943,2,0.5,7662,910
8572,4287.68,ga_tcheby_proxy,mesh9,8,7,0,"[8-7]",1,22,1.61449,0.97,0.830911,1,0.5,7663,910
8573,4287.74,ga_tcheby_proxy,mesh9,1,0,1,"[]",0,0,0,0,0,0,0.5,7663,911
8574,4288.26,ga_tcheby_proxy,mesh9,1,4,0,"[1-4]",1,20,1.59654,0.975,0.83715,1,0.5,7664,911
8575,4288.79,ga_tcheby_proxy,mesh9,3,6,0,"[3-6]",1,20,1.59654,0.975,0.830688,1,0.5,7665,911
8576,4289.12,ga_tcheby_proxy,mesh9,4,0,0,"[4-3-0]",2,42,3.21103,0.97,0.835476,2,0.5,7666,911
8577,4289.51,ga_tcheby_proxy,mesh9,1,2,0,"[1-2]",1,22,1.61449,0.97,0.835052,1,0.5,7667,911
8578,4290.02,ga_tcheby_proxy,mesh9,2,3,0,"[2-5-4-3]",3,64,4.82552,0.97,0.836943,3,0.5,7668,911
8579,4290.15,ga_tcheby_proxy,mesh9,6,2,0,"[6-7-4-1-2]",4,84,6.42205,0.97,0.835264,4,0.5,7669,911
8580,4290.71,ga_tcheby_proxy,mesh9,0,8,0,"[0-1-2-5-8]",4,84,6.42205,0.97,0.83715,4,0.5,7670,911
8581,4291.11,ga_tcheby_proxy,mesh9,2,8,0,"[2-5-8]",2,40,3.19307,0.975,0.837357,2,0.5,7671,911
8582,4291.38,ga_tcheby_proxy,mesh9,5,6,0,"[5-4-7-6]",3,64,4.82552,0.97,0.835687,3,0.5,7672,911
8583,4291.62,ga_tcheby_proxy,mesh9,6,5,0,"[6-7-8-5]",3,64,4.82552,0.97,0.835476,3,0.5,7673,911
8584,4292.33,ga_tcheby_proxy,mesh9,0,8,0,"[0-1-4-7-8]",4,84,6.42205,0.97,0.837357,4,0.5,7674,911
8585,4293.75,ga_tcheby_proxy,mesh9,3,5,0,"[3-4-5]",2,44,3.22898,0.97,0.835052,2,0.5,7675,911
8586,4294.75,ga_tcheby_proxy,mesh9,5,3,0,"[5-4-3]",2,44,3.22898,0.97,0.835897,2,0.5,7676,911
8587,4294.76,ga_tcheby_proxy,mesh9,2,0,1,"[]",0,0,0,0,0,0,0.5,7676,912
8588,4295.28,ga_tcheby_proxy,mesh9,6,2,0,"[6-7-4-1-2]",4,84,6.42205,0.97,0.835687,4,0.5,7677,912
8589,4295.41,ga_tcheby_proxy,mesh9,8,0,0,"[8-7-6-3-0]",4,84,6.42205,0.97,0.835897,4,0.5,7678,912
8590,4295.97,ga_tcheby_proxy,mesh9,7,3,0,"[7-6-3]",2,42,3.21103,0.97,0.836108,2,0.5,7679,912
8591,4296.76,ga_tcheby_proxy,mesh9,4,1,0,"[4-1]",1,20,1.59654,0.975,0.830239,1,0.5,7680,912
8592,4297.23,ga_tcheby_proxy,mesh9,0,3,0,"[0-3]",1,20,1.59654,0.975,0.837357,1,0.5,7681,912
8593,4297.46,ga_tcheby_proxy,mesh9,6,2,0,"[6-7-4-1-2]",4,84,6.42205,0.97,0.835897,4,0.5,7682,912
8594,4298.1,ga_tcheby_proxy,mesh9,6,5,0,"[6-7-8-5]",3,64,4.82552,0.97,0.836108,3,0.5,7683,912
8595,4298.13,ga_tcheby_proxy,mesh9,1,5,1,"[]",0,0,0,0,0,0,0.5,7683,913
8596,4298.3,ga_tcheby_proxy,mesh9,0,2,0,"[0-1-2]",2,44,3.22898,0.97,0.836108,2,0.5,7684,913
8597,4298.61,ga_tcheby_proxy,mesh9,5,4,0,"[5-4]",1,22,1.61449,0.97,0.831357,1,0.5,7685,913
8598,4298.99,ga_tcheby_proxy,mesh9,8,0,0,"[8-5-4-3-0]",4,84,6.42205,0.97,0.836108,4,0.5,7686,913
8599,4299.51,ga_tcheby_proxy,mesh9,7,6,0,"[7-6]",1,22,1.61449,0.97,0.831579,1,0.5,7687,913
8600,4300.22,ga_tcheby_proxy,mesh9,7,3,0,"[7-4-3]",2,42,3.21103,0.97,0.836317,2,0.5,7688,913
8601,4300.38,ga_tcheby_proxy,mesh9,7,6,0,"[7-6]",1,22,1.61449,0.97,0.8318,1,0.5,7689,913
8602,4300.63,ga_tcheby_proxy,mesh9,0,6,0,"[0-3-6]",2,40,3.19307,0.975,0.837563,2,0.5,7690,913
8603,4300.77,ga_tcheby_proxy,mesh9,7,4,0,"[7-4]",1,20,1.59654,0.975,0.833333,1,0.5,7691,913
8604,4301.42,ga_tcheby_proxy,mesh9,1,4,0,"[1-4]",1,20,1.59654,0.975,0.837563,1,0.5,7692,913
8605,4302.1,ga_tcheby_proxy,mesh9,8,7,0,"[8-7]",1,22,1.61449,0.97,0.831357,1,0.5,7693,913
8606,4303.25,ga_tcheby_proxy,mesh9,4,8,0,"[4-5-8]",2,42,3.21103,0.97,0.835897,2,0.5,7694,913
8607,4304.02,ga_tcheby_proxy,mesh9,6,3,0,"[6-3]",1,20,1.59654,0.975,0.836317,1,0.5,7695,913
8608,4305.23,ga_tcheby_proxy,mesh9,0,5,0,"[0-1-2-5]",3,64,4.82552,0.97,0.837563,3,0.5,7696,913
8609,4305.26,ga_tcheby_proxy,mesh9,4,2,1,"[]",0,0,0,0,0,0,0.5,7696,914
8610,4305.69,ga_tcheby_proxy,mesh9,1,0,0,"[1-0]",1,22,1.61449,0.97,0.836735,1,0.5,7697,914
8611,4305.83,ga_tcheby_proxy,mesh9,7,6,0,"[7-6]",1,22,1.61449,0.97,0.832021,1,0.5,7698,914
8612,4305.93,ga_tcheby_proxy,mesh9,1,2,0,"[1-2]",1,22,1.61449,0.97,0.836526,1,0.5,7699,914
8613,4305.96,ga_tcheby_proxy,mesh9,3,0,1,"[]",0,0,0,0,0,0,0.5,7699,915
8614,4306.51,ga_tcheby_proxy,mesh9,0,6,0,"[0-3-6]",2,40,3.19307,0.975,0.837769,2,0.5,7700,915
8615,4307.66,ga_tcheby_proxy,mesh9,7,4,0,"[7-4]",1,20,1.59654,0.975,0.83355,1,0.5,7701,915
8616,4308.03,ga_tcheby_proxy,mesh9,3,0,0,"[3-0]",1,20,1.59654,0.975,0.835476,1,0.5,7702,915
8617,4308.06,ga_tcheby_proxy,mesh9,4,0,1,"[]",0,0,0,0,0,0,0.5,7702,916
8618,4308.21,ga_tcheby_proxy,mesh9,1,8,0,"[1-2-5-8]",3,62,4.80756,0.97,0.837769,3,0.5,7703,916
8619,4308.29,ga_tcheby_proxy,mesh9,8,7,0,"[8-7]",1,22,1.61449,0.97,0.831579,1,0.5,7704,916
8620,4309.01,ga_tcheby_proxy,mesh9,4,7,0,"[4-7]",1,20,1.59654,0.975,0.836108,1,0.5,7705,916
8621,4309.16,ga_tcheby_proxy,mesh9,4,8,0,"[4-5-8]",2,42,3.21103,0.97,0.836317,2,0.5,7706,916
8622,4309.67,ga_tcheby_proxy,mesh9,0,6,0,"[0-3-6]",2,40,3.19307,0.975,0.837975,2,0.5,7707,916
8623,4309.79,ga_tcheby_proxy,mesh9,3,8,0,"[3-4-7-8]",3,64,4.82552,0.97,0.836317,3,0.5,7708,916
8624,4309.81,ga_tcheby_proxy,mesh9,1,5,1,"[]",0,0,0,0,0,0,0.5,7708,917
8625,4310.2,ga_tcheby_proxy,mesh9,7,8,0,"[7-8]",1,22,1.61449,0.97,0.835476,1,0.5,7709,917
8626,4310.59,ga_tcheby_proxy,mesh9,5,0,0,"[5-4-3-0]",3,64,4.82552,0.97,0.836526,3,0.5,7710,917
8627,4310.73,ga_tcheby_proxy,mesh9,1,8,0,"[1-4-5-8]",3,62,4.80756,0.97,0.837769,3,0.5,7711,917
8628,4310.88,ga_tcheby_proxy,mesh9,6,4,0,"[6-7-4]",2,42,3.21103,0.97,0.836317,2,0.5,7712,917
8629,4311.02,ga_tcheby_proxy,mesh9,8,1,0,"[8-5-2-1]",3,62,4.80756,0.97,0.831357,3,0.5,7713,917
8630,4311.54,ga_tcheby_proxy,mesh9,5,6,0,"[5-4-7-6]",3,64,4.82552,0.97,0.836526,3,0.5,7714,917
8631,4311.56,ga_tcheby_proxy,mesh9,2,5,1,"[]",0,0,0,0,0,0,0.5,7714,918
8632,4312.29,ga_tcheby_proxy,mesh9,3,1,0,"[3-4-1]",2,42,3.21103,0.97,0.835476,2,0.5,7715,918
8633,4312.97,ga_tcheby_proxy,mesh9,6,4,0,"[6-7-4]",2,42,3.21103,0.97,0.836526,2,0.5,7716,918
8634,4314.02,ga_tcheby_proxy,mesh9,7,8,0,"[7-8]",1,22,1.61449,0.97,0.835687,1,0.5,7717,918
8635,4314.27,ga_tcheby_proxy,mesh9,5,3,0,"[5-4-3]",2,44,3.22898,0.97,0.836735,2,0.5,7718,918
8636,4314.49,ga_tcheby_proxy,mesh9,3,0,0,"[3-0]",1,20,1.59654,0.975,0.835897,1,0.5,7719,918
8637,4314.96,ga_tcheby_proxy,mesh9,0,4,0,"[0-1-4]",2,42,3.21103,0.97,0.837975,2,0.5,7720,918
8638,4315.1,ga_tcheby_proxy,mesh9,3,5,0,"[3-4-5]",2,44,3.22898,0.97,0.835897,2,0.5,7721,918
8639,4315.81,ga_tcheby_proxy,mesh9,2,8,0,"[2-5-8]",2,40,3.19307,0.975,0.837975,2,0.5,7722,918
8640,4315.9,ga_tcheby_proxy,mesh9,0,1,0,"[0-1]",1,22,1.61449,0.97,0.829561,1,0.5,7723,918
8641,4316.35,ga_tcheby_proxy,mesh9,1,8,0,"[1-2-5-8]",3,62,4.80756,0.97,0.83818,3,0.5,7724,918
8642,4316.43,ga_tcheby_proxy,mesh9,5,1,0,"[5-2-1]",2,42,3.21103,0.97,0.831579,2,0.5,7725,918
8643,4317.02,ga_tcheby_proxy,mesh9,6,4,0,"[6-3-4]",2,42,3.21103,0.97,0.836526,2,0.5,7726,918
8644,4318.07,ga_tcheby_proxy,mesh9,0,3,0,"[0-3]",1,20,1.59654,0.975,0.83818,1,0.5,7727,918
8645,4318.28,ga_tcheby_proxy,mesh9,3,8,0,"[3-4-7-8]",3,64,4.82552,0.97,0.836735,3,0.5,7728,918
8646,4318.75,ga_tcheby_proxy,mesh9,5,1,0,"[5-2-1]",2,42,3.21103,0.97,0.8318,2,0.5,7729,918
8647,4318.97,ga_tcheby_proxy,mesh9,8,1,0,"[8-5-2-1]",3,62,4.80756,0.97,0.832021,3,0.5,7730,918
8648,4319.62,ga_tcheby_proxy,mesh9,3,1,0,"[3-0-1]",2,42,3.21103,0.97,0.836108,2,0.5,7731,918
8649,4319.88,ga_tcheby_proxy,mesh9,6,7,0,"[6-7]",1,22,1.61449,0.97,0.836735,1,0.5,7732,918
8650,4320.02,ga_tcheby_proxy,mesh9,3,1,0,"[3-0-1]",2,42,3.21103,0.97,0.836317,2,0.5,7733,918
8651,4320.38,ga_tcheby_proxy,mesh9,0,4,0,"[0-1-4]",2,42,3.21103,0.97,0.83818,2,0.5,7734,918
8652,4320.62,ga_tcheby_proxy,mesh9,6,5,0,"[6-3-4-5]",3,64,4.82552,0.97,0.836735,3,0.5,7735,918
8653,4320.66,ga_tcheby_proxy,mesh9,6,1,1,"[]",0,0,0,0,0,0,0.5,7735,919
8654,4320.7,ga_tcheby_proxy,mesh9,6,1,1,"[]",0,0,0,0,0,0,0.5,7735,920
8655,4321,ga_tcheby_proxy,mesh9,1,3,0,"[1-4-3]",2,42,3.21103,0.97,0.838384,2,0.5,7736,920
8656,4321.3,ga_tcheby_proxy,mesh9,1,0,0,"[1-0]",1,22,1.61449,0.97,0.836943,1,0.5,7737,920
8657,4321.49,ga_tcheby_proxy,mesh9,6,4,0,"[6-7-4]",2,42,3.21103,0.97,0.836943,2,0.5,7738,920
8658,4322.3,ga_tcheby_proxy,mesh9,8,4,0,"[8-5-4]",2,42,3.21103,0.97,0.832461,2,0.5,7739,920
8659,4322.6,ga_tcheby_proxy,mesh9,6,1,0,"[6-3-0-1]",3,62,4.80756,0.97,0.836943,3,0.5,7740,920
8660,4324.54,ga_tcheby_proxy,mesh9,6,4,0,"[6-3-4]",2,42,3.21103,0.97,0.83715,2,0.5,7741,920
8661,4324.82,ga_tcheby_proxy,mesh9,0,2,0,"[0-1-2]",2,44,3.22898,0.97,0.83715,2,0.5,7742,920
8662,4324.99,ga_tcheby_proxy,mesh9,2,8,0,"[2-5-8]",2,40,3.19307,0.975,0.838384,2,0.5,7743,920
8663,4325.32,ga_tcheby_proxy,mesh9,4,7,0,"[4-7]",1,20,1.59654,0.975,0.836943,1,0.5,7744,920
8664,4325.37,ga_tcheby_proxy,mesh9,1,3,1,"[]",0,0,0,0,0,0,0.5,7744,921
8665,4325.99,ga_tcheby_proxy,mesh9,0,3,0,"[0-3]",1,20,1.59654,0.975,0.838384,1,0.5,7745,921
8666,4326.02,ga_tcheby_proxy,mesh9,1,7,1,"[]",0,0,0,0,0,0,0.5,7745,922
8667,4326.09,ga_tcheby_proxy,mesh9,7,4,0,"[7-4]",1,20,1.59654,0.975,0.834411,1,0.5,7746,922
8668,4326.32,ga_tcheby_proxy,mesh9,2,5,0,"[2-5]",1,20,1.59654,0.975,0.838588,1,0.5,7747,922
8669,4326.53,ga_tcheby_proxy,mesh9,4,0,0,"[4-3-0]",2,42,3.21103,0.97,0.83715,2,0.5,7748,922
8670,4327.2,ga_tcheby_proxy,mesh9,1,8,0,"[1-4-5-8]",3,62,4.80756,0.97,0.838588,3,0.5,7749,922
8671,4327.65,ga_tcheby_proxy,mesh9,0,5,0,"[0-3-4-5]",3,64,4.82552,0.97,0.838588,3,0.5,7750,922
8672,4327.95,ga_tcheby_proxy,mesh9,1,6,0,"[1-0-3-6]",3,62,4.80756,0.97,0.838791,3,0.5,7751,922
8673,4328.38,ga_tcheby_proxy,mesh9,2,7,0,"[2-1-4-7]",3,62,4.80756,0.97,0.838791,3,0.5,7752,922
8674,4329.55,ga_tcheby_proxy,mesh9,6,1,0,"[6-7-4-1]",3,62,4.80756,0.97,0.83715,3,0.5,7753,922
8675,4329.78,ga_tcheby_proxy,mesh9,2,5,0,"[2-5]",1,20,1.59654,0.975,0.838791,1,0.5,7754,922
8676,4330.36,ga_tcheby_proxy,mesh9,7,5,0,"[7-8-5]",2,42,3.21103,0.97,0.836108,2,0.5,7755,922
8677,4330.43,ga_tcheby_proxy,mesh9,1,0,1,"[]",0,0,0,0,0,0,0.5,7755,923
8678,4330.52,ga_tcheby_proxy,mesh9,2,5,0,"[2-5]",1,20,1.59654,0.975,0.838994,1,0.5,7756,923
8679,4330.95,ga_tcheby_proxy,mesh9,4,3,0,"[4-3]",1,22,1.61449,0.97,0.837357,1,0.5,7757,923
8680,4332.83,ga_tcheby_proxy,mesh9,0,2,0,"[0-1-2]",2,44,3.22898,0.97,0.837357,2,0.5,7758,923
8681,4333.52,ga_tcheby_proxy,mesh9,2,5,0,"[2-5]",1,20,1.59654,0.975,0.839196,1,0.5,7759,923
8682,4334.41,ga_tcheby_proxy,mesh9,0,1,0,"[0-1]",1,22,1.61449,0.97,0.831135,1,0.5,7760,923
8683,4336.27,ga_tcheby_proxy,mesh9,1,6,0,"[1-4-3-6]",3,62,4.80756,0.97,0.838994,3,0.5,7761,923
8684,4336.3,ga_tcheby_proxy,mesh9,2,0,1,"[]",0,0,0,0,0,0,0.5,7761,924
8685,4337.25,ga_tcheby_proxy,mesh9,6,7,0,"[6-7]",1,22,1.61449,0.97,0.837357,1,0.5,7762,924
8686,4337.28,ga_tcheby_proxy,mesh9,5,3,1,"[]",0,0,0,0,0,0,0.5,7762,925
8687,4339,ga_tcheby_proxy,mesh9,0,8,0,"[0-3-6-7-8]",4,84,6.42205,0.97,0.838994,4,0.5,7763,925
8688,4339.17,ga_tcheby_proxy,mesh9,7,4,0,"[7-4]",1,20,1.59654,0.975,0.834839,1,0.5,7764,925
8689,4340.28,ga_tcheby_proxy,mesh9,3,2,0,"[3-4-5-2]",3,64,4.82552,0.97,0.836943,3,0.5,7765,925
8690,4341.76,ga_tcheby_proxy,mesh9,2,7,0,"[2-1-4-7]",3,62,4.80756,0.97,0.839196,3,0.5,7766,925
8691,4341.84,ga_tcheby_proxy,mesh9,0,8,0,"[0-3-4-7-8]",4,84,6.42205,0.97,0.839196,4,0.5,7767,925
8692,4342.1,ga_tcheby_proxy,mesh9,3,7,0,"[3-4-7]",2,42,3.21103,0.97,0.837769,2,0.5,7768,925
8693,4342.72,ga_tcheby_proxy,mesh9,7,2,0,"[7-8-5-2]",3,62,4.80756,0.97,0.836735,3,0.5,7769,925
8694,4342.97,ga_tcheby_proxy,mesh9,5,3,0,"[5-4-3]",2,44,3.22898,0.97,0.837769,2,0.5,7770,925
8695,4343.13,ga_tcheby_proxy,mesh9,6,5,0,"[6-3-4-5]",3,64,4.82552,0.97,0.837563,3,0.5,7771,925
8696,4344.16,ga_tcheby_proxy,mesh9,7,5,0,"[7-8-5]",2,42,3.21103,0.97,0.836943,2,0.5,7772,925
8697,4345.36,ga_tcheby_proxy,mesh9,0,8,0,"[0-1-4-7-8]",4,84,6.42205,0.97,0.839398,4,0.5,7773,925
8698,4345.43,ga_tcheby_proxy,mesh9,4,1,0,"[4-1]",1,20,1.60508,0.969613,0.831135,1,0.5,7774,925
8699,4345.83,ga_tcheby_proxy,mesh9,8,0,0,"[8-7-4-1-0]",4,84,6.42205,0.97,0.837357,4,0.5,7775,925
8700,4346.04,ga_tcheby_proxy,mesh9,1,6,0,"[1-0-3-6]",3,62,4.80756,0.97,0.839398,3,0.5,7776,925
8701,4348.87,ga_tcheby_proxy,mesh9,0,7,0,"[0-1-4-7]",3,62,4.80756,0.97,0.839599,3,0.5,7777,925
8702,4348.91,ga_tcheby_proxy,mesh9,0,3,1,"[]",0,0,0,0,0,0,0.5,7777,926
8703,4350.19,ga_tcheby_proxy,mesh9,8,3,0,"[8-7-6-3]",3,64,4.82552,0.97,0.837563,3,0.5,7778,926
8704,4350.98,ga_tcheby_proxy,mesh9,4,8,0,"[4-5-8]",2,42,3.21103,0.97,0.837563,2,0.5,7779,926
8705,4351.37,ga_tcheby_proxy,mesh9,0,5,0,"[0-1-2-5]",3,64,4.82552,0.97,0.839398,3,0.5,7780,926
8706,4351.53,ga_tcheby_proxy,mesh9,3,5,0,"[3-4-5]",2,44,3.22898,0.97,0.837769,2,0.5,7781,926
8707,4352.33,ga_tcheby_proxy,mesh9,6,7,0,"[6-7]",1,22,1.61449,0.97,0.837769,1,0.5,7782,926
8708,4352.68,ga_tcheby_proxy,mesh9,2,6,0,"[2-5-8-7-6]",4,84,6.42205,0.97,0.839599,4,0.5,7783,926
8709,4352.92,ga_tcheby_proxy,mesh9,2,3,0,"[2-1-0-3]",3,64,4.82552,0.97,0.839599,3,0.5,7784,926
8710,4353.21,ga_tcheby_proxy,mesh9,1,3,0,"[1-0-3]",2,42,3.21103,0.97,0.8398,2,0.5,7785,926
8711,4353.69,ga_tcheby_proxy,mesh9,8,1,0,"[8-5-4-1]",3,62,4.80756,0.97,0.832898,3,0.5,7786,926
8712,4353.71,ga_tcheby_proxy,mesh9,3,5,1,"[]",0,0,0,0,0,0,0.5,7786,927
8713,4354.43,ga_tcheby_proxy,mesh9,3,5,0,"[3-4-5]",2,44,3.22898,0.97,0.837975,2,0.5,7787,927
8714,4354.94,ga_tcheby_proxy,mesh9,2,3,0,"[2-1-4-3]",3,64,4.82552,0.97,0.8398,3,0.5,7788,927
8715,4355.09,ga_tcheby_proxy,mesh9,5,4,0,"[5-4]",1,22,1.61449,0.97,0.833116,1,0.5,7789,927
8716,4356.06,ga_tcheby_proxy,mesh9,3,7,0,"[3-6-7]",2,42,3.21103,0.97,0.837975,2,0.5,7790,927
8717,4356.13,ga_tcheby_proxy,mesh9,6,2,0,"[6-3-4-1-2]",4,84,6.50219,0.92221,0.83818,4,0.5,7791,927
8718,4356.3,ga_tcheby_proxy,mesh9,8,7,0,"[8-7]",1,22,1.61449,0.97,0.832461,1,0.5,7792,927
8719,4357.02,ga_tcheby_proxy,mesh9,7,5,0,"[7-8-5]",2,42,3.21103,0.97,0.837357,2,0.5,7793,927
8720,4358.55,ga_tcheby_proxy,mesh9,5,2,0,"[5-2]",1,20,1.59654,0.975,0.818953,1,0.5,7794,927
8721,4359.24,ga_tcheby_proxy,mesh9,4,8,0,"[4-5-8]",2,42,3.21103,0.97,0.837975,2,0.5,7795,927
8722,4359.3,ga_tcheby_proxy,mesh9,5,8,1,"[]",0,0,0,0,0,0,0.5,7795,928
8723,4359.71,ga_tcheby_proxy,mesh9,5,1,0,"[5-2-1]",2,42,3.21103,0.97,0.833116,2,0.5,7796,928
8724,4360.12,ga_tcheby_proxy,mesh9,8,6,0,"[8-7-6]",2,44,3.22898,0.97,0.832898,2,0.5,7797,928
8725,4360.21,ga_tcheby_proxy,mesh9,6,2,0,"[6-3-0-1-2]",4,84,6.42205,0.97,0.837975,4,0.5,7798,928
8726,4361.8,ga_tcheby_proxy,mesh9,4,2,0,"[4-5-2]",2,42,3.21103,0.97,0.837975,2,0.5,7799,928
8727,4363.43,ga_tcheby_proxy,mesh9,0,2,0,"[0-1-2]",2,44,3.22898,0.97,0.83818,2,0.5,7800,928
8728,4363.8,ga_tcheby_proxy,mesh9,1,3,0,"[1-0-3]",2,42,3.21103,0.97,0.84,2,0.5,7801,928
8729,4365.12,ga_tcheby_proxy,mesh9,8,4,0,"[8-5-4]",2,42,3.21103,0.97,0.833333,2,0.5,7802,928
8730,4366.31,ga_tcheby_proxy,mesh9,3,7,0,"[3-6-7]",2,42,3.21103,0.97,0.83818,2,0.5,7803,928
8731,4366.39,ga_tcheby_proxy,mesh9,5,1,0,"[5-2-1]",2,42,3.21103,0.97,0.833333,2,0.5,7804,928
8732,4366.69,ga_tcheby_proxy,mesh9,2,7,0,"[2-5-8-7]",3,62,4.80756,0.97,0.8398,3,0.5,7805,928
8733,4366.86,ga_tcheby_proxy,mesh9,1,2,0,"[1-2]",1,22,1.61449,0.97,0.838384,1,0.5,7806,928
8734,4367.54,ga_tcheby_proxy,mesh9,7,5,0,"[7-8-5]",2,42,3.21103,0.97,0.837563,2,0.5,7807,928
8735,4368.81,ga_tcheby_proxy,mesh9,4,5,0,"[4-5]",1,22,1.61449,0.97,0.83818,1,0.5,7808,928
8736,4369.07,ga_tcheby_proxy,mesh9,8,5,0,"[8-5]",1,20,1.59654,0.975,0.825375,1,0.5,7809,928
8737,4371.27,ga_tcheby_proxy,mesh9,1,4,0,"[1-4]",1,20,1.59654,0.975,0.84,1,0.5,7810,928
8738,4371.98,ga_tcheby_proxy,mesh9,8,5,0,"[8-5]",1,20,1.59654,0.975,0.825613,1,0.5,7811,928
8739,4371.99,ga_tcheby_proxy,mesh9,2,6,1,"[]",0,0,0,0,0,0,0.5,7811,929
8740,4372.09,ga_tcheby_proxy,mesh9,4,2,0,"[4-5-2]",2,42,3.21103,0.97,0.838384,2,0.5,7812,929
8741,4372.36,ga_tcheby_proxy,mesh9,8,6,0,"[8-7-6]",2,44,3.22898,0.97,0.833116,2,0.5,7813,929
8742,4373.3,ga_tcheby_proxy,mesh9,0,4,0,"[0-3-4]",2,42,3.21103,0.97,0.8402,2,0.5,7814,929
8743,4373.38,ga_tcheby_proxy,mesh9,5,0,0,"[5-4-3-0]",3,64,4.82552,0.97,0.83818,3,0.5,7815,929
8744,4373.86,ga_tcheby_proxy,mesh9,7,4,0,"[7-4]",1,20,1.59654,0.975,0.835264,1,0.5,7816,929
8745,4374.75,ga_tcheby_proxy,mesh9,4,6,0,"[4-7-6]",2,42,3.21103,0.97,0.838384,2,0.5,7817,929
8746,4376.13,ga_tcheby_proxy,mesh9,2,6,0,"[2-5-4-7-6]",4,84,6.42205,0.97,0.84,4,0.5,7818,929
8747,4377.17,ga_tcheby_proxy,mesh9,8,2,0,"[8-5-2]",2,40,3.19307,0.975,0.82585,2,0.5,7819,929
8748,4378.1,ga_tcheby_proxy,mesh9,1,2,0,"[1-2]",1,22,1.61449,0.97,0.838588,1,0.5,7820,929
8749,4378.16,ga_tcheby_proxy,mesh9,2,5,1,"[]",0,0,0,0,0,0,0.5,7820,930
8750,4378.5,ga_tcheby_proxy,mesh9,1,5,0,"[1-2-5]",2,42,3.21103,0.97,0.8402,2,0.5,7821,930
8751,4378.77,ga_tcheby_proxy,mesh9,6,3,0,"[6-3]",1,20,1.59654,0.975,0.83818,1,0.5,7822,930
8752,4379.23,ga_tcheby_proxy,mesh9,2,6,0,"[2-1-4-7-6]",4,84,6.42205,0.97,0.8402,4,0.5,7823,930
8753,4381.25,ga_tcheby_proxy,mesh9,4,1,0,"[4-1]",1,20,1.59654,0.975,0.832021,1,0.5,7824,930
8754,4382.29,ga_tcheby_proxy,mesh9,2,3,0,"[2-5-4-3]",3,64,4.82552,0.97,0.840399,3,0.5,7825,930
8755,4383.34,ga_tcheby_proxy,mesh9,1,0,0,"[1-0]",1,22,1.61449,0.97,0.838384,1,0.5,7826,930
8756,4383.58,ga_tcheby_proxy,mesh9,0,6,0,"[0-3-6]",2,40,3.19307,0.975,0.840399,2,0.5,7827,930
8757,4383.64,ga_tcheby_proxy,mesh9,3,2,1,"[]",0,0,0,0,0,0,0.5,7827,931
8758,4383.76,ga_tcheby_proxy,mesh9,1,8,0,"[1-4-7-8]",3,62,4.80756,0.97,0.840399,3,0.5,7828,931
8759,4383.82,ga_tcheby_proxy,mesh9,3,4,1,"[]",0,0,0,0,0,0,0.5,7828,932
8760,4383.83,ga_tcheby_proxy,mesh9,1,8,1,"[]",0,0,0,0,0,0,0.5,7828,933
8761,4384.11,ga_tcheby_proxy,mesh9,5,2,0,"[5-2]",1,20,1.59654,0.975,0.820477,1,0.5,7829,933
8762,4384.55,ga_tcheby_proxy,mesh9,3,8,0,"[3-6-7-8]",3,64,4.82552,0.97,0.838384,3,0.5,7830,933
8763,4384.9,ga_tcheby_proxy,mesh9,0,7,0,"[0-3-6-7]",3,62,4.80756,0.97,0.840598,3,0.5,7831,933
8764,4385.09,ga_tcheby_proxy,mesh9,4,0,0,"[4-1-0]",2,42,3.21103,0.97,0.838588,2,0.5,7832,933
8765,4385.57,ga_tcheby_proxy,mesh9,8,7,0,"[8-7]",1,22,1.61449,0.97,0.833333,1,0.5,7833,933
8766,4385.89,ga_tcheby_proxy,mesh9,0,8,0,"[0-1-4-7-8]",4,84,6.42205,0.97,0.840598,4,0.5,7834,933
8767,4386.11,ga_tcheby_proxy,mesh9,4,2,0,"[4-5-2]",2,42,3.21103,0.97,0.838588,2,0.5,7835,933
8768,4386.15,ga_tcheby_proxy,mesh9,5,7,1,"[]",0,0,0,0,0,0,0.5,7835,934
8769,4387.51,ga_tcheby_proxy,mesh9,0,1,0,"[0-1]",1,22,1.61449,0.97,0.83268,1,0.5,7836,934
8770,4388.74,ga_tcheby_proxy,mesh9,2,6,0,"[2-5-8-7-6]",4,84,6.42205,0.97,0.840598,4,0.5,7837,934
8771,4389.59,ga_tcheby_proxy,mesh9,3,0,0,"[3-0]",1,20,1.59654,0.975,0.837357,1,0.5,7838,934
8772,4389.6,ga_tcheby_proxy,mesh9,0,6,0,"[0-3-6]",2,40,3.38513,0.91751,0.841843,2,0.5,7839,934
8773,4390.01,ga_tcheby_proxy,mesh9,2,1,0,"[2-1]",1,22,1.61449,0.97,0.833766,1,0.5,7840,934
8774,4390.01,ga_tcheby_proxy,mesh9,1,2,0,"[1-2]",1,22,1.70217,0.91802,0.84111,1,0.5,7841,934
8775,4390.5,ga_tcheby_proxy,mesh9,2,1,0,"[2-1]",1,22,1.61449,0.97,0.833982,1,0.5,7842,934
8776,4390.58,ga_tcheby_proxy,mesh9,2,5,0,"[2-5]",1,20,1.59654,0.975,0.840796,1,0.5,7843,934
8777,4390.69,ga_tcheby_proxy,mesh9,3,4,0,"[3-4]",1,22,1.61449,0.97,0.838588,1,0.5,7844,934
8778,4391.46,ga_tcheby_proxy,mesh9,1,8,0,"[1-4-7-8]",3,62,4.80756,0.97,0.840796,3,0.5,7845,934
8779,4391.86,ga_tcheby_proxy,mesh9,6,1,0,"[6-3-0-1]",3,62,4.80756,0.97,0.838384,3,0.5,7846,934
8780,4392.23,ga_tcheby_proxy,mesh9,6,4,0,"[6-3-4]",2,42,3.21103,0.97,0.838791,2,0.5,7847,934
8781,4392.73,ga_tcheby_proxy,mesh9,6,5,0,"[6-7-8-5]",3,64,4.82552,0.97,0.838791,3,0.5,7848,934
8782,4393.82,ga_tcheby_proxy,mesh9,8,3,0,"[8-5-4-3]",3,64,4.82552,0.97,0.838588,3,0.5,7849,934
8783,4394.52,ga_tcheby_proxy,mesh9,3,7,0,"[3-6-7]",2,42,3.21103,0.97,0.838994,2,0.5,7850,934
8784,4394.66,ga_tcheby_proxy,mesh9,7,6,0,"[7-6]",1,22,1.61449,0.97,0.834197,1,0.5,7851,934
8785,4395.23,ga_tcheby_proxy,mesh9,7,0,0,"[7-6-3-0]",3,62,4.80756,0.97,0.838791,3,0.5,7852,934
8786,4395.67,ga_tcheby_proxy,mesh9,1,3,0,"[1-0-3]",2,42,3.21103,0.97,0.840994,2,0.5,7853,934
8787,4395.89,ga_tcheby_proxy,mesh9,2,1,0,"[2-1]",1,22,1.61449,0.97,0.834197,1,0.5,7854,934
8788,4398.09,ga_tcheby_proxy,mesh9,4,8,0,"[4-5-8]",2,42,3.21103,0.97,0.838791,2,0.5,7855,934
8789,4399.01,ga_tcheby_proxy,mesh9,4,8,0,"[4-5-8]",2,42,3.21103,0.97,0.838994,2,0.5,7856,934
8790,4399.03,ga_tcheby_proxy,mesh9,7,6,1,"[]",0,0,0,0,0,0,0.5,7856,935
8791,4399.78,ga_tcheby_proxy,mesh9,1,2,0,"[1-2]",1,22,1.61449,0.97,0.839196,1,0.5,7857,935
8792,4401.04,ga_tcheby_proxy,mesh9,3,0,0,"[3-0]",1,20,1.59654,0.975,0.837975,1,0.5,7858,935
8793,4401.08,ga_tcheby_proxy,mesh9,7,1,1,"[]",0,0,0,0,0,0,0.5,7858,936
8794,4401.17,ga_tcheby_proxy,mesh9,5,7,0,"[5-8-7]",2,42,3.21103,0.97,0.838994,2,0.5,7859,936
8795,4402.34,ga_tcheby_proxy,mesh9,0,3,0,"[0-3]",1,20,1.59654,0.975,0.841191,1,0.5,7860,936
8796,4403.01,ga_tcheby_proxy,mesh9,3,6,0,"[3-6]",1,20,1.59654,0.975,0.833982,1,0.5,7861,936
8797,4403.19,ga_tcheby_proxy,mesh9,1,5,0,"[1-4-5]",2,42,3.21103,0.97,0.840994,2,0.5,7862,936
8798,4403.62,ga_tcheby_proxy,mesh9,1,5,0,"[1-2-5]",2,42,3.21103,0.97,0.840994,2,0.5,7863,936
8799,4404.19,ga_tcheby_proxy,mesh9,2,3,0,"[2-5-4-3]",3,64,4.82552,0.97,0.841191,3,0.5,7864,936
8800,4404.82,ga_tcheby_proxy,mesh9,7,6,0,"[7-6]",1,22,1.61449,0.97,0.834625,1,0.5,7865,936
8801,4405.01,ga_tcheby_proxy,mesh9,5,6,0,"[5-4-3-6]",3,64,4.82552,0.97,0.838994,3,0.5,7866,936
8802,4405.84,ga_tcheby_proxy,mesh9,2,4,0,"[2-1-4]",2,42,3.21103,0.97,0.841191,2,0.5,7867,936
8803,4407.01,ga_tcheby_proxy,mesh9,4,7,0,"[4-7]",1,20,1.59654,0.975,0.839599,1,0.5,7868,936
8804,4407.31,ga_tcheby_proxy,mesh9,8,1,0,"[8-5-2-1]",3,62,4.80756,0.97,0.834625,3,0.5,7869,936
8805,4407.55,ga_tcheby_proxy,mesh9,7,2,0,"[7-8-5-2]",3,62,4.80756,0.97,0.838791,3,0.5,7870,936
8806,4407.6,ga_tcheby_proxy,mesh9,4,0,1,"[]",0,0,0,0,0,0,0.5,7870,937
8807,4407.7,ga_tcheby_proxy,mesh9,1,5,0,"[1-4-5]",2,42,3.21103,0.97,0.841388,2,0.5,7871,937
8808,4408.58,ga_tcheby_proxy,mesh9,4,6,0,"[4-3-6]",2,42,3.21103,0.97,0.839196,2,0.5,7872,937
8809,4409.2,ga_tcheby_proxy,mesh9,4,5,0,"[4-5]",1,22,1.61449,0.97,0.839599,1,0.5,7873,937
8810,4409.72,ga_tcheby_proxy,mesh9,1,3,0,"[1-0-3]",2,42,3.21103,0.97,0.841388,2,0.5,7874,937
8811,4410.04,ga_tcheby_proxy,mesh9,6,8,0,"[6-7-8]",2,44,3.22898,0.97,0.839196,2,0.5,7875,937
8812,4410.57,ga_tcheby_proxy,mesh9,7,5,0,"[7-8-5]",2,42,3.21103,0.97,0.839196,2,0.5,7876,937
8813,4411.46,ga_tcheby_proxy,mesh9,7,4,0,"[7-4]",1,20,1.59654,0.975,0.835476,1,0.5,7877,937
8814,4411.81,ga_tcheby_proxy,mesh9,7,1,0,"[7-4-1]",2,40,3.19307,0.975,0.835687,2,0.5,7878,937
8815,4412.69,ga_tcheby_proxy,mesh9,1,0,0,"[1-0]",1,22,1.61449,0.97,0.839196,1,0.5,7879,937
8816,4412.88,ga_tcheby_proxy,mesh9,4,3,0,"[4-3]",1,22,1.61449,0.97,0.839398,1,0.5,7880,937
8817,4413.38,ga_tcheby_proxy,mesh9,1,0,0,"[1-0]",1,22,1.61449,0.97,0.839398,1,0.5,7881,937
8818,4413.42,ga_tcheby_proxy,mesh9,2,5,1,"[]",0,0,0,0,0,0,0.5,7881,938
8819,4414.74,ga_tcheby_proxy,mesh9,7,0,0,"[7-6-3-0]",3,62,4.80756,0.97,0.838994,3,0.5,7882,938
8820,4415.49,ga_tcheby_proxy,mesh9,3,6,0,"[3-6]",1,20,1.59654,0.975,0.834625,1,0.5,7883,938
8821,4416.31,ga_tcheby_proxy,mesh9,2,8,0,"[2-5-8]",2,40,3.19307,0.975,0.841388,2,0.5,7884,938
8822,4416.44,ga_tcheby_proxy,mesh9,0,4,0,"[0-3-4]",2,42,3.21103,0.97,0.841584,2,0.5,7885,938
8823,4417.43,ga_tcheby_proxy,mesh9,4,6,0,"[4-3-6]",2,42,3.21103,0.97,0.839599,2,0.5,7886,938
8824,4417.55,ga_tcheby_proxy,mesh9,0,5,0,"[0-1-4-5]",3,64,4.82552,0.97,0.841584,3,0.5,7887,938
8825,4417.61,ga_tcheby_proxy,mesh9,8,3,1,"[]",0,0,0,0,0,0,0.5,7887,939
8826,4419.24,ga_tcheby_proxy,mesh9,6,0,0,"[6-3-0]",2,40,3.19307,0.975,0.839196,2,0.5,7888,939
8827,4419.84,ga_tcheby_proxy,mesh9,1,5,0,"[1-2-5]",2,42,3.21103,0.97,0.841584,2,0.5,7889,939
8828,4421.32,ga_tcheby_proxy,mesh9,3,0,0,"[3-0]",1,20,1.59654,0.975,0.838588,1,0.5,7890,939
8829,4421.36,ga_tcheby_proxy,mesh9,0,1,1,"[]",0,0,0,0,0,0,0.5,7890,940
8830,4421.6,ga_tcheby_proxy,mesh9,2,7,0,"[2-5-8-7]",3,62,4.80756,0.97,0.84178,3,0.5,7891,940
8831,4421.62,ga_tcheby_proxy,mesh9,3,2,1,"[]",0,0,0,0,0,0,0.5,7891,941
8832,4421.81,ga_tcheby_proxy,mesh9,4,8,0,"[4-7-8]",2,42,3.21103,0.97,0.8398,2,0.5,7892,941
8833,4424.04,ga_tcheby_proxy,mesh9,6,5,0,"[6-7-8-5]",3,64,4.82552,0.97,0.839599,3,0.5,7893,941
8834,4424.36,ga_tcheby_proxy,mesh9,3,0,0,"[3-0]",1,20,1.59654,0.975,0.838791,1,0.5,7894,941
8835,4424.44,ga_tcheby_proxy,mesh9,0,8,0,"[0-3-4-7-8]",4,84,6.42205,0.97,0.84178,4,0.5,7895,941
8836,4424.49,ga_tcheby_proxy,mesh9,0,6,1,"[]",0,0,0,0,0,0,0.5,7895,942
8837,4424.94,ga_tcheby_proxy,mesh9,0,5,0,"[0-1-4-5]",3,64,4.82552,0.97,0.84178,3,0.5,7896,942
8838,4425.87,ga_tcheby_proxy,mesh9,1,3,0,"[1-0-3]",2,42,3.21103,0.97,0.841975,2,0.5,7897,942
8839,4425.91,ga_tcheby_proxy,mesh9,4,8,1,"[]",0,0,0,0,0,0,0.5,7897,943
8840,4426.53,ga_tcheby_proxy,mesh9,5,6,0,"[5-8-7-6]",3,64,4.82552,0.97,0.839599,3,0.5,7898,943
8841,4427.05,ga_tcheby_proxy,mesh9,5,4,0,"[5-4]",1,22,1.61449,0.97,0.834839,1,0.5,7899,943
8842,4427.49,ga_tcheby_proxy,mesh9,5,3,0,"[5-4-3]",2,44,3.22898,0.97,0.8398,2,0.5,7900,943
8843,4427.89,ga_tcheby_proxy,mesh9,6,0,0,"[6-3-0]",2,40,3.19307,0.975,0.839398,2,0.5,7901,943
8844,4428.3,ga_tcheby_proxy,mesh9,8,4,0,"[8-5-4]",2,42,3.21103,0.97,0.835264,2,0.5,7902,943
8845,4428.68,ga_tcheby_proxy,mesh9,6,2,0,"[6-7-4-1-2]",4,84,6.42205,0.97,0.8398,4,0.5,7903,943
8846,4429.11,ga_tcheby_proxy,mesh9,2,0,0,"[2-1-0]",2,44,3.22898,0.97,0.8398,2,0.5,7904,943
8847,4429.9,ga_tcheby_proxy,mesh9,7,8,0,"[7-8]",1,22,1.61449,0.97,0.84,1,0.5,7905,943
8848,4429.93,ga_tcheby_proxy,mesh9,5,4,1,"[]",0,0,0,0,0,0,0.5,7905,944
8849,4431.65,ga_tcheby_proxy,mesh9,0,5,0,"[0-1-4-5]",3,64,4.82552,0.97,0.841975,3,0.5,7906,944
8850,4431.89,ga_tcheby_proxy,mesh9,1,7,0,"[1-4-7]",2,40,3.19307,0.975,0.84217,2,0.5,7907,944
8851,4432.82,ga_tcheby_proxy,mesh9,2,7,0,"[2-5-8-7]",3,62,4.80756,0.97,0.841975,3,0.5,7908,944
8852,4434.12,ga_tcheby_proxy,mesh9,2,8,0,"[2-5-8]",2,40,3.19307,0.975,0.84217,2,0.5,7909,944
8853,4434.42,ga_tcheby_proxy,mesh9,1,4,0,"[1-4]",1,20,1.59654,0.975,0.842365,1,0.5,7910,944
8854,4434.9,ga_tcheby_proxy,mesh9,3,8,0,"[3-6-7-8]",3,64,4.82552,0.97,0.8402,3,0.5,7911,944
8855,4437.19,ga_tcheby_proxy,mesh9,4,7,0,"[4-7]",1,20,1.59654,0.975,0.840399,1,0.5,7912,944
8856,4437.29,ga_tcheby_proxy,mesh9,4,0,0,"[4-3-0]",2,42,3.21103,0.97,0.84,2,0.5,7913,944
8857,4438.02,ga_tcheby_proxy,mesh9,5,0,0,"[5-4-1-0]",3,64,4.82552,0.97,0.84,3,0.5,7914,944
8858,4439.51,ga_tcheby_proxy,mesh9,7,5,0,"[7-8-5]",2,42,3.21103,0.97,0.840399,2,0.5,7915,944
8859,4439.91,ga_tcheby_proxy,mesh9,5,3,0,"[5-4-3]",2,44,3.22898,0.97,0.8402,2,0.5,7916,944
8860,4440.35,ga_tcheby_proxy,mesh9,2,4,0,"[2-5-4]",2,42,3.21103,0.97,0.842365,2,0.5,7917,944
8861,4440.99,ga_tcheby_proxy,mesh9,7,2,0,"[7-4-1-2]",3,62,4.80756,0.97,0.84,3,0.5,7918,944
8862,4441.22,ga_tcheby_proxy,mesh9,5,0,0,"[5-2-1-0]",3,64,4.82552,0.97,0.8402,3,0.5,7919,944
8863,4441.47,ga_tcheby_proxy,mesh9,0,3,0,"[0-3]",1,20,1.59654,0.975,0.84217,1,0.5,7920,944
8864,4441.72,ga_tcheby_proxy,mesh9,1,2,0,"[1-2]",1,22,1.61449,0.97,0.8402,1,0.5,7921,944
8865,4442.51,ga_tcheby_proxy,mesh9,2,7,0,"[2-5-4-7]",3,62,4.80756,0.97,0.842558,3,0.5,7922,944
8866,4442.66,ga_tcheby_proxy,mesh9,0,4,0,"[0-3-4]",2,42,3.21103,0.97,0.842365,2,0.5,7923,944
8867,4442.71,ga_tcheby_proxy,mesh9,7,2,1,"[]",0,0,0,0,0,0,0.5,7923,945
8868,4445.8,ga_tcheby_proxy,mesh9,1,8,0,"[1-4-7-8]",3,62,4.80756,0.97,0.842558,3,0.5,7924,945
8869,4445.85,ga_tcheby_proxy,mesh9,5,1,1,"[]",0,0,0,0,0,0,0.5,7924,946
8870,4446.43,ga_tcheby_proxy,mesh9,5,2,0,"[5-2]",1,20,1.59654,0.975,0.821727,1,0.5,7925,946
8871,4447.34,ga_tcheby_proxy,mesh9,5,4,0,"[5-4]",1,22,1.61449,0.97,0.836317,1,0.5,7926,946
8872,4447.67,ga_tcheby_proxy,mesh9,1,2,0,"[1-2]",1,22,1.61449,0.97,0.840399,1,0.5,7927,946
8873,4448.05,ga_tcheby_proxy,mesh9,6,4,0,"[6-3-4]",2,42,3.21103,0.97,0.839599,2,0.5,7928,946
8874,4448.68,ga_tcheby_proxy,mesh9,7,2,0,"[7-4-5-2]",3,62,4.80756,0.97,0.840399,3,0.5,7929,946
8875,4448.73,ga_tcheby_proxy,mesh9,1,4,1,"[]",0,0,0,0,0,0,0.5,7929,947
8876,4449.32,ga_tcheby_proxy,mesh9,2,1,0,"[2-1]",1,22,1.61449,0.97,0.835264,1,0.5,7930,947
8877,4450.28,ga_tcheby_proxy,mesh9,0,8,0,"[0-3-6-7-8]",4,84,6.42205,0.97,0.842558,4,0.5,7931,947
8878,4450.51,ga_tcheby_proxy,mesh9,2,7,0,"[2-5-8-7]",3,62,4.80756,0.97,0.842752,3,0.5,7932,947
8879,4450.63,ga_tcheby_proxy,mesh9,0,3,0,"[0-3]",1,20,1.59654,0.975,0.842752,1,0.5,7933,947
8880,4451.42,ga_tcheby_proxy,mesh9,1,0,0,"[1-0]",1,22,1.61449,0.97,0.840399,1,0.5,7934,947
8881,4452.19,ga_tcheby_proxy,mesh9,5,8,0,"[5-8]",1,20,1.59654,0.975,0.840399,1,0.5,7935,947
8882,4452.28,ga_tcheby_proxy,mesh9,3,8,0,"[3-4-5-8]",3,64,4.82552,0.97,0.840598,3,0.5,7936,947
8883,4452.85,ga_tcheby_proxy,mesh9,8,3,0,"[8-7-6-3]",3,64,4.82552,0.97,0.8398,3,0.5,7937,947
8884,4452.89,ga_tcheby_proxy,mesh9,0,4,1,"[]",0,0,0,0,0,0,0.5,7937,948
8885,4453.02,ga_tcheby_proxy,mesh9,4,5,0,"[4-5]",1,22,1.61449,0.97,0.840796,1,0.5,7938,948
8886,4453.78,ga_tcheby_proxy,mesh9,5,0,0,"[5-4-3-0]",3,64,4.82552,0.97,0.840399,3,0.5,7939,948
8887,4454.84,ga_tcheby_proxy,mesh9,7,0,0,"[7-6-3-0]",3,62,4.80756,0.97,0.84,3,0.5,7940,948
8888,4455.64,ga_tcheby_proxy,mesh9,7,8,0,"[7-8]",1,22,1.61449,0.97,0.840994,1,0.5,7941,948
8889,4456.09,ga_tcheby_proxy,mesh9,4,8,0,"[4-5-8]",2,42,3.21103,0.97,0.840994,2,0.5,7942,948
8890,4456.84,ga_tcheby_proxy,mesh9,3,4,0,"[3-4]",1,22,1.61449,0.97,0.84,1,0.5,7943,948
8891,4456.99,ga_tcheby_proxy,mesh9,2,5,0,"[2-5]",1,20,1.59654,0.975,0.842945,1,0.5,7944,948
8892,4457.89,ga_tcheby_proxy,mesh9,3,2,0,"[3-4-1-2]",3,64,4.82552,0.97,0.840598,3,0.5,7945,948
8893,4458.11,ga_tcheby_proxy,mesh9,4,7,0,"[4-7]",1,20,1.59654,0.975,0.840994,1,0.5,7946,948
8894,4459.44,ga_tcheby_proxy,mesh9,5,7,0,"[5-8-7]",2,42,3.21103,0.97,0.840994,2,0.5,7947,948
8895,4459.54,ga_tcheby_proxy,mesh9,7,8,0,"[7-8]",1,22,1.61449,0.97,0.841191,1,0.5,7948,948
8896,4459.63,ga_tcheby_proxy,mesh9,3,6,0,"[3-6]",1,20,1.59654,0.975,0.835476,1,0.5,7949,948
8897,4460.03,ga_tcheby_proxy,mesh9,4,5,0,"[4-5]",1,22,1.61449,0.97,0.841191,1,0.5,7950,948
8898,4460.33,ga_tcheby_proxy,mesh9,3,1,0,"[3-0-1]",2,42,3.21103,0.97,0.8398,2,0.5,7951,948
8899,4460.47,ga_tcheby_proxy,mesh9,7,3,0,"[7-6-3]",2,42,3.21103,0.97,0.8402,2,0.5,7952,948
8900,4461.84,ga_tcheby_proxy,mesh9,2,4,0,"[2-1-4]",2,42,3.21103,0.97,0.842752,2,0.5,7953,948
8901,4462.65,ga_tcheby_proxy,mesh9,2,6,0,"[2-1-4-7-6]",4,84,6.42205,0.97,0.842945,4,0.5,7954,948
8902,4462.67,ga_tcheby_proxy,mesh9,1,6,1,"[]",0,0,0,0,0,0,0.5,7954,949
8903,4463.1,ga_tcheby_proxy,mesh9,6,2,0,"[6-7-4-1-2]",4,84,6.42205,0.97,0.840796,4,0.5,7955,949
8904,4463.34,ga_tcheby_proxy,mesh9,3,8,0,"[3-6-7-8]",3,64,4.82552,0.97,0.841388,3,0.5,7956,949
8905,4463.78,ga_tcheby_proxy,mesh9,1,3,0,"[1-0-3]",2,42,3.21103,0.97,0.842945,2,0.5,7957,949
8906,4464.43,ga_tcheby_proxy,mesh9,5,1,0,"[5-2-1]",2,42,3.21103,0.97,0.835897,2,0.5,7958,949
8907,4464.63,ga_tcheby_proxy,mesh9,0,5,0,"[0-3-4-5]",3,64,4.82552,0.97,0.843137,3,0.5,7959,949
8908,4465.69,ga_tcheby_proxy,mesh9,1,6,0,"[1-4-3-6]",3,62,4.80756,0.97,0.843137,3,0.5,7960,949
8909,4467.02,ga_tcheby_proxy,mesh9,6,2,0,"[6-7-4-1-2]",4,84,6.42205,0.97,0.840994,4,0.5,7961,949
8910,4467.51,ga_tcheby_proxy,mesh9,4,1,0,"[4-1]",1,20,1.59654,0.975,0.833982,1,0.5,7962,949
8911,4471.47,ga_tcheby_proxy,mesh9,6,7,0,"[6-7]",1,22,1.61449,0.97,0.840796,1,0.5,7963,949
8912,4472.29,ga_tcheby_proxy,mesh9,2,8,0,"[2-5-8]",2,40,3.19307,0.975,0.843137,2,0.5,7964,949
8913,4473.7,ga_tcheby_proxy,mesh9,3,8,0,"[3-6-7-8]",3,64,4.82552,0.97,0.841584,3,0.5,7965,949
8914,4473.88,ga_tcheby_proxy,mesh9,7,3,0,"[7-6-3]",2,42,3.21103,0.97,0.840399,2,0.5,7966,949
8915,4474.2,ga_tcheby_proxy,mesh9,3,6,0,"[3-6]",1,20,1.59654,0.975,0.836317,1,0.5,7967,949
8916,4475.3,ga_tcheby_proxy,mesh9,0,1,0,"[0-1]",1,22,1.61449,0.97,0.833982,1,0.5,7968,949
8917,4475.31,ga_tcheby_proxy,mesh9,2,1,1,"[]",0,0,0,0,0,0,0.5,7968,950
8918,4475.6,ga_tcheby_proxy,mesh9,1,5,0,"[1-2-5]",2,42,3.21103,0.97,0.843329,2,0.5,7969,950
8919,4476.27,ga_tcheby_proxy,mesh9,2,6,0,"[2-1-4-7-6]",4,84,6.42205,0.97,0.843329,4,0.5,7970,950
8920,4476.41,ga_tcheby_proxy,mesh9,4,0,0,"[4-1-0]",2,42,3.21103,0.97,0.840796,2,0.5,7971,950
8921,4476.53,ga_tcheby_proxy,mesh9,0,6,0,"[0-3-6]",2,40,3.19307,0.975,0.843329,2,0.5,7972,950
8922,4477.46,ga_tcheby_proxy,mesh9,0,5,0,"[0-3-4-5]",3,64,4.82552,0.97,0.843521,3,0.5,7973,950
8923,4477.68,ga_tcheby_proxy,mesh9,7,0,0,"[7-6-3-0]",3,62,4.80756,0.97,0.840598,3,0.5,7974,950
8924,4479.27,ga_tcheby_proxy,mesh9,4,3,0,"[4-3]",1,22,1.61449,0.97,0.840796,1,0.5,7975,950
8925,4479.74,ga_tcheby_proxy,mesh9,3,8,0,"[3-4-5-8]",3,64,4.82552,0.97,0.84178,3,0.5,7976,950
8926,4480.14,ga_tcheby_proxy,mesh9,4,6,0,"[4-3-6]",2,42,3.21103,0.97,0.840994,2,0.5,7977,950
8927,4480.41,ga_tcheby_proxy,mesh9,3,6,0,"[3-6]",1,20,1.59654,0.975,0.836943,1,0.5,7978,950
8928,4480.46,ga_tcheby_proxy,mesh9,4,6,1,"[]",0,0,0,0,0,0,0.5,7978,951
8929,4480.51,ga_tcheby_proxy,mesh9,2,7,1,"[]",0,0,0,0,0,0,0.5,7978,952
8930,4480.74,ga_tcheby_proxy,mesh9,5,3,0,"[5-4-3]",2,44,3.22898,0.97,0.841191,2,0.5,7979,952
8931,4481.14,ga_tcheby_proxy,mesh9,7,3,0,"[7-6-3]",2,42,3.21103,0.97,0.840796,2,0.5,7980,952
8932,4481.75,ga_tcheby_proxy,mesh9,4,7,0,"[4-7]",1,20,1.59654,0.975,0.841584,1,0.5,7981,952
8933,4481.83,ga_tcheby_proxy,mesh9,3,5,0,"[3-4-5]",2,44,3.22898,0.97,0.841975,2,0.5,7982,952
8934,4482.96,ga_tcheby_proxy,mesh9,3,7,0,"[3-6-7]",2,42,3.21103,0.97,0.841191,2,0.5,7983,952
8935,4483.38,ga_tcheby_proxy,mesh9,4,2,0,"[4-1-2]",2,42,3.21103,0.97,0.841388,2,0.5,7984,952
8936,4483.49,ga_tcheby_proxy,mesh9,3,1,0,"[3-0-1]",2,42,3.21103,0.97,0.8402,2,0.5,7985,952
8937,4484.12,ga_tcheby_proxy,mesh9,8,5,0,"[8-5]",1,20,1.59654,0.975,0.827957,1,0.5,7986,952
8938,4484.25,ga_tcheby_proxy,mesh9,1,7,0,"[1-4-7]",2,40,3.19307,0.975,0.843521,2,0.5,7987,952
8939,4484.48,ga_tcheby_proxy,mesh9,3,8,0,"[3-6-7-8]",3,64,4.82552,0.97,0.84178,3,0.5,7988,952
8940,4484.65,ga_tcheby_proxy,mesh9,3,5,0,"[3-4-5]",2,44,3.22898,0.97,0.84217,2,0.5,7989,952
8941,4484.69,ga_tcheby_proxy,mesh9,0,3,1,"[]",0,0,0,0,0,0,0.5,7989,953
8942,4485.42,ga_tcheby_proxy,mesh9,1,6,0,"[1-0-3-6]",3,62,4.80756,0.97,0.843712,3,0.5,7990,953
8943,4485.76,ga_tcheby_proxy,mesh9,1,0,0,"[1-0]",1,22,1.61449,0.97,0.841191,1,0.5,7991,953
8944,4486.05,ga_tcheby_proxy,mesh9,6,2,0,"[6-7-4-1-2]",4,84,6.42205,0.97,0.841584,4,0.5,7992,953
8945,4486.16,ga_tcheby_proxy,mesh9,4,8,0,"[4-7-8]",2,42,3.21103,0.97,0.841975,2,0.5,7993,953
8946,4486.17,ga_tcheby_proxy,mesh9,3,1,1,"[]",0,0,0,0,0,0,0.5,7993,954
8947,4487.41,ga_tcheby_proxy,mesh9,2,7,0,"[2-5-8-7]",3,62,4.80756,0.97,0.843521,3,0.5,7994,954
8948,4487.44,ga_tcheby_proxy,mesh9,5,0,1,"[]",0,0,0,0,0,0,0.5,7994,955
8949,4488.12,ga_tcheby_proxy,mesh9,2,6,0,"[2-1-4-7-6]",4,84,6.42205,0.97,0.843712,4,0.5,7995,955
8950,4488.15,ga_tcheby_proxy,mesh9,3,2,1,"[]",0,0,0,0,0,0,0.5,7995,956
8951,4488.8,ga_tcheby_proxy,mesh9,6,2,0,"[6-7-4-1-2]",4,84,6.42205,0.97,0.84178,4,0.5,7996,956
8952,4490.49,ga_tcheby_proxy,mesh9,3,1,0,"[3-0-1]",2,42,3.21103,0.97,0.840399,2,0.5,7997,956
8953,4490.98,ga_tcheby_proxy,mesh9,3,7,0,"[3-6-7]",2,42,3.21103,0.97,0.841975,2,0.5,7998,956
8954,4491.11,ga_tcheby_proxy,mesh9,1,4,0,"[1-4]",1,20,1.59654,0.975,0.843902,1,0.5,7999,956
8955,4491.33,ga_tcheby_proxy,mesh9,5,2,0,"[5-2]",1,20,1.59654,0.975,0.822469,1,0.5,8000,956
8956,4491.72,ga_tcheby_proxy,mesh9,7,4,0,"[7-4]",1,20,1.59654,0.975,0.837357,1,0.5,8001,956
8957,4492.66,ga_tcheby_proxy,mesh9,1,5,0,"[1-2-5]",2,42,3.21103,0.97,0.843712,2,0.5,8002,956
8958,4493.13,ga_tcheby_proxy,mesh9,1,7,0,"[1-4-7]",2,40,3.19307,0.975,0.844093,2,0.5,8003,956
8959,4493.62,ga_tcheby_proxy,mesh9,1,4,0,"[1-4]",1,20,1.59654,0.975,0.844282,1,0.5,8004,956
8960,4493.91,ga_tcheby_proxy,mesh9,1,3,0,"[1-0-3]",2,42,3.21103,0.97,0.843902,2,0.5,8005,956
8961,4494.5,ga_tcheby_proxy,mesh9,5,6,0,"[5-4-3-6]",3,64,4.82552,0.97,0.841388,3,0.5,8006,956
8962,4495.05,ga_tcheby_proxy,mesh9,5,4,0,"[5-4]",1,22,1.61449,0.97,0.83715,1,0.5,8007,956
8963,4495.21,ga_tcheby_proxy,mesh9,5,1,0,"[5-2-1]",2,42,3.21103,0.97,0.836526,2,0.5,8008,956
8964,4496.23,ga_tcheby_proxy,mesh9,4,0,0,"[4-3-0]",2,42,3.21103,0.97,0.841584,2,0.5,8009,956
8965,4496.55,ga_tcheby_proxy,mesh9,0,7,0,"[0-3-4-7]",3,62,4.80756,0.97,0.844093,3,0.5,8010,956
8966,4496.86,ga_tcheby_proxy,mesh9,8,5,0,"[8-5]",1,20,1.59654,0.975,0.828188,1,0.5,8011,956
8967,4497.49,ga_tcheby_proxy,mesh9,4,5,0,"[4-5]",1,22,1.61449,0.97,0.842365,1,0.5,8012,956
8968,4497.61,ga_tcheby_proxy,mesh9,7,5,0,"[7-8-5]",2,42,3.21103,0.97,0.84217,2,0.5,8013,956
8969,4498.88,ga_tcheby_proxy,mesh9,1,7,0,"[1-4-7]",2,40,3.19307,0.975,0.844471,2,0.5,8014,956
8970,4499.84,ga_tcheby_proxy,mesh9,8,2,0,"[8-5-2]",2,40,3.19307,0.975,0.828648,2,0.5,8015,956
8971,4500.05,ga_tcheby_proxy,mesh9,4,0,0,"[4-1-0]",2,42,3.21103,0.97,0.841584,2,0.5,8016,956
8972,4501.03,ga_tcheby_proxy,mesh9,4,0,0,"[4-1-0]",2,42,3.21103,0.97,0.84178,2,0.5,8017,956
8973,4501.36,ga_tcheby_proxy,mesh9,2,6,0,"[2-5-8-7-6]",4,84,6.42205,0.97,0.843902,4,0.5,8018,956
8974,4503.37,ga_tcheby_proxy,mesh9,6,7,0,"[6-7]",1,22,1.61449,0.97,0.84217,1,0.5,8019,956
8975,4504.1,ga_tcheby_proxy,mesh9,7,3,0,"[7-6-3]",2,42,3.21103,0.97,0.840994,2,0.5,8020,956
8976,4504.74,ga_tcheby_proxy,mesh9,1,0,0,"[1-0]",1,22,1.61449,0.97,0.841975,1,0.5,8021,956
8977,4504.74,ga_tcheby_proxy,mesh9,0,5,1,"[]",0,0,0,0,0,0,0.5,8021,957
8978,4505.18,ga_tcheby_proxy,mesh9,4,6,0,"[4-3-6]",2,42,3.21103,0.97,0.84178,2,0.5,8022,957
8979,4505.79,ga_tcheby_proxy,mesh9,4,1,0,"[4-1]",1,20,1.59654,0.975,0.835476,1,0.5,8023,957
8980,4506.38,ga_tcheby_proxy,mesh9,2,3,0,"[2-5-4-3]",3,64,4.82552,0.97,0.844093,3,0.5,8024,957
8981,4506.44,ga_tcheby_proxy,mesh9,4,2,0,"[4-1-2]",2,42,3.34785,0.904278,0.84217,2,0.5,8025,957
8982,4506.61,ga_tcheby_proxy,mesh9,2,8,0,"[2-5-8]",2,40,3.19307,0.975,0.844282,2,0.5,8026,957
8983,4507.39,ga_tcheby_proxy,mesh9,2,5,0,"[2-5]",1,20,1.59654,0.975,0.844471,1,0.5,8027,957
8984,4508.3,ga_tcheby_proxy,mesh9,2,6,0,"[2-1-0-3-6]",4,84,6.42205,0.97,0.844282,4,0.5,8028,957
8985,4508.97,ga_tcheby_proxy,mesh9,4,0,0,"[4-3-0]",2,42,3.21103,0.97,0.84217,2,0.5,8029,957
8986,4509.39,ga_tcheby_proxy,mesh9,4,5,0,"[4-5]",1,22,1.61449,0.97,0.842558,1,0.5,8030,957
8987,4510.37,ga_tcheby_proxy,mesh9,5,0,0,"[5-2-1-0]",3,64,4.82552,0.97,0.842365,3,0.5,8031,957
8988,4510.58,ga_tcheby_proxy,mesh9,7,5,0,"[7-8-5]",2,42,3.21103,0.97,0.842365,2,0.5,8032,957
8989,4511.45,ga_tcheby_proxy,mesh9,4,8,0,"[4-5-8]",2,42,3.21103,0.97,0.842752,2,0.5,8033,957
8990,4513.54,ga_tcheby_proxy,mesh9,1,3,0,"[1-0-3]",2,42,3.21103,0.97,0.844471,2,0.5,8034,957
8991,4513.67,ga_tcheby_proxy,mesh9,0,3,0,"[0-3]",1,20,1.59654,0.975,0.84466,1,0.5,8035,957
8992,4513.73,ga_tcheby_proxy,mesh9,3,8,0,"[3-4-7-8]",3,64,4.94379,0.933979,0.842945,3,0.5,8036,957
8993,4513.82,ga_tcheby_proxy,mesh9,5,4,0,"[5-4]",1,22,1.61449,0.97,0.837563,1,0.5,8037,957
8994,4514.83,ga_tcheby_proxy,mesh9,3,6,0,"[3-6]",1,20,1.59654,0.975,0.838588,1,0.5,8038,957
8995,4514.95,ga_tcheby_proxy,mesh9,8,7,0,"[8-7]",1,22,1.61449,0.97,0.835687,1,0.5,8039,957
8996,4515.71,ga_tcheby_proxy,mesh9,6,2,0,"[6-7-4-1-2]",4,84,6.42205,0.97,0.842365,4,0.5,8040,957
8997,4515.85,ga_tcheby_proxy,mesh9,3,0,0,"[3-0]",1,20,1.59654,0.975,0.840994,1,0.5,8041,957
8998,4516,ga_tcheby_proxy,mesh9,7,1,0,"[7-4-1]",2,40,3.19307,0.975,0.837769,2,0.5,8042,957
8999,4516,ga_tcheby_proxy,mesh9,1,4,0,"[1-4]",1,20,1.61488,0.963549,0.845687,1,0.5,8043,957
9000,4516.75,ga_tcheby_proxy,mesh9,2,8,0,"[2-5-8]",2,40,3.19307,0.975,0.84466,2,0.5,8044,957
9001,4516.94,ga_tcheby_proxy,mesh9,7,0,0,"[7-6-3-0]",3,62,4.80756,0.97,0.841191,3,0.5,8045,957
9002,4517.09,ga_tcheby_proxy,mesh9,6,1,0,"[6-3-0-1]",3,62,4.80756,0.97,0.841388,3,0.5,8046,957
9003,4517.39,ga_tcheby_proxy,mesh9,6,7,0,"[6-7]",1,22,1.61449,0.97,0.842558,1,0.5,8047,957
9004,4517.5,ga_tcheby_proxy,mesh9,6,0,0,"[6-3-0]",2,40,3.19307,0.975,0.841584,2,0.5,8048,957
9005,4517.67,ga_tcheby_proxy,mesh9,0,7,0,"[0-1-4-7]",3,62,4.80756,0.97,0.844848,3,0.5,8049,957
9006,4518.12,ga_tcheby_proxy,mesh9,0,2,0,"[0-1-2]",2,44,3.22898,0.97,0.842558,2,0.5,8050,957
9007,4518.18,ga_tcheby_proxy,mesh9,0,4,1,"[]",0,0,0,0,0,0,0.5,8050,958
9008,4518.41,ga_tcheby_proxy,mesh9,1,6,0,"[1-0-3-6]",3,62,4.80756,0.97,0.844848,3,0.5,8051,958
9009,4518.41,ga_tcheby_proxy,mesh9,3,6,1,"[]",0,0,0,0,0,0,0.5,8051,959
9010,4518.56,ga_tcheby_proxy,mesh9,3,2,0,"[3-0-1-2]",3,64,4.82552,0.97,0.842752,3,0.5,8052,959
9011,4519.42,ga_tcheby_proxy,mesh9,2,7,0,"[2-5-4-7]",3,62,4.80756,0.97,0.844848,3,0.5,8053,959
9012,4519.81,ga_tcheby_proxy,mesh9,8,6,0,"[8-7-6]",2,44,3.22898,0.97,0.837769,2,0.5,8054,959
9013,4520.01,ga_tcheby_proxy,mesh9,0,5,0,"[0-1-2-5]",3,64,4.82552,0.97,0.845036,3,0.5,8055,959
9014,4520.13,ga_tcheby_proxy,mesh9,3,6,0,"[3-6]",1,20,1.59654,0.975,0.838994,1,0.5,8056,959
9015,4520.35,ga_tcheby_proxy,mesh9,8,0,0,"[8-7-6-3-0]",4,84,6.42205,0.97,0.841975,4,0.5,8057,959
9016,4520.79,ga_tcheby_proxy,mesh9,4,6,0,"[4-3-6]",2,42,3.21103,0.97,0.842365,2,0.5,8058,959
9017,4521.08,ga_tcheby_proxy,mesh9,2,6,0,"[2-1-4-7-6]",4,84,6.42205,0.97,0.845036,4,0.5,8059,959
9018,4521.31,ga_tcheby_proxy,mesh9,5,3,0,"[5-4-3]",2,44,3.22898,0.97,0.842558,2,0.5,8060,959
9019,4521.33,ga_tcheby_proxy,mesh9,1,8,1,"[]",0,0,0,0,0,0,0.5,8060,960
9020,4521.52,ga_tcheby_proxy,mesh9,4,7,0,"[4-7]",1,20,1.59654,0.975,0.843712,1,0.5,8061,960
9021,4522.05,ga_tcheby_proxy,mesh9,7,8,0,"[7-8]",1,22,1.61449,0.97,0.842752,1,0.5,8062,960
9022,4522.07,ga_tcheby_proxy,mesh9,5,2,1,"[]",0,0,0,0,0,0,0.5,8062,961
9023,4522.23,ga_tcheby_proxy,mesh9,2,7,0,"[2-5-8-7]",3,62,4.80756,0.97,0.845224,3,0.5,8063,961
9024,4522.38,ga_tcheby_proxy,mesh9,2,6,0,"[2-1-0-3-6]",4,84,6.42205,0.97,0.845036,4,0.5,8064,961
9025,4523.59,ga_tcheby_proxy,mesh9,1,4,0,"[1-4]",1,20,1.59654,0.975,0.845224,1,0.5,8065,961
9026,4523.59,ga_tcheby_proxy,mesh9,4,6,1,"[]",0,0,0,0,0,0,0.5,8065,962
9027,4524.06,ga_tcheby_proxy,mesh9,3,0,0,"[3-0]",1,20,1.59654,0.975,0.84217,1,0.5,8066,962
9028,4524.18,ga_tcheby_proxy,mesh9,4,5,0,"[4-5]",1,22,1.61449,0.97,0.842945,1,0.5,8067,962
9029,4524.35,ga_tcheby_proxy,mesh9,6,0,0,"[6-3-0]",2,40,3.19307,0.975,0.842365,2,0.5,8068,962
9030,4524.73,ga_tcheby_proxy,mesh9,4,3,0,"[4-3]",1,22,1.61449,0.97,0.842752,1,0.5,8069,962
9031,4525.39,ga_tcheby_proxy,mesh9,1,4,0,"[1-4]",1,20,1.59654,0.975,0.845411,1,0.5,8070,962
9032,4525.93,ga_tcheby_proxy,mesh9,6,1,0,"[6-3-4-1]",3,62,4.80756,0.97,0.84217,3,0.5,8071,962
9033,4526.03,ga_tcheby_proxy,mesh9,0,6,0,"[0-3-6]",2,40,3.19307,0.975,0.845224,2,0.5,8072,962
9034,4526.49,ga_tcheby_proxy,mesh9,3,2,0,"[3-4-5-2]",3,64,4.82552,0.97,0.843137,3,0.5,8073,962
9035,4526.84,ga_tcheby_proxy,mesh9,6,0,0,"[6-3-0]",2,40,3.19307,0.975,0.842558,2,0.5,8074,962
9036,4527.4,ga_tcheby_proxy,mesh9,3,6,0,"[3-6]",1,20,1.59654,0.975,0.8398,1,0.5,8075,962
9037,4527.42,ga_tcheby_proxy,mesh9,7,8,1,"[]",0,0,0,0,0,0,0.5,8075,963
9038,4527.44,ga_tcheby_proxy,mesh9,2,6,1,"[]",0,0,0,0,0,0,0.5,8075,964
9039,4527.86,ga_tcheby_proxy,mesh9,8,6,0,"[8-7-6]",2,44,3.22898,0.97,0.838384,2,0.5,8076,964
9040,4528.42,ga_tcheby_proxy,mesh9,7,5,0,"[7-8-5]",2,42,3.21103,0.97,0.842945,2,0.5,8077,964
9041,4528.83,ga_tcheby_proxy,mesh9,4,7,0,"[4-7]",1,20,1.59654,0.975,0.843902,1,0.5,8078,964
9042,4528.99,ga_tcheby_proxy,mesh9,1,4,0,"[1-4]",1,20,1.59654,0.975,0.845597,1,0.5,8079,964
9043,4531.21,ga_tcheby_proxy,mesh9,1,4,0,"[1-4]",1,20,1.59654,0.975,0.845783,1,0.5,8080,964
9044,4531.3,ga_tcheby_proxy,mesh9,5,0,0,"[5-4-3-0]",3,64,4.82552,0.97,0.842945,3,0.5,8081,964
9045,4531.33,ga_tcheby_proxy,mesh9,7,8,1,"[]",0,0,0,0,0,0,0.5,8081,965
9046,4531.69,ga_tcheby_proxy,mesh9,1,4,0,"[1-4]",1,20,1.59654,0.975,0.845969,1,0.5,8082,965
9047,4532.07,ga_tcheby_proxy,mesh9,0,1,0,"[0-1]",1,22,1.61449,0.97,0.835687,1,0.5,8083,965
9048,4532.21,ga_tcheby_proxy,mesh9,4,3,0,"[4-3]",1,22,1.61449,0.97,0.843137,1,0.5,8084,965
9049,4532.73,ga_tcheby_proxy,mesh9,4,0,0,"[4-1-0]",2,42,3.21103,0.97,0.843137,2,0.5,8085,965
9050,4533.59,ga_tcheby_proxy,mesh9,1,2,0,"[1-2]",1,22,1.61449,0.97,0.843137,1,0.5,8086,965
9051,4534.13,ga_tcheby_proxy,mesh9,3,8,0,"[3-6-7-8]",3,64,4.82552,0.97,0.843137,3,0.5,8087,965
9052,4534.27,ga_tcheby_proxy,mesh9,7,6,0,"[7-6]",1,22,1.61449,0.97,0.838588,1,0.5,8088,965
9053,4534.39,ga_tcheby_proxy,mesh9,2,3,0,"[2-5-4-3]",3,64,4.82552,0.97,0.845411,3,0.5,8089,965
9054,4535.85,ga_tcheby_proxy,mesh9,7,8,0,"[7-8]",1,22,1.61449,0.97,0.843329,1,0.5,8090,965
9055,4536.59,ga_tcheby_proxy,mesh9,4,8,0,"[4-5-8]",2,42,3.21103,0.97,0.843329,2,0.5,8091,965
9056,4536.6,ga_tcheby_proxy,mesh9,8,3,1,"[]",0,0,0,0,0,0,0.5,8091,966
9057,4537.23,ga_tcheby_proxy,mesh9,3,7,0,"[3-6-7]",2,42,3.21103,0.97,0.842945,2,0.5,8092,966
9058,4539.06,ga_tcheby_proxy,mesh9,0,3,0,"[0-3]",1,20,1.59654,0.975,0.845411,1,0.5,8093,966
9059,4540.19,ga_tcheby_proxy,mesh9,8,1,0,"[8-5-2-1]",3,62,4.80756,0.97,0.837563,3,0.5,8094,966
9060,4542.49,ga_tcheby_proxy,mesh9,2,6,0,"[2-5-4-7-6]",4,84,6.42205,0.97,0.845597,4,0.5,8095,966
9061,4542.55,ga_tcheby_proxy,mesh9,6,2,0,"[6-7-4-1-2]",4,84,6.56234,0.922339,0.843329,4,0.5,8096,966
9062,4542.58,ga_tcheby_proxy,mesh9,0,5,1,"[]",0,0,0,0,0,0,0.5,8096,967
9063,4544.09,ga_tcheby_proxy,mesh9,0,6,0,"[0-3-6]",2,40,3.19307,0.975,0.845597,2,0.5,8097,967
9064,4544.14,ga_tcheby_proxy,mesh9,5,1,1,"[]",0,0,0,0,0,0,0.5,8097,968
9065,4544.52,ga_tcheby_proxy,mesh9,7,4,0,"[7-4]",1,20,1.59654,0.975,0.83818,1,0.5,8098,968
9066,4545.39,ga_tcheby_proxy,mesh9,3,1,0,"[3-4-1]",2,42,3.21103,0.97,0.84217,2,0.5,8099,968
9067,4547.71,ga_tcheby_proxy,mesh9,2,3,0,"[2-5-4-3]",3,64,4.82552,0.97,0.845783,3,0.5,8100,968
9068,4547.78,ga_tcheby_proxy,mesh9,4,1,0,"[4-1]",1,20,1.59654,0.975,0.83715,1,0.5,8101,968
9069,4548.2,ga_tcheby_proxy,mesh9,4,8,0,"[4-5-8]",2,42,3.21103,0.97,0.843521,2,0.5,8102,968
9070,4548.61,ga_tcheby_proxy,mesh9,2,1,0,"[2-1]",1,22,1.61449,0.97,0.837769,1,0.5,8103,968
9071,4549.54,ga_tcheby_proxy,mesh9,3,4,0,"[3-4]",1,22,1.61449,0.97,0.842365,1,0.5,8104,968
9072,4551.57,ga_tcheby_proxy,mesh9,4,8,0,"[4-5-8]",2,42,3.21103,0.97,0.843712,2,0.5,8105,968
9073,4551.62,ga_tcheby_proxy,mesh9,3,8,1,"[]",0,0,0,0,0,0,0.5,8105,969
9074,4551.66,ga_tcheby_proxy,mesh9,3,6,1,"[]",0,0,0,0,0,0,0.5,8105,970
9075,4551.88,ga_tcheby_proxy,mesh9,3,5,0,"[3-4-5]",2,44,3.22898,0.97,0.843902,2,0.5,8106,970
9076,4552.36,ga_tcheby_proxy,mesh9,5,3,0,"[5-4-3]",2,44,3.22898,0.97,0.843712,2,0.5,8107,970
9077,4554.74,ga_tcheby_proxy,mesh9,7,2,0,"[7-4-1-2]",3,62,4.80756,0.97,0.843521,3,0.5,8108,970
9078,4554.78,ga_tcheby_proxy,mesh9,3,1,1,"[]",0,0,0,0,0,0,0.5,8108,971
9079,4555.09,ga_tcheby_proxy,mesh9,4,3,0,"[4-3]",1,22,1.61449,0.97,0.843902,1,0.5,8109,971
9080,4556.13,ga_tcheby_proxy,mesh9,4,8,0,"[4-5-8]",2,42,3.21103,0.97,0.844093,2,0.5,8110,971
9081,4556.47,ga_tcheby_proxy,mesh9,3,2,0,"[3-4-1-2]",3,64,4.82552,0.97,0.843712,3,0.5,8111,971
9082,4556.52,ga_tcheby_proxy,mesh9,4,2,1,"[]",0,0,0,0,0,0,0.5,8111,972
9083,4556.85,ga_tcheby_proxy,mesh9,6,5,0,"[6-7-8-5]",3,64,4.82552,0.97,0.843521,3,0.5,8112,972
9084,4557.15,ga_tcheby_proxy,mesh9,1,6,0,"[1-0-3-6]",3,62,4.80756,0.97,0.845783,3,0.5,8113,972
9085,4557.46,ga_tcheby_proxy,mesh9,8,5,0,"[8-5]",1,20,1.59654,0.975,0.829787,1,0.5,8114,972
9086,4557.5,ga_tcheby_proxy,mesh9,6,8,1,"[]",0,0,0,0,0,0,0.5,8114,973
9087,4557.63,ga_tcheby_proxy,mesh9,5,2,0,"[5-2]",1,20,1.59654,0.975,0.823934,1,0.5,8115,973
9088,4559.7,ga_tcheby_proxy,mesh9,3,6,0,"[3-6]",1,20,1.59654,0.975,0.840796,1,0.5,8116,973
9089,4559.8,ga_tcheby_proxy,mesh9,6,2,0,"[6-7-8-5-2]",4,84,6.42205,0.97,0.843712,4,0.5,8117,973
9090,4561.44,ga_tcheby_proxy,mesh9,6,3,0,"[6-3]",1,20,1.59654,0.975,0.842558,1,0.5,8118,973
9091,4561.53,ga_tcheby_proxy,mesh9,2,6,0,"[2-5-8-7-6]",4,84,6.42205,0.97,0.845969,4,0.5,8119,973
9092,4562.09,ga_tcheby_proxy,mesh9,6,0,0,"[6-3-0]",2,40,3.19307,0.975,0.842945,2,0.5,8120,973
9093,4562.56,ga_tcheby_proxy,mesh9,4,3,0,"[4-3]",1,22,1.61449,0.97,0.844093,1,0.5,8121,973
9094,4562.88,ga_tcheby_proxy,mesh9,7,0,0,"[7-6-3-0]",3,62,4.80756,0.97,0.843137,3,0.5,8122,973
9095,4563.9,ga_tcheby_proxy,mesh9,2,3,0,"[2-1-0-3]",3,64,4.82552,0.97,0.845969,3,0.5,8123,973
9096,4563.97,ga_tcheby_proxy,mesh9,2,4,1,"[]",0,0,0,0,0,0,0.5,8123,974
9097,4564.26,ga_tcheby_proxy,mesh9,8,5,0,"[8-5]",1,20,1.59654,0.975,0.830239,1,0.5,8124,974
9098,4564.96,ga_tcheby_proxy,mesh9,5,0,0,"[5-4-1-0]",3,64,4.82552,0.97,0.843712,3,0.5,8125,974
9099,4565.31,ga_tcheby_proxy,mesh9,8,1,0,"[8-5-2-1]",3,62,4.80756,0.97,0.83818,3,0.5,8126,974
9100,4566.24,ga_tcheby_proxy,mesh9,7,1,0,"[7-4-1]",2,40,3.19307,0.975,0.838588,2,0.5,8127,974
9101,4567.25,ga_tcheby_proxy,mesh9,7,2,0,"[7-8-5-2]",3,62,4.80756,0.97,0.843902,3,0.5,8128,974
9102,4569.23,ga_tcheby_proxy,mesh9,4,8,0,"[4-5-8]",2,42,3.21103,0.97,0.844282,2,0.5,8129,974
9103,4569.27,ga_tcheby_proxy,mesh9,1,4,1,"[]",0,0,0,0,0,0,0.5,8129,975
9104,4569.98,ga_tcheby_proxy,mesh9,7,0,0,"[7-6-3-0]",3,62,4.80756,0.97,0.843329,3,0.5,8130,975
9105,4570.22,ga_tcheby_proxy,mesh9,2,8,0,"[2-5-8]",2,40,3.19307,0.975,0.846154,2,0.5,8131,975
9106,4571.41,ga_tcheby_proxy,mesh9,5,2,0,"[5-2]",1,20,1.59654,0.975,0.824897,1,0.5,8132,975
9107,4571.54,ga_tcheby_proxy,mesh9,7,0,0,"[7-6-3-0]",3,62,4.80756,0.97,0.843521,3,0.5,8133,975
9108,4572.71,ga_tcheby_proxy,mesh9,7,3,0,"[7-6-3]",2,42,3.21103,0.97,0.843521,2,0.5,8134,975
9109,4573.67,ga_tcheby_proxy,mesh9,1,6,0,"[1-0-3-6]",3,62,4.80756,0.97,0.846154,3,0.5,8135,975
9110,4574.66,ga_tcheby_proxy,mesh9,5,0,0,"[5-2-1-0]",3,64,4.82552,0.97,0.844093,3,0.5,8136,975
9111,4576.11,ga_tcheby_proxy,mesh9,7,1,0,"[7-4-1]",2,40,3.19307,0.975,0.838791,2,0.5,8137,975
9112,4576.85,ga_tcheby_proxy,mesh9,5,6,0,"[5-8-7-6]",3,64,4.82552,0.97,0.844093,3,0.5,8138,975
9113,4577.8,ga_tcheby_proxy,mesh9,7,1,0,"[7-4-1]",2,40,3.19307,0.975,0.838994,2,0.5,8139,975
9114,4579.03,ga_tcheby_proxy,mesh9,3,1,0,"[3-4-1]",2,42,3.21103,0.97,0.842945,2,0.5,8140,975
9115,4579.04,ga_tcheby_proxy,mesh9,7,3,1,"[]",0,0,0,0,0,0,0.5,8140,976
9116,4579.33,ga_tcheby_proxy,mesh9,6,5,0,"[6-7-8-5]",3,64,4.82552,0.97,0.844093,3,0.5,8141,976
9117,4579.46,ga_tcheby_proxy,mesh9,8,4,0,"[8-7-4]",2,42,3.21103,0.97,0.839196,2,0.5,8142,976
9118,4579.72,ga_tcheby_proxy,mesh9,6,2,0,"[6-3-0-1-2]",4,84,6.42205,0.97,0.843902,4,0.5,8143,976
9119,4580.08,ga_tcheby_proxy,mesh9,4,1,0,"[4-1]",1,20,1.59654,0.975,0.838791,1,0.5,8144,976
9120,4580.12,ga_tcheby_proxy,mesh9,7,0,1,"[]",0,0,0,0,0,0,0.5,8144,977
9121,4580.43,ga_tcheby_proxy,mesh9,3,8,0,"[3-6-7-8]",3,64,4.82552,0.97,0.844282,3,0.5,8145,977
9122,4581.95,ga_tcheby_proxy,mesh9,1,3,0,"[1-4-3]",2,42,3.21103,0.97,0.846154,2,0.5,8146,977
9123,4582.2,ga_tcheby_proxy,mesh9,7,6,0,"[7-6]",1,22,1.61449,0.97,0.8402,1,0.5,8147,977
9124,4583.35,ga_tcheby_proxy,mesh9,7,0,0,"[7-6-3-0]",3,62,4.80756,0.97,0.843902,3,0.5,8148,977
9125,4584.09,ga_tcheby_proxy,mesh9,7,5,0,"[7-8-5]",2,42,3.21103,0.97,0.844471,2,0.5,8149,977
9126,4584.82,ga_tcheby_proxy,mesh9,3,6,0,"[3-6]",1,20,1.59654,0.975,0.841388,1,0.5,8150,977
9127,4584.84,ga_tcheby_proxy,mesh9,7,5,1,"[]",0,0,0,0,0,0,0.5,8150,978
9128,4585,ga_tcheby_proxy,mesh9,4,5,0,"[4-5]",1,22,1.61449,0.97,0.844471,1,0.5,8151,978
9129,4585.04,ga_tcheby_proxy,mesh9,0,3,1,"[]",0,0,0,0,0,0,0.5,8151,979
9130,4585.52,ga_tcheby_proxy,mesh9,2,7,0,"[2-5-4-7]",3,62,4.80756,0.97,0.846339,3,0.5,8152,979
9131,4585.64,ga_tcheby_proxy,mesh9,4,0,0,"[4-1-0]",2,42,3.21103,0.97,0.844282,2,0.5,8153,979
9132,4586.01,ga_tcheby_proxy,mesh9,0,6,0,"[0-3-6]",2,40,3.19307,0.975,0.846339,2,0.5,8154,979
9133,4586.55,ga_tcheby_proxy,mesh9,3,1,0,"[3-4-1]",2,42,3.21103,0.97,0.843137,2,0.5,8155,979
9134,4586.73,ga_tcheby_proxy,mesh9,7,6,0,"[7-6]",1,22,1.61449,0.97,0.840598,1,0.5,8156,979
9135,4586.88,ga_tcheby_proxy,mesh9,5,7,0,"[5-8-7]",2,42,3.21103,0.97,0.844282,2,0.5,8157,979
9136,4588.39,ga_tcheby_proxy,mesh9,2,5,0,"[2-5]",1,20,1.59654,0.975,0.846523,1,0.5,8158,979
9137,4588.64,ga_tcheby_proxy,mesh9,6,1,0,"[6-3-0-1]",3,62,4.80756,0.97,0.844093,3,0.5,8159,979
9138,4588.72,ga_tcheby_proxy,mesh9,2,3,0,"[2-1-4-3]",3,64,4.82552,0.97,0.846339,3,0.5,8160,979
9139,4589.4,ga_tcheby_proxy,mesh9,8,2,0,"[8-5-2]",2,40,3.19307,0.975,0.831357,2,0.5,8161,979
9140,4589.77,ga_tcheby_proxy,mesh9,2,8,0,"[2-5-8]",2,40,3.19307,0.975,0.846707,2,0.5,8162,979
9141,4590.48,ga_tcheby_proxy,mesh9,7,8,0,"[7-8]",1,22,1.61449,0.97,0.84466,1,0.5,8163,979
9142,4590.48,ga_tcheby_proxy,mesh9,2,4,1,"[]",0,0,0,0,0,0,0.5,8163,980
9143,4590.95,ga_tcheby_proxy,mesh9,8,5,0,"[8-5]",1,20,1.59654,0.975,0.831579,1,0.5,8164,980
9144,4591.2,ga_tcheby_proxy,mesh9,5,0,0,"[5-4-1-0]",3,64,4.82552,0.97,0.844471,3,0.5,8165,980
9145,4591.23,ga_tcheby_proxy,mesh9,5,8,1,"[]",0,0,0,0,0,0,0.5,8165,981
9146,4591.5,ga_tcheby_proxy,mesh9,8,3,0,"[8-7-6-3]",3,64,4.82552,0.97,0.844282,3,0.5,8166,981
9147,4591.59,ga_tcheby_proxy,mesh9,8,0,0,"[8-7-6-3-0]",4,84,6.42205,0.97,0.844471,4,0.5,8167,981
9148,4591.65,ga_tcheby_proxy,mesh9,3,0,1,"[]",0,0,0,0,0,0,0.5,8167,982
9149,4592.99,ga_tcheby_proxy,mesh9,7,3,0,"[7-6-3]",2,42,3.21103,0.97,0.84466,2,0.5,8168,982
9150,4593.03,ga_tcheby_proxy,mesh9,3,0,1,"[]",0,0,0,0,0,0,0.5,8168,983
9151,4595.8,ga_tcheby_proxy,mesh9,0,1,0,"[0-1]",1,22,1.61449,0.97,0.836317,1,0.5,8169,983
9152,4595.87,ga_tcheby_proxy,mesh9,8,3,0,"[8-7-6-3]",3,64,4.89001,0.931168,0.844848,3,0.5,8170,983
9153,4595.94,ga_tcheby_proxy,mesh9,8,7,0,"[8-7]",1,22,1.71805,0.909116,0.83818,1,0.5,8171,983
9154,4597.76,ga_tcheby_proxy,mesh9,1,8,0,"[1-4-5-8]",3,62,4.80756,0.97,0.846523,3,0.5,8172,983
9155,4598.8,ga_tcheby_proxy,mesh9,8,6,0,"[8-7-6]",2,44,3.22898,0.97,0.841584,2,0.5,8173,983
9156,4599.27,ga_tcheby_proxy,mesh9,8,4,0,"[8-7-4]",2,42,3.21103,0.97,0.839398,2,0.5,8174,983
9157,4599.64,ga_tcheby_proxy,mesh9,8,4,0,"[8-7-4]",2,42,3.21103,0.97,0.839599,2,0.5,8175,983
9158,4599.88,ga_tcheby_proxy,mesh9,5,7,0,"[5-4-7]",2,42,3.21103,0.97,0.844471,2,0.5,8176,983
9159,4600.8,ga_tcheby_proxy,mesh9,6,8,0,"[6-7-8]",2,44,3.22898,0.97,0.844848,2,0.5,8177,983
9160,4602.17,ga_tcheby_proxy,mesh9,4,3,0,"[4-3]",1,22,1.61449,0.97,0.84466,1,0.5,8178,983
9161,4602.93,ga_tcheby_proxy,mesh9,5,0,0,"[5-4-1-0]",3,64,4.82552,0.97,0.84466,3,0.5,8179,983
9162,4603.16,ga_tcheby_proxy,mesh9,5,8,0,"[5-8]",1,20,1.59654,0.975,0.844848,1,0.5,8180,983
9163,4603.96,ga_tcheby_proxy,mesh9,5,8,0,"[5-8]",1,20,1.59654,0.975,0.845036,1,0.5,8181,983
9164,4604.14,ga_tcheby_proxy,mesh9,1,2,0,"[1-2]",1,22,1.61449,0.97,0.844093,1,0.5,8182,983
9165,4604.8,ga_tcheby_proxy,mesh9,6,1,0,"[6-7-4-1]",3,62,4.80756,0.97,0.844282,3,0.5,8183,983
9166,4604.85,ga_tcheby_proxy,mesh9,4,1,1,"[]",0,0,0,0,0,0,0.5,8183,984
9167,4605.09,ga_tcheby_proxy,mesh9,6,4,0,"[6-7-4]",2,42,3.21103,0.97,0.844471,2,0.5,8184,984
9168,4605.92,ga_tcheby_proxy,mesh9,4,8,0,"[4-7-8]",2,42,3.21103,0.97,0.845036,2,0.5,8185,984
9169,4606.06,ga_tcheby_proxy,mesh9,0,4,0,"[0-3-4]",2,42,3.21103,0.97,0.846523,2,0.5,8186,984
9170,4606.08,ga_tcheby_proxy,mesh9,2,8,1,"[]",0,0,0,0,0,0,0.5,8186,985
9171,4606.31,ga_tcheby_proxy,mesh9,8,2,0,"[8-5-2]",2,40,3.19307,0.975,0.8318,2,0.5,8187,985
9172,4606.39,ga_tcheby_proxy,mesh9,8,5,0,"[8-5]",1,20,1.61435,0.963841,0.832021,1,0.5,8188,985
9173,4606.68,ga_tcheby_proxy,mesh9,6,7,0,"[6-7]",1,22,1.61449,0.97,0.84466,1,0.5,8189,985
9174,4607.02,ga_tcheby_proxy,mesh9,6,3,0,"[6-3]",1,20,1.59654,0.975,0.845036,1,0.5,8190,985
9175,4607.89,ga_tcheby_proxy,mesh9,5,2,0,"[5-2]",1,20,1.59654,0.975,0.82585,1,0.5,8191,985
9176,4608.07,ga_tcheby_proxy,mesh9,6,2,0,"[6-7-4-1-2]",4,84,6.42205,0.97,0.844848,4,0.5,8192,985
9177,4608.25,ga_tcheby_proxy,mesh9,2,0,0,"[2-1-0]",2,44,3.22898,0.97,0.844848,2,0.5,8193,985
9178,4608.27,ga_tcheby_proxy,mesh9,5,6,1,"[]",0,0,0,0,0,0,0.5,8193,986
9179,4609.76,ga_tcheby_proxy,mesh9,6,5,0,"[6-7-4-5]",3,64,4.82552,0.97,0.845036,3,0.5,8194,986
9180,4609.92,ga_tcheby_proxy,mesh9,4,1,0,"[4-1]",1,20,1.59654,0.975,0.8402,1,0.5,8195,986
9181,4610.15,ga_tcheby_proxy,mesh9,1,4,0,"[1-4]",1,20,1.59654,0.975,0.846707,1,0.5,8196,986
9182,4611.1,ga_tcheby_proxy,mesh9,2,7,0,"[2-5-8-7]",3,62,4.80756,0.97,0.84689,3,0.5,8197,986
9183,4611.77,ga_tcheby_proxy,mesh9,8,5,0,"[8-5]",1,20,1.59654,0.975,0.832241,1,0.5,8198,986
9184,4612.26,ga_tcheby_proxy,mesh9,3,0,0,"[3-0]",1,20,1.59654,0.975,0.844471,1,0.5,8199,986
9185,4612.59,ga_tcheby_proxy,mesh9,0,8,0,"[0-3-6-7-8]",4,84,6.42205,0.97,0.846707,4,0.5,8200,986
9186,4613.46,ga_tcheby_proxy,mesh9,0,5,0,"[0-3-4-5]",3,64,4.82552,0.97,0.84689,3,0.5,8201,986
9187,4614.77,ga_tcheby_proxy,mesh9,0,1,0,"[0-1]",1,22,1.61449,0.97,0.836526,1,0.5,8202,986
9188,4614.91,ga_tcheby_proxy,mesh9,4,3,0,"[4-3]",1,22,1.61449,0.97,0.844848,1,0.5,8203,986
9189,4614.93,ga_tcheby_proxy,mesh9,4,1,1,"[]",0,0,0,0,0,0,0.5,8203,987
9190,4614.94,ga_tcheby_proxy,mesh9,6,2,1,"[]",0,0,0,0,0,0,0.5,8203,988
9191,4617.52,ga_tcheby_proxy,mesh9,6,1,0,"[6-3-4-1]",3,62,4.80756,0.97,0.845224,3,0.5,8204,988
9192,4617.53,ga_tcheby_proxy,mesh9,4,5,1,"[]",0,0,0,0,0,0,0.5,8204,989
9193,4617.8,ga_tcheby_proxy,mesh9,0,4,0,"[0-1-4]",2,42,3.21103,0.97,0.84689,2,0.5,8205,989
9194,4618.26,ga_tcheby_proxy,mesh9,3,8,0,"[3-6-7-8]",3,64,4.82552,0.97,0.845411,3,0.5,8206,989
9195,4618.58,ga_tcheby_proxy,mesh9,5,0,0,"[5-4-1-0]",3,64,4.82552,0.97,0.845036,3,0.5,8207,989
9196,4618.63,ga_tcheby_proxy,mesh9,4,3,1,"[]",0,0,0,0,0,0,0.5,8207,990
9197,4619.44,ga_tcheby_proxy,mesh9,7,5,0,"[7-4-5]",2,42,3.21103,0.97,0.845224,2,0.5,8208,990
9198,4619.5,ga_tcheby_proxy,mesh9,2,3,1,"[]",0,0,0,0,0,0,0.5,8208,991
9199,4619.61,ga_tcheby_proxy,mesh9,6,8,0,"[6-7-8]",2,44,3.22898,0.97,0.845597,2,0.5,8209,991
9200,4619.63,ga_tcheby_proxy,mesh9,0,1,1,"[]",0,0,0,0,0,0,0.5,8209,992
9201,4622.41,ga_tcheby_proxy,mesh9,0,4,0,"[0-1-4]",2,42,3.21103,0.97,0.847073,2,0.5,8210,992
9202,4622.95,ga_tcheby_proxy,mesh9,7,2,0,"[7-4-1-2]",3,62,4.80756,0.97,0.844471,3,0.5,8211,992
9203,4623.49,ga_tcheby_proxy,mesh9,4,2,0,"[4-1-2]",2,42,3.21103,0.97,0.84466,2,0.5,8212,992
9204,4623.92,ga_tcheby_proxy,mesh9,5,2,0,"[5-2]",1,20,1.59654,0.975,0.826087,1,0.5,8213,992
9205,4624.24,ga_tcheby_proxy,mesh9,3,4,0,"[3-4]",1,22,1.61449,0.97,0.843902,1,0.5,8214,992
9206,4624.89,ga_tcheby_proxy,mesh9,0,4,0,"[0-3-4]",2,42,3.21103,0.97,0.847073,2,0.5,8215,992
9207,4625.04,ga_tcheby_proxy,mesh9,4,7,0,"[4-7]",1,20,1.59654,0.975,0.844848,1,0.5,8216,992
9208,4625.9,ga_tcheby_proxy,mesh9,5,6,0,"[5-4-3-6]",3,64,4.82552,0.97,0.845036,3,0.5,8217,992
9209,4625.91,ga_tcheby_proxy,mesh9,6,3,1,"[]",0,0,0,0,0,0,0.5,8217,993
9210,4626.15,ga_tcheby_proxy,mesh9,5,0,0,"[5-2-1-0]",3,64,4.82552,0.97,0.845224,3,0.5,8218,993
9211,4627.65,ga_tcheby_proxy,mesh9,1,6,0,"[1-0-3-6]",3,62,4.80756,0.97,0.847255,3,0.5,8219,993
9212,4628.69,ga_tcheby_proxy,mesh9,1,5,0,"[1-2-5]",2,42,3.21103,0.97,0.847073,2,0.5,8220,993
9213,4629.11,ga_tcheby_proxy,mesh9,4,3,0,"[4-3]",1,22,1.61449,0.97,0.845224,1,0.5,8221,993
9214,4629.51,ga_tcheby_proxy,mesh9,1,5,0,"[1-2-5]",2,42,3.21103,0.97,0.847255,2,0.5,8222,993
9215,4629.65,ga_tcheby_proxy,mesh9,0,4,0,"[0-1-4]",2,42,3.21103,0.97,0.847255,2,0.5,8223,993
9216,4629.73,ga_tcheby_proxy,mesh9,4,8,0,"[4-5-8]",2,42,3.21103,0.97,0.845411,2,0.5,8224,993
9217,4629.93,ga_tcheby_proxy,mesh9,7,5,0,"[7-4-5]",2,42,3.21103,0.97,0.845597,2,0.5,8225,993
9218,4630.62,ga_tcheby_proxy,mesh9,8,7,0,"[8-7]",1,22,1.61449,0.97,0.839196,1,0.5,8226,993
9219,4631.02,ga_tcheby_proxy,mesh9,3,2,0,"[3-4-1-2]",3,64,4.82552,0.97,0.845224,3,0.5,8227,993
9220,4631.53,ga_tcheby_proxy,mesh9,6,7,0,"[6-7]",1,22,1.61449,0.97,0.845783,1,0.5,8228,993
9221,4632.27,ga_tcheby_proxy,mesh9,1,6,0,"[1-4-3-6]",3,62,4.80756,0.97,0.847437,3,0.5,8229,993
9222,4632.64,ga_tcheby_proxy,mesh9,7,5,0,"[7-8-5]",2,42,3.21103,0.97,0.845783,2,0.5,8230,993
9223,4633.59,ga_tcheby_proxy,mesh9,5,0,0,"[5-2-1-0]",3,64,4.82552,0.97,0.845597,3,0.5,8231,993
9224,4634.09,ga_tcheby_proxy,mesh9,0,6,0,"[0-3-6]",2,40,3.19307,0.975,0.847437,2,0.5,8232,993
9225,4635.14,ga_tcheby_proxy,mesh9,7,0,0,"[7-6-3-0]",3,62,4.80756,0.97,0.845411,3,0.5,8233,993
9226,4637.12,ga_tcheby_proxy,mesh9,4,8,0,"[4-5-8]",2,42,3.21103,0.97,0.845783,2,0.5,8234,993
9227,4637.77,ga_tcheby_proxy,mesh9,4,8,0,"[4-5-8]",2,42,3.21103,0.97,0.845969,2,0.5,8235,993
9228,4638.1,ga_tcheby_proxy,mesh9,8,6,0,"[8-7-6]",2,44,3.22898,0.97,0.841975,2,0.5,8236,993
9229,4638.32,ga_tcheby_proxy,mesh9,3,2,0,"[3-4-1-2]",3,64,4.82552,0.97,0.845411,3,0.5,8237,993
9230,4638.57,ga_tcheby_proxy,mesh9,6,1,0,"[6-3-4-1]",3,62,4.80756,0.97,0.845597,3,0.5,8238,993
9231,4638.71,ga_tcheby_proxy,mesh9,6,8,0,"[6-7-8]",2,44,3.22898,0.97,0.845969,2,0.5,8239,993
9232,4639.46,ga_tcheby_proxy,mesh9,8,4,0,"[8-5-4]",2,42,3.21103,0.97,0.840598,2,0.5,8240,993
9233,4639.81,ga_tcheby_proxy,mesh9,5,8,0,"[5-8]",1,20,1.59654,0.975,0.845969,1,0.5,8241,993
9234,4639.88,ga_tcheby_proxy,mesh9,5,0,0,"[5-4-3-0]",3,64,4.82552,0.97,0.845597,3,0.5,8242,993
9235,4640.42,ga_tcheby_proxy,mesh9,0,7,0,"[0-1-4-7]",3,62,4.80756,0.97,0.847619,3,0.5,8243,993
9236,4640.56,ga_tcheby_proxy,mesh9,0,8,0,"[0-1-2-5-8]",4,84,6.42205,0.97,0.847437,4,0.5,8244,993
9237,4641.66,ga_tcheby_proxy,mesh9,8,2,0,"[8-5-2]",2,40,3.19307,0.975,0.832898,2,0.5,8245,993
9238,4641.69,ga_tcheby_proxy,mesh9,8,4,1,"[]",0,0,0,0,0,0,0.5,8245,994
9239,4641.72,ga_tcheby_proxy,mesh9,1,7,1,"[]",0,0,0,0,0,0,0.5,8245,995
9240,4641.87,ga_tcheby_proxy,mesh9,3,6,0,"[3-6]",1,20,1.59654,0.975,0.842945,1,0.5,8246,995
9241,4642.2,ga_tcheby_proxy,mesh9,7,4,0,"[7-4]",1,20,1.59654,0.975,0.841191,1,0.5,8247,995
9242,4642.42,ga_tcheby_proxy,mesh9,4,5,0,"[4-5]",1,22,1.61449,0.97,0.846154,1,0.5,8248,995
9243,4642.43,ga_tcheby_proxy,mesh9,2,6,1,"[]",0,0,0,0,0,0,0.5,8248,996
9244,4642.74,ga_tcheby_proxy,mesh9,8,5,0,"[8-5]",1,20,1.59654,0.975,0.833116,1,0.5,8249,996
9245,4642.9,ga_tcheby_proxy,mesh9,6,7,0,"[6-7]",1,22,1.61449,0.97,0.846154,1,0.5,8250,996
9246,4643.31,ga_tcheby_proxy,mesh9,4,8,0,"[4-7-8]",2,42,3.21103,0.97,0.846154,2,0.5,8251,996
9247,4643.7,ga_tcheby_proxy,mesh9,2,5,0,"[2-5]",1,20,1.59654,0.975,0.847619,1,0.5,8252,996
9248,4644.27,ga_tcheby_proxy,mesh9,5,4,0,"[5-4]",1,22,1.61449,0.97,0.840994,1,0.5,8253,996
9249,4644.34,ga_tcheby_proxy,mesh9,3,7,0,"[3-6-7]",2,42,3.21103,0.97,0.846339,2,0.5,8254,996
9250,4645.34,ga_tcheby_proxy,mesh9,0,6,0,"[0-3-6]",2,40,3.19307,0.975,0.847619,2,0.5,8255,996
9251,4645.61,ga_tcheby_proxy,mesh9,5,8,0,"[5-8]",1,20,1.59654,0.975,0.846339,1,0.5,8256,996
9252,4645.67,ga_tcheby_proxy,mesh9,7,8,1,"[]",0,0,0,0,0,0,0.5,8256,997
9253,4645.97,ga_tcheby_proxy,mesh9,5,4,0,"[5-4]",1,22,1.61449,0.97,0.841191,1,0.5,8257,997
9254,4646.25,ga_tcheby_proxy,mesh9,3,5,0,"[3-4-5]",2,44,3.22898,0.97,0.846339,2,0.5,8258,997
9255,4646.26,ga_tcheby_proxy,mesh9,0,4,1,"[]",0,0,0,0,0,0,0.5,8258,998
9256,4646.49,ga_tcheby_proxy,mesh9,5,8,0,"[5-8]",1,20,1.59654,0.975,0.846523,1,0.5,8259,998
9257,4646.5,ga_tcheby_proxy,mesh9,6,1,0,"[6-7-4-1]",3,62,4.89372,0.952016,0.846523,3,0.5,8260,998
9258,4646.9,ga_tcheby_proxy,mesh9,4,0,0,"[4-1-0]",2,42,3.21103,0.97,0.845783,2,0.5,8261,998
9259,4647.17,ga_tcheby_proxy,mesh9,2,3,0,"[2-1-0-3]",3,64,4.82552,0.97,0.8478,3,0.5,8262,998
9260,4647.18,ga_tcheby_proxy,mesh9,1,7,1,"[]",0,0,0,0,0,0,0.5,8262,999
9261,4647.71,ga_tcheby_proxy,mesh9,8,3,0,"[8-7-6-3]",3,64,4.82552,0.97,0.845783,3,0.5,8263,999
9262,4647.72,ga_tcheby_proxy,mesh9,1,2,1,"[]",0,0,0,0,0,0,0.5,8263,1000
9263,4648.22,ga_tcheby_proxy,mesh9,3,5,0,"[3-4-5]",2,44,3.22898,0.97,0.846523,2,0.5,8264,1000
9264,4648.56,ga_tcheby_proxy,mesh9,3,8,0,"[3-4-7-8]",3,64,4.82552,0.97,0.846339,3,0.5,8265,1000
9265,4649.07,ga_tcheby_proxy,mesh9,8,3,0,"[8-7-4-3]",3,64,4.82552,0.97,0.845783,3,0.5,8266,1000
9266,4649.81,ga_tcheby_proxy,mesh9,4,3,0,"[4-3]",1,22,1.61449,0.97,0.845969,1,0.5,8267,1000
9267,4650.44,ga_tcheby_proxy,mesh9,5,6,0,"[5-4-7-6]",3,64,4.82552,0.97,0.845597,3,0.5,8268,1000
9268,4650.51,ga_tcheby_proxy,mesh9,0,2,0,"[0-3-4-5-2]",4,84,6.61579,0.921658,0.847981,4,0.5,8269,1000
9269,4650.6,ga_tcheby_proxy,mesh9,1,4,0,"[1-4]",1,20,1.59654,0.975,0.8478,1,0.5,8270,1000
9270,4650.73,ga_tcheby_proxy,mesh9,8,1,0,"[8-5-2-1]",3,62,4.80756,0.97,0.839599,3,0.5,8271,1000
9271,4650.78,ga_tcheby_proxy,mesh9,0,3,1,"[]",0,0,0,0,0,0,0.5,8271,1001
9272,4651.49,ga_tcheby_proxy,mesh9,4,7,0,"[4-7]",1,20,1.59654,0.975,0.845783,1,0.5,8272,1001
9273,4652.11,ga_tcheby_proxy,mesh9,2,5,0,"[2-5]",1,20,1.59654,0.975,0.8478,1,0.5,8273,1001
9274,4652.68,ga_tcheby_proxy,mesh9,1,0,0,"[1-0]",1,22,1.61449,0.97,0.846154,1,0.5,8274,1001
9275,4652.73,ga_tcheby_proxy,mesh9,8,6,1,"[]",0,0,0,0,0,0,0.5,8274,1002
9276,4652.8,ga_tcheby_proxy,mesh9,7,8,0,"[7-4-5-8]",3,62,4.80756,0.97,0.84689,3,0.5,8275,1002
9277,4653.99,ga_tcheby_proxy,mesh9,3,1,0,"[3-0-1]",2,42,3.21103,0.97,0.845036,2,0.5,8276,1002
9278,4655.25,ga_tcheby_proxy,mesh9,5,4,0,"[5-4]",1,22,1.61449,0.97,0.841584,1,0.5,8277,1002
9279,4655.39,ga_tcheby_proxy,mesh9,5,6,0,"[5-4-7-6]",3,64,4.82552,0.97,0.845969,3,0.5,8278,1002
9280,4655.88,ga_tcheby_proxy,mesh9,7,1,0,"[7-4-1]",2,40,3.19307,0.975,0.84217,2,0.5,8279,1002
9281,4655.91,ga_tcheby_proxy,mesh9,4,7,1,"[]",0,0,0,0,0,0,0.5,8279,1003
9282,4657.05,ga_tcheby_proxy,mesh9,6,5,0,"[6-7-8-5]",3,64,4.82552,0.97,0.846707,3,0.5,8280,1003
9283,4657.96,ga_tcheby_proxy,mesh9,3,4,0,"[3-4]",1,22,1.61449,0.97,0.845597,1,0.5,8281,1003
9284,4658,ga_tcheby_proxy,mesh9,5,1,1,"[]",0,0,0,0,0,0,0.5,8281,1004
9285,4658.12,ga_tcheby_proxy,mesh9,3,7,0,"[3-4-7]",2,42,3.21103,0.97,0.846154,2,0.5,8282,1004
9286,4658.61,ga_tcheby_proxy,mesh9,3,7,0,"[3-4-7]",2,42,3.21103,0.97,0.846339,2,0.5,8283,1004
9287,4659.59,ga_tcheby_proxy,mesh9,6,2,0,"[6-3-0-1-2]",4,84,6.42205,0.97,0.845969,4,0.5,8284,1004
9288,4659.73,ga_tcheby_proxy,mesh9,3,7,0,"[3-4-7]",2,42,3.21103,0.97,0.846523,2,0.5,8285,1004
9289,4660.11,ga_tcheby_proxy,mesh9,7,1,0,"[7-4-1]",2,40,3.19307,0.975,0.842365,2,0.5,8286,1004
9290,4660.7,ga_tcheby_proxy,mesh9,2,5,0,"[2-5]",1,20,1.59654,0.975,0.847981,1,0.5,8287,1004
9291,4661.55,ga_tcheby_proxy,mesh9,0,1,0,"[0-1]",1,22,1.61449,0.97,0.83818,1,0.5,8288,1004
9292,4661.65,ga_tcheby_proxy,mesh9,5,6,0,"[5-4-3-6]",3,64,4.82552,0.97,0.846154,3,0.5,8289,1004
9293,4661.86,ga_tcheby_proxy,mesh9,7,1,0,"[7-4-1]",2,40,3.19307,0.975,0.842558,2,0.5,8290,1004
9294,4662.44,ga_tcheby_proxy,mesh9,2,7,0,"[2-1-4-7]",3,62,4.80756,0.97,0.847981,3,0.5,8291,1004
9295,4663.31,ga_tcheby_proxy,mesh9,1,2,0,"[1-2]",1,22,1.61449,0.97,0.845969,1,0.5,8292,1004
9296,4663.52,ga_tcheby_proxy,mesh9,6,2,0,"[6-3-0-1-2]",4,84,6.42205,0.97,0.846154,4,0.5,8293,1004
9297,4666.01,ga_tcheby_proxy,mesh9,0,5,0,"[0-3-4-5]",3,64,4.82552,0.97,0.848161,3,0.5,8294,1004
9298,4666.36,ga_tcheby_proxy,mesh9,3,4,0,"[3-4]",1,22,1.61449,0.97,0.846523,1,0.5,8295,1004
9299,4666.39,ga_tcheby_proxy,mesh9,5,3,1,"[]",0,0,0,0,0,0,0.5,8295,1005
9300,4666.6,ga_tcheby_proxy,mesh9,7,1,0,"[7-4-1]",2,40,3.19307,0.975,0.842752,2,0.5,8296,1005
9301,4666.62,ga_tcheby_proxy,mesh9,0,6,1,"[]",0,0,0,0,0,0,0.5,8296,1006
9302,4667.29,ga_tcheby_proxy,mesh9,4,5,0,"[4-5]",1,22,1.61449,0.97,0.847255,1,0.5,8297,1006
9303,4667.59,ga_tcheby_proxy,mesh9,1,0,0,"[1-0]",1,22,1.61449,0.97,0.846339,1,0.5,8298,1006
9304,4668.25,ga_tcheby_proxy,mesh9,0,6,0,"[0-3-6]",2,40,3.19307,0.975,0.848341,2,0.5,8299,1006
9305,4668.65,ga_tcheby_proxy,mesh9,4,3,0,"[4-3]",1,22,1.61449,0.97,0.846339,1,0.5,8300,1006
9306,4668.76,ga_tcheby_proxy,mesh9,7,2,0,"[7-4-1-2]",3,62,4.80756,0.97,0.846339,3,0.5,8301,1006
9307,4668.8,ga_tcheby_proxy,mesh9,3,0,1,"[]",0,0,0,0,0,0,0.5,8301,1007
9308,4668.87,ga_tcheby_proxy,mesh9,1,3,1,"[]",0,0,0,0,0,0,0.5,8301,1008
9309,4668.91,ga_tcheby_proxy,mesh9,6,3,1,"[]",0,0,0,0,0,0,0.5,8301,1009
9310,4669.19,ga_tcheby_proxy,mesh9,5,6,0,"[5-4-3-6]",3,64,4.82552,0.97,0.846523,3,0.5,8302,1009
9311,4669.31,ga_tcheby_proxy,mesh9,7,6,0,"[7-6]",1,22,1.61449,0.97,0.842752,1,0.5,8303,1009
9312,4669.99,ga_tcheby_proxy,mesh9,7,6,0,"[7-6]",1,22,1.61449,0.97,0.842945,1,0.5,8304,1009
9313,4670.32,ga_tcheby_proxy,mesh9,6,1,0,"[6-3-0-1]",3,62,4.80756,0.97,0.846339,3,0.5,8305,1009
9314,4670.4,ga_tcheby_proxy,mesh9,0,4,0,"[0-1-4]",2,42,3.21103,0.97,0.848161,2,0.5,8306,1009
9315,4670.5,ga_tcheby_proxy,mesh9,5,8,0,"[5-8]",1,20,1.59654,0.975,0.84689,1,0.5,8307,1009
9316,4671.58,ga_tcheby_proxy,mesh9,8,7,0,"[8-7]",1,22,1.61449,0.97,0.84,1,0.5,8308,1009
9317,4672.35,ga_tcheby_proxy,mesh9,5,1,0,"[5-2-1]",2,42,3.21103,0.97,0.84,2,0.5,8309,1009
9318,4672.46,ga_tcheby_proxy,mesh9,2,0,0,"[2-1-0]",2,44,3.22898,0.97,0.846523,2,0.5,8310,1009
9319,4672.61,ga_tcheby_proxy,mesh9,7,5,0,"[7-8-5]",2,42,3.21103,0.97,0.846707,2,0.5,8311,1009
9320,4673.02,ga_tcheby_proxy,mesh9,6,1,0,"[6-3-0-1]",3,62,4.80756,0.97,0.846523,3,0.5,8312,1009
9321,4673.59,ga_tcheby_proxy,mesh9,7,4,0,"[7-4]",1,20,1.59654,0.975,0.842945,1,0.5,8313,1009
9322,4674.89,ga_tcheby_proxy,mesh9,1,4,0,"[1-4]",1,20,1.59654,0.975,0.848341,1,0.5,8314,1009
9323,4675.3,ga_tcheby_proxy,mesh9,2,7,0,"[2-5-8-7]",3,62,4.80756,0.97,0.848161,3,0.5,8315,1009
9324,4676.12,ga_tcheby_proxy,mesh9,2,5,0,"[2-5]",1,20,1.59654,0.975,0.848341,1,0.5,8316,1009
9325,4676.44,ga_tcheby_proxy,mesh9,5,8,0,"[5-8]",1,20,1.59654,0.975,0.847255,1,0.5,8317,1009
9326,4677.02,ga_tcheby_proxy,mesh9,2,7,0,"[2-5-4-7]",3,62,4.80756,0.97,0.848521,3,0.5,8318,1009
9327,4677.14,ga_tcheby_proxy,mesh9,4,7,0,"[4-7]",1,20,1.59654,0.975,0.847073,1,0.5,8319,1009
9328,4677.64,ga_tcheby_proxy,mesh9,4,2,0,"[4-1-2]",2,42,3.21103,0.97,0.846523,2,0.5,8320,1009
9329,4677.84,ga_tcheby_proxy,mesh9,4,7,0,"[4-7]",1,20,1.59654,0.975,0.847255,1,0.5,8321,1009
9330,4678.53,ga_tcheby_proxy,mesh9,1,5,0,"[1-4-5]",2,42,3.21103,0.97,0.848521,2,0.5,8322,1009
9331,4678.98,ga_tcheby_proxy,mesh9,4,5,0,"[4-5]",1,22,1.61449,0.97,0.847619,1,0.5,8323,1009
9332,4679.56,ga_tcheby_proxy,mesh9,8,6,0,"[8-7-6]",2,44,3.22898,0.97,0.843137,2,0.5,8324,1009
9333,4679.79,ga_tcheby_proxy,mesh9,4,1,0,"[4-1]",1,20,1.59654,0.975,0.843329,1,0.5,8325,1009
9334,4679.91,ga_tcheby_proxy,mesh9,8,2,0,"[8-5-2]",2,40,3.19307,0.975,0.833982,2,0.5,8326,1009
9335,4680.01,ga_tcheby_proxy,mesh9,0,6,0,"[0-3-6]",2,40,3.19307,0.975,0.848521,2,0.5,8327,1009
9336,4680.42,ga_tcheby_proxy,mesh9,3,0,0,"[3-0]",1,20,1.59654,0.975,0.845969,1,0.5,8328,1009
9337,4680.55,ga_tcheby_proxy,mesh9,5,8,0,"[5-8]",1,20,1.59654,0.975,0.847437,1,0.5,8329,1009
9338,4680.69,ga_tcheby_proxy,mesh9,5,6,0,"[5-4-3-6]",3,64,4.82552,0.97,0.846707,3,0.5,8330,1009
9339,4680.73,ga_tcheby_proxy,mesh9,1,7,1,"[]",0,0,0,0,0,0,0.5,8330,1010
9340,4681.29,ga_tcheby_proxy,mesh9,1,4,0,"[1-4]",1,20,1.59654,0.975,0.8487,1,0.5,8331,1010
9341,4682.09,ga_tcheby_proxy,mesh9,5,2,0,"[5-2]",1,20,1.59654,0.975,0.827957,1,0.5,8332,1010
9342,4682.57,ga_tcheby_proxy,mesh9,6,7,0,"[6-7]",1,22,1.61449,0.97,0.84689,1,0.5,8333,1010
9343,4682.78,ga_tcheby_proxy,mesh9,6,8,0,"[6-7-8]",2,44,3.22898,0.97,0.847073,2,0.5,8334,1010
9344,4685.17,ga_tcheby_proxy,mesh9,1,4,0,"[1-4]",1,20,1.59654,0.975,0.848878,1,0.5,8335,1010
9345,4686.48,ga_tcheby_proxy,mesh9,8,2,0,"[8-5-2]",2,40,3.19307,0.975,0.834197,2,0.5,8336,1010
9346,4686.84,ga_tcheby_proxy,mesh9,0,5,0,"[0-1-2-5]",3,64,4.82552,0.97,0.8487,3,0.5,8337,1010
9347,4687.11,ga_tcheby_proxy,mesh9,2,1,0,"[2-1]",1,22,1.61449,0.97,0.840399,1,0.5,8338,1010
9348,4687.12,ga_tcheby_proxy,mesh9,8,6,1,"[]",0,0,0,0,0,0,0.5,8338,1011
9349,4687.28,ga_tcheby_proxy,mesh9,8,3,0,"[8-7-6-3]",3,64,4.82552,0.97,0.846707,3,0.5,8339,1011
9350,4687.84,ga_tcheby_proxy,mesh9,5,8,0,"[5-8]",1,20,1.59654,0.975,0.847619,1,0.5,8340,1011
9351,4688.09,ga_tcheby_proxy,mesh9,8,4,0,"[8-5-4]",2,42,3.21103,0.97,0.842752,2,0.5,8341,1011
9352,4688.34,ga_tcheby_proxy,mesh9,0,3,0,"[0-3]",1,20,1.59654,0.975,0.8487,1,0.5,8342,1011
9353,4688.54,ga_tcheby_proxy,mesh9,5,3,0,"[5-4-3]",2,44,3.22898,0.97,0.84689,2,0.5,8343,1011
9354,4688.76,ga_tcheby_proxy,mesh9,6,4,0,"[6-3-4]",2,42,3.21103,0.97,0.84689,2,0.5,8344,1011
9355,4688.97,ga_tcheby_proxy,mesh9,3,2,0,"[3-0-1-2]",3,64,4.82552,0.97,0.84689,3,0.5,8345,1011
9356,4689.08,ga_tcheby_proxy,mesh9,1,6,0,"[1-0-3-6]",3,62,4.80756,0.97,0.848878,3,0.5,8346,1011
9357,4689.16,ga_tcheby_proxy,mesh9,3,0,0,"[3-0]",1,20,1.59654,0.975,0.846339,1,0.5,8347,1011
9358,4689.24,ga_tcheby_proxy,mesh9,4,3,0,"[4-3]",1,22,1.61449,0.97,0.847073,1,0.5,8348,1011
9359,4689.61,ga_tcheby_proxy,mesh9,2,6,0,"[2-5-4-7-6]",4,84,6.42205,0.97,0.848878,4,0.5,8349,1011
9360,4690.41,ga_tcheby_proxy,mesh9,8,4,0,"[8-7-4]",2,42,3.21103,0.97,0.843137,2,0.5,8350,1011
9361,4691.11,ga_tcheby_proxy,mesh9,3,6,0,"[3-6]",1,20,1.59654,0.975,0.84466,1,0.5,8351,1011
9362,4691.26,ga_tcheby_proxy,mesh9,8,3,0,"[8-7-6-3]",3,64,4.82552,0.97,0.847073,3,0.5,8352,1011
9363,4691.78,ga_tcheby_proxy,mesh9,7,8,0,"[7-8]",1,22,1.61449,0.97,0.847073,1,0.5,8353,1011
9364,4691.9,ga_tcheby_proxy,mesh9,2,3,0,"[2-5-4-3]",3,64,4.82552,0.97,0.849057,3,0.5,8354,1011
9365,4693.55,ga_tcheby_proxy,mesh9,3,6,0,"[3-6]",1,20,1.59654,0.975,0.844848,1,0.5,8355,1011
9366,4693.55,ga_tcheby_proxy,mesh9,7,0,0,"[7-4-1-0]",3,62,5.16159,0.900067,0.847904,3,0.5,8356,1011
9367,4693.61,ga_tcheby_proxy,mesh9,8,5,1,"[]",0,0,0,0,0,0,0.5,8356,1012
9368,4695.31,ga_tcheby_proxy,mesh9,5,7,0,"[5-4-7]",2,42,3.21103,0.97,0.847619,2,0.5,8357,1012
9369,4695.68,ga_tcheby_proxy,mesh9,0,6,0,"[0-3-6]",2,40,3.19307,0.975,0.849057,2,0.5,8358,1012
9370,4696.02,ga_tcheby_proxy,mesh9,6,3,0,"[6-3]",1,20,1.59654,0.975,0.847255,1,0.5,8359,1012
9371,4698.13,ga_tcheby_proxy,mesh9,4,8,0,"[4-5-8]",2,42,3.21103,0.97,0.8478,2,0.5,8360,1012
9372,4698.54,ga_tcheby_proxy,mesh9,2,1,0,"[2-1]",1,22,1.61449,0.97,0.840598,1,0.5,8361,1012
9373,4698.58,ga_tcheby_proxy,mesh9,5,3,1,"[]",0,0,0,0,0,0,0.5,8361,1013
9374,4698.77,ga_tcheby_proxy,mesh9,6,0,0,"[6-3-0]",2,40,3.19307,0.975,0.847437,2,0.5,8362,1013
9375,4700.04,ga_tcheby_proxy,mesh9,5,7,0,"[5-4-7]",2,42,3.21103,0.97,0.8478,2,0.5,8363,1013
9376,4700.26,ga_tcheby_proxy,mesh9,2,5,0,"[2-5]",1,20,1.59654,0.975,0.849234,1,0.5,8364,1013
9377,4700.41,ga_tcheby_proxy,mesh9,3,4,0,"[3-4]",1,22,1.61449,0.97,0.84689,1,0.5,8365,1013
9378,4700.63,ga_tcheby_proxy,mesh9,6,8,0,"[6-7-8]",2,44,3.22898,0.97,0.847255,2,0.5,8366,1013
9379,4701.1,ga_tcheby_proxy,mesh9,2,4,0,"[2-1-4]",2,42,3.21103,0.97,0.849057,2,0.5,8367,1013
9380,4702.02,ga_tcheby_proxy,mesh9,3,6,0,"[3-6]",1,20,1.59654,0.975,0.845224,1,0.5,8368,1013
9381,4702.2,ga_tcheby_proxy,mesh9,2,0,0,"[2-1-0]",2,44,3.22898,0.97,0.847073,2,0.5,8369,1013
9382,4702.43,ga_tcheby_proxy,mesh9,3,4,0,"[3-4]",1,22,1.61449,0.97,0.847073,1,0.5,8370,1013
9383,4702.43,ga_tcheby_proxy,mesh9,5,0,0,"[5-4-1-0]",3,64,4.9961,0.93511,0.847255,3,0.5,8371,1013
9384,4702.94,ga_tcheby_proxy,mesh9,5,0,0,"[5-2-1-0]",3,64,4.82552,0.97,0.847437,3,0.5,8372,1013
9385,4703.76,ga_tcheby_proxy,mesh9,7,2,0,"[7-4-1-2]",3,62,4.80756,0.97,0.847073,3,0.5,8373,1013
9386,4705.91,ga_tcheby_proxy,mesh9,1,5,0,"[1-4-5]",2,42,3.21103,0.97,0.849234,2,0.5,8374,1013
9387,4706.54,ga_tcheby_proxy,mesh9,5,6,0,"[5-4-3-6]",3,64,4.82552,0.97,0.847437,3,0.5,8375,1013
9388,4706.77,ga_tcheby_proxy,mesh9,2,4,0,"[2-1-4]",2,42,3.21103,0.97,0.849412,2,0.5,8376,1013
9389,4706.84,ga_tcheby_proxy,mesh9,1,2,0,"[1-2]",1,22,1.65886,0.942943,0.847255,1,0.5,8377,1013
9390,4706.96,ga_tcheby_proxy,mesh9,2,0,0,"[2-1-0]",2,44,3.22898,0.97,0.847619,2,0.5,8378,1013
9391,4707.16,ga_tcheby_proxy,mesh9,6,4,0,"[6-7-4]",2,42,3.21103,0.97,0.847437,2,0.5,8379,1013
9392,4708.01,ga_tcheby_proxy,mesh9,2,6,0,"[2-1-0-3-6]",4,84,6.42205,0.97,0.849234,4,0.5,8380,1013
9393,4708.07,ga_tcheby_proxy,mesh9,4,5,0,"[4-5]",1,22,1.69444,0.922316,0.848161,1,0.5,8381,1013
9394,4708.42,ga_tcheby_proxy,mesh9,0,4,0,"[0-3-4]",2,42,3.21103,0.97,0.849412,2,0.5,8382,1013
9395,4708.73,ga_tcheby_proxy,mesh9,3,8,0,"[3-6-7-8]",3,64,4.82552,0.97,0.847619,3,0.5,8383,1013
9396,4710.51,ga_tcheby_proxy,mesh9,8,3,0,"[8-7-6-3]",3,64,4.82552,0.97,0.847619,3,0.5,8384,1013
9397,4710.61,ga_tcheby_proxy,mesh9,2,1,0,"[2-1]",1,22,1.61449,0.97,0.841975,1,0.5,8385,1013
9398,4710.62,ga_tcheby_proxy,mesh9,4,7,1,"[]",0,0,0,0,0,0,0.5,8385,1014
9399,4711.56,ga_tcheby_proxy,mesh9,3,8,0,"[3-6-7-8]",3,64,4.82552,0.97,0.8478,3,0.5,8386,1014
9400,4711.56,ga_tcheby_proxy,mesh9,1,4,0,"[1-4]",1,20,1.64554,0.944903,0.849589,1,0.5,8387,1014
9401,4712.01,ga_tcheby_proxy,mesh9,8,0,0,"[8-5-4-3-0]",4,84,6.42205,0.97,0.847619,4,0.5,8388,1014
9402,4712.06,ga_tcheby_proxy,mesh9,6,0,1,"[]",0,0,0,0,0,0,0.5,8388,1015
9403,4712.24,ga_tcheby_proxy,mesh9,8,3,0,"[8-7-4-3]",3,64,4.82552,0.97,0.8478,3,0.5,8389,1015
9404,4712.37,ga_tcheby_proxy,mesh9,7,0,0,"[7-6-3-0]",3,62,4.80756,0.97,0.8478,3,0.5,8390,1015
9405,4713.35,ga_tcheby_proxy,mesh9,2,4,0,"[2-5-4]",2,42,3.21103,0.97,0.849412,2,0.5,8391,1015
9406,4713.85,ga_tcheby_proxy,mesh9,6,0,0,"[6-3-0]",2,40,3.19307,0.975,0.847981,2,0.5,8392,1015
9407,4713.92,ga_tcheby_proxy,mesh9,4,6,0,"[4-3-6]",2,42,3.21103,0.97,0.847981,2,0.5,8393,1015
9408,4714.2,ga_tcheby_proxy,mesh9,5,1,0,"[5-2-1]",2,42,3.21103,0.97,0.84217,2,0.5,8394,1015
9409,4715.17,ga_tcheby_proxy,mesh9,5,6,0,"[5-8-7-6]",3,64,4.82552,0.97,0.847981,3,0.5,8395,1015
9410,4716.55,ga_tcheby_proxy,mesh9,4,2,0,"[4-1-2]",2,42,3.21103,0.97,0.847437,2,0.5,8396,1015
9411,4717.02,ga_tcheby_proxy,mesh9,0,1,0,"[0-1]",1,22,1.61449,0.97,0.839599,1,0.5,8397,1015
9412,4717.59,ga_tcheby_proxy,mesh9,2,8,0,"[2-5-8]",2,40,3.19307,0.975,0.849589,2,0.5,8398,1015
9413,4718.22,ga_tcheby_proxy,mesh9,8,2,0,"[8-5-2]",2,40,3.19307,0.975,0.834839,2,0.5,8399,1015
9414,4718.24,ga_tcheby_proxy,mesh9,4,7,1,"[]",0,0,0,0,0,0,0.5,8399,1016
9415,4718.34,ga_tcheby_proxy,mesh9,3,4,0,"[3-4]",1,22,1.61449,0.97,0.847437,1,0.5,8400,1016
9416,4718.38,ga_tcheby_proxy,mesh9,0,2,1,"[]",0,0,0,0,0,0,0.5,8400,1017
9417,4718.54,ga_tcheby_proxy,mesh9,6,2,0,"[6-7-4-1-2]",4,84,6.42205,0.97,0.847981,4,0.5,8401,1017
9418,4718.67,ga_tcheby_proxy,mesh9,4,7,0,"[4-7]",1,20,1.59654,0.975,0.847981,1,0.5,8402,1017
9419,4718.76,ga_tcheby_proxy,mesh9,8,3,0,"[8-7-4-3]",3,64,4.82552,0.97,0.848161,3,0.5,8403,1017
9420,4720.59,ga_tcheby_proxy,mesh9,0,3,0,"[0-3]",1,20,1.59654,0.975,0.849589,1,0.5,8404,1017
9421,4721.1,ga_tcheby_proxy,mesh9,6,3,0,"[6-3]",1,20,1.59654,0.975,0.848161,1,0.5,8405,1017
9422,4721.28,ga_tcheby_proxy,mesh9,0,6,0,"[0-3-6]",2,40,3.19307,0.975,0.849765,2,0.5,8406,1017
9423,4721.99,ga_tcheby_proxy,mesh9,6,5,0,"[6-7-8-5]",3,64,4.82552,0.97,0.848161,3,0.5,8407,1017
9424,4722.62,ga_tcheby_proxy,mesh9,3,7,0,"[3-4-7]",2,42,3.21103,0.97,0.848161,2,0.5,8408,1017
9425,4722.72,ga_tcheby_proxy,mesh9,3,7,0,"[3-6-7]",2,42,3.21103,0.97,0.848341,2,0.5,8409,1017
9426,4722.87,ga_tcheby_proxy,mesh9,7,4,0,"[7-4]",1,20,1.59654,0.975,0.844471,1,0.5,8410,1017
9427,4723.41,ga_tcheby_proxy,mesh9,7,4,0,"[7-4]",1,20,1.59654,0.975,0.84466,1,0.5,8411,1017
9428,4723.43,ga_tcheby_proxy,mesh9,3,0,1,"[]",0,0,0,0,0,0,0.5,8411,1018
9429,4723.6,ga_tcheby_proxy,mesh9,5,1,0,"[5-2-1]",2,42,3.21103,0.97,0.842365,2,0.5,8412,1018
9430,4724.26,ga_tcheby_proxy,mesh9,7,3,0,"[7-6-3]",2,42,3.21103,0.97,0.848341,2,0.5,8413,1018
9431,4724.38,ga_tcheby_proxy,mesh9,3,6,0,"[3-6]",1,20,1.59654,0.975,0.846707,1,0.5,8414,1018
9432,4725.83,ga_tcheby_proxy,mesh9,0,8,0,"[0-1-4-7-8]",4,84,6.42205,0.97,0.849765,4,0.5,8415,1018
9433,4727.1,ga_tcheby_proxy,mesh9,1,6,0,"[1-0-3-6]",3,62,4.80756,0.97,0.849941,3,0.5,8416,1018
9434,4727.11,ga_tcheby_proxy,mesh9,4,8,0,"[4-5-8]",2,42,3.26893,0.95213,0.848341,2,0.5,8417,1018
9435,4727.11,ga_tcheby_proxy,mesh9,7,0,0,"[7-6-3-0]",3,62,5.0482,0.92138,0.848521,3,0.5,8418,1018
9436,4727.25,ga_tcheby_proxy,mesh9,0,5,0,"[0-1-2-5]",3,64,4.82552,0.97,0.849765,3,0.5,8419,1018
9437,4727.42,ga_tcheby_proxy,mesh9,7,2,0,"[7-4-1-2]",3,62,4.80756,0.97,0.847981,3,0.5,8420,1018
9438,4727.98,ga_tcheby_proxy,mesh9,8,6,0,"[8-7-6]",2,44,3.22898,0.97,0.844848,2,0.5,8421,1018
9439,4728.66,ga_tcheby_proxy,mesh9,4,7,0,"[4-7]",1,20,1.59654,0.975,0.848521,1,0.5,8422,1018
9440,4729.02,ga_tcheby_proxy,mesh9,6,3,0,"[6-3]",1,20,1.59654,0.975,0.8487,1,0.5,8423,1018
9441,4729.08,ga_tcheby_proxy,mesh9,2,6,1,"[]",0,0,0,0,0,0,0.5,8423,1019
9442,4729.14,ga_tcheby_proxy,mesh9,4,7,1,"[]",0,0,0,0,0,0,0.5,8423,1020
9443,4730.03,ga_tcheby_proxy,mesh9,8,7,0,"[8-7]",1,22,1.61449,0.97,0.84217,1,0.5,8424,1020
9444,4730.09,ga_tcheby_proxy,mesh9,5,1,1,"[]",0,0,0,0,0,0,0.5,8424,1021
9445,4730.25,ga_tcheby_proxy,mesh9,0,5,0,"[0-1-2-5]",3,64,4.82552,0.97,0.849941,3,0.5,8425,1021
9446,4731.7,ga_tcheby_proxy,mesh9,8,7,0,"[8-7]",1,22,1.61449,0.97,0.842365,1,0.5,8426,1021
9447,4731.77,ga_tcheby_proxy,mesh9,4,1,0,"[4-1]",1,20,1.59654,0.975,0.84466,1,0.5,8427,1021
9448,4732.6,ga_tcheby_proxy,mesh9,2,8,0,"[2-5-8]",2,40,3.19307,0.975,0.850117,2,0.5,8428,1021
9449,4732.93,ga_tcheby_proxy,mesh9,8,3,0,"[8-7-4-3]",3,64,4.82552,0.97,0.848341,3,0.5,8429,1021
9450,4733.03,ga_tcheby_proxy,mesh9,5,3,0,"[5-4-3]",2,44,3.22898,0.97,0.848521,2,0.5,8430,1021
9451,4733.16,ga_tcheby_proxy,mesh9,2,8,0,"[2-5-8]",2,40,3.19307,0.975,0.850292,2,0.5,8431,1021
9452,4733.58,ga_tcheby_proxy,mesh9,5,1,0,"[5-2-1]",2,42,3.21103,0.97,0.842558,2,0.5,8432,1021
9453,4733.67,ga_tcheby_proxy,mesh9,3,1,0,"[3-0-1]",2,42,3.21103,0.97,0.847437,2,0.5,8433,1021
9454,4734.5,ga_tcheby_proxy,mesh9,2,5,0,"[2-5]",1,20,1.59654,0.975,0.850467,1,0.5,8434,1021
9455,4734.72,ga_tcheby_proxy,mesh9,1,2,0,"[1-2]",1,22,1.61449,0.97,0.848341,1,0.5,8435,1021
9456,4736.29,ga_tcheby_proxy,mesh9,0,2,0,"[0-1-2]",2,44,3.22898,0.97,0.848521,2,0.5,8436,1021
9457,4736.37,ga_tcheby_proxy,mesh9,2,3,0,"[2-1-4-3]",3,64,4.82552,0.97,0.849941,3,0.5,8437,1021
9458,4737.05,ga_tcheby_proxy,mesh9,2,6,0,"[2-1-4-7-6]",4,84,6.42205,0.97,0.850117,4,0.5,8438,1021
9459,4737.44,ga_tcheby_proxy,mesh9,4,0,0,"[4-1-0]",2,42,3.21103,0.97,0.848161,2,0.5,8439,1021
9460,4737.61,ga_tcheby_proxy,mesh9,4,5,0,"[4-5]",1,22,1.61449,0.97,0.848521,1,0.5,8440,1021
9461,4738.13,ga_tcheby_proxy,mesh9,5,1,0,"[5-2-1]",2,42,3.21103,0.97,0.843137,2,0.5,8441,1021
9462,4738.5,ga_tcheby_proxy,mesh9,7,2,0,"[7-8-5-2]",3,62,4.80756,0.97,0.848161,3,0.5,8442,1021
9463,4738.91,ga_tcheby_proxy,mesh9,3,5,0,"[3-4-5]",2,44,3.22898,0.97,0.8487,2,0.5,8443,1021
9464,4739.57,ga_tcheby_proxy,mesh9,2,7,0,"[2-1-4-7]",3,62,4.80756,0.97,0.850292,3,0.5,8444,1021
9465,4739.62,ga_tcheby_proxy,mesh9,1,2,1,"[]",0,0,0,0,0,0,0.5,8444,1022
9466,4739.76,ga_tcheby_proxy,mesh9,5,3,0,"[5-4-3]",2,44,3.22898,0.97,0.848878,2,0.5,8445,1022
9467,4740.03,ga_tcheby_proxy,mesh9,3,5,0,"[3-4-5]",2,44,3.22898,0.97,0.848878,2,0.5,8446,1022
9468,4740.07,ga_tcheby_proxy,mesh9,2,0,1,"[]",0,0,0,0,0,0,0.5,8446,1023
9469,4740.45,ga_tcheby_proxy,mesh9,5,2,0,"[5-2]",1,20,1.59654,0.975,0.830013,1,0.5,8447,1023
9470,4740.46,ga_tcheby_proxy,mesh9,0,5,1,"[]",0,0,0,0,0,0,0.5,8447,1024
9471,4740.9,ga_tcheby_proxy,mesh9,6,2,0,"[6-7-8-5-2]",4,84,6.42205,0.97,0.848521,4,0.5,8448,1024
9472,4740.91,ga_tcheby_proxy,mesh9,2,0,0,"[2-1-0]",2,44,3.33331,0.93796,0.848341,2,0.5,8449,1024
9473,4741.09,ga_tcheby_proxy,mesh9,1,4,0,"[1-4]",1,20,1.59654,0.975,0.850467,1,0.5,8450,1024
9474,4741.28,ga_tcheby_proxy,mesh9,6,7,0,"[6-7]",1,22,1.61449,0.97,0.8487,1,0.5,8451,1024
9475,4741.84,ga_tcheby_proxy,mesh9,5,1,0,"[5-2-1]",2,42,3.21103,0.97,0.843712,2,0.5,8452,1024
9476,4742.32,ga_tcheby_proxy,mesh9,6,0,0,"[6-3-0]",2,40,3.19307,0.975,0.848878,2,0.5,8453,1024
9477,4742.68,ga_tcheby_proxy,mesh9,6,5,0,"[6-7-8-5]",3,64,4.82552,0.97,0.848878,3,0.5,8454,1024
9478,4743.27,ga_tcheby_proxy,mesh9,0,7,0,"[0-3-4-7]",3,62,4.80756,0.97,0.850117,3,0.5,8455,1024
9479,4743.62,ga_tcheby_proxy,mesh9,4,6,0,"[4-3-6]",2,42,3.21103,0.97,0.849057,2,0.5,8456,1024
9480,4743.96,ga_tcheby_proxy,mesh9,6,5,0,"[6-7-8-5]",3,64,4.82552,0.97,0.849057,3,0.5,8457,1024
9481,4744.12,ga_tcheby_proxy,mesh9,3,4,0,"[3-4]",1,22,1.61449,0.97,0.848341,1,0.5,8458,1024
9482,4744.48,ga_tcheby_proxy,mesh9,4,7,0,"[4-7]",1,20,1.59654,0.975,0.849234,1,0.5,8459,1024
9483,4744.79,ga_tcheby_proxy,mesh9,0,5,0,"[0-3-4-5]",3,64,4.82552,0.97,0.850292,3,0.5,8460,1024
9484,4745.54,ga_tcheby_proxy,mesh9,3,5,0,"[3-4-5]",2,44,3.22898,0.97,0.849234,2,0.5,8461,1024
9485,4745.64,ga_tcheby_proxy,mesh9,4,0,0,"[4-1-0]",2,42,3.21103,0.97,0.848521,2,0.5,8462,1024
9486,4746.48,ga_tcheby_proxy,mesh9,6,2,0,"[6-3-4-1-2]",4,84,6.42205,0.97,0.849057,4,0.5,8463,1024
9487,4748.1,ga_tcheby_proxy,mesh9,8,0,0,"[8-5-4-1-0]",4,84,6.42205,0.97,0.8487,4,0.5,8464,1024
9488,4748.28,ga_tcheby_proxy,mesh9,3,5,0,"[3-4-5]",2,44,3.22898,0.97,0.849412,2,0.5,8465,1024
9489,4748.28,ga_tcheby_proxy,mesh9,1,6,0,"[1-0-3-6]",3,62,5.04719,0.922481,0.850467,3,0.5,8466,1024
9490,4748.77,ga_tcheby_proxy,mesh9,3,4,0,"[3-4]",1,22,1.61449,0.97,0.849234,1,0.5,8467,1024
9491,4749.53,ga_tcheby_proxy,mesh9,0,5,0,"[0-1-4-5]",3,64,4.82552,0.97,0.850642,3,0.5,8468,1024
9492,4749.97,ga_tcheby_proxy,mesh9,7,6,0,"[7-6]",1,22,1.61449,0.97,0.845224,1,0.5,8469,1024
9493,4750.46,ga_tcheby_proxy,mesh9,1,7,0,"[1-4-7]",2,40,3.19307,0.975,0.850816,2,0.5,8470,1024
9494,4750.86,ga_tcheby_proxy,mesh9,1,6,0,"[1-0-3-6]",3,62,4.80756,0.97,0.850642,3,0.5,8471,1024
9495,4751.74,ga_tcheby_proxy,mesh9,8,7,0,"[8-7]",1,22,1.61449,0.97,0.842752,1,0.5,8472,1024
9496,4752.05,ga_tcheby_proxy,mesh9,7,2,0,"[7-4-1-2]",3,62,4.80756,0.97,0.848878,3,0.5,8473,1024
9497,4752.7,ga_tcheby_proxy,mesh9,0,3,0,"[0-3]",1,20,1.59654,0.975,0.850816,1,0.5,8474,1024
9498,4754.52,ga_tcheby_proxy,mesh9,1,4,0,"[1-4]",1,20,1.59654,0.975,0.85099,1,0.5,8475,1024
9499,4754.99,ga_tcheby_proxy,mesh9,3,1,0,"[3-0-1]",2,42,3.21103,0.97,0.8478,2,0.5,8476,1024
9500,4755.41,ga_tcheby_proxy,mesh9,7,0,0,"[7-4-1-0]",3,62,4.80756,0.97,0.849234,3,0.5,8477,1024
9501,4755.78,ga_tcheby_proxy,mesh9,3,4,0,"[3-4]",1,22,1.61449,0.97,0.849412,1,0.5,8478,1024
9502,4756.8,ga_tcheby_proxy,mesh9,8,6,0,"[8-7-6]",2,44,3.22898,0.97,0.845411,2,0.5,8479,1024
9503,4756.9,ga_tcheby_proxy,mesh9,5,6,0,"[5-8-7-6]",3,64,4.82552,0.97,0.848878,3,0.5,8480,1024
9504,4758.38,ga_tcheby_proxy,mesh9,4,3,0,"[4-3]",1,22,1.61449,0.97,0.849234,1,0.5,8481,1024
9505,4760.74,ga_tcheby_proxy,mesh9,3,2,0,"[3-0-1-2]",3,64,4.82552,0.97,0.849057,3,0.5,8482,1024
9506,4761.32,ga_tcheby_proxy,mesh9,2,6,0,"[2-5-8-7-6]",4,84,6.42205,0.97,0.850642,4,0.5,8483,1024
9507,4761.4,ga_tcheby_proxy,mesh9,6,7,0,"[6-7]",1,22,1.61449,0.97,0.849234,1,0.5,8484,1024
9508,4761.71,ga_tcheby_proxy,mesh9,2,3,0,"[2-5-4-3]",3,64,4.82552,0.97,0.850816,3,0.5,8485,1024
9509,4761.88,ga_tcheby_proxy,mesh9,4,3,0,"[4-3]",1,22,1.61449,0.97,0.849589,1,0.5,8486,1024
9510,4763,ga_tcheby_proxy,mesh9,2,7,0,"[2-5-4-7]",3,62,4.80756,0.97,0.85099,3,0.5,8487,1024
9511,4763.22,ga_tcheby_proxy,mesh9,0,7,0,"[0-3-6-7]",3,62,4.80756,0.97,0.85099,3,0.5,8488,1024
9512,4763.91,ga_tcheby_proxy,mesh9,2,3,0,"[2-1-0-3]",3,64,4.82552,0.97,0.851163,3,0.5,8489,1024
9513,4765.45,ga_tcheby_proxy,mesh9,8,2,0,"[8-5-2]",2,40,3.19307,0.975,0.836317,2,0.5,8490,1024
9514,4765.99,ga_tcheby_proxy,mesh9,8,4,0,"[8-7-4]",2,42,3.21103,0.97,0.845597,2,0.5,8491,1024
9515,4767.42,ga_tcheby_proxy,mesh9,0,4,0,"[0-1-4]",2,42,3.21103,0.97,0.851163,2,0.5,8492,1024
9516,4768.42,ga_tcheby_proxy,mesh9,1,0,0,"[1-0]",1,22,1.61449,0.97,0.849589,1,0.5,8493,1024
9517,4769.54,ga_tcheby_proxy,mesh9,1,6,0,"[1-4-7-6]",3,62,4.80756,0.97,0.851336,3,0.5,8494,1024
9518,4769.65,ga_tcheby_proxy,mesh9,1,2,0,"[1-2]",1,22,1.61449,0.97,0.849234,1,0.5,8495,1024
9519,4770,ga_tcheby_proxy,mesh9,0,4,0,"[0-3-4]",2,42,3.21103,0.97,0.851336,2,0.5,8496,1024
9520,4770.01,ga_tcheby_proxy,mesh9,3,8,1,"[]",0,0,0,0,0,0,0.5,8496,1025
9521,4770.2,ga_tcheby_proxy,mesh9,8,4,0,"[8-5-4]",2,42,3.21103,0.97,0.845597,2,0.5,8497,1025
9522,4770.65,ga_tcheby_proxy,mesh9,8,0,0,"[8-7-6-3-0]",4,84,6.42205,0.97,0.849234,4,0.5,8498,1025
9523,4770.71,ga_tcheby_proxy,mesh9,6,3,0,"[6-3]",1,20,1.69762,0.914885,0.849412,1,0.5,8499,1025
9524,4771.35,ga_tcheby_proxy,mesh9,4,5,0,"[4-5]",1,22,1.61449,0.97,0.849765,1,0.5,8500,1025
9525,4771.38,ga_tcheby_proxy,mesh9,3,6,1,"[]",0,0,0,0,0,0,0.5,8500,1026
9526,4772.14,ga_tcheby_proxy,mesh9,7,5,0,"[7-8-5]",2,42,3.21103,0.97,0.848878,2,0.5,8501,1026
9527,4772.54,ga_tcheby_proxy,mesh9,0,2,0,"[0-1-2]",2,44,3.22898,0.97,0.849412,2,0.5,8502,1026
9528,4773.35,ga_tcheby_proxy,mesh9,1,8,0,"[1-2-5-8]",3,62,4.80756,0.97,0.851163,3,0.5,8503,1026
9529,4773.88,ga_tcheby_proxy,mesh9,3,8,0,"[3-6-7-8]",3,64,4.82552,0.97,0.849589,3,0.5,8504,1026
9530,4773.97,ga_tcheby_proxy,mesh9,8,4,0,"[8-7-4]",2,42,3.21103,0.97,0.845783,2,0.5,8505,1026
9531,4775.88,ga_tcheby_proxy,mesh9,6,3,0,"[6-3]",1,20,1.59654,0.975,0.849589,1,0.5,8506,1026
9532,4776.27,ga_tcheby_proxy,mesh9,4,1,0,"[4-1]",1,20,1.59654,0.975,0.845969,1,0.5,8507,1026
9533,4776.48,ga_tcheby_proxy,mesh9,2,3,0,"[2-5-4-3]",3,64,4.82552,0.97,0.851336,3,0.5,8508,1026
9534,4776.77,ga_tcheby_proxy,mesh9,2,4,0,"[2-1-4]",2,42,3.21103,0.97,0.851508,2,0.5,8509,1026
9535,4776.78,ga_tcheby_proxy,mesh9,5,2,1,"[]",0,0,0,0,0,0,0.5,8509,1027
9536,4777.14,ga_tcheby_proxy,mesh9,5,6,0,"[5-8-7-6]",3,64,4.82552,0.97,0.849412,3,0.5,8510,1027
9537,4777.75,ga_tcheby_proxy,mesh9,4,2,0,"[4-1-2]",2,42,3.21103,0.97,0.849765,2,0.5,8511,1027
9538,4778.62,ga_tcheby_proxy,mesh9,1,0,0,"[1-0]",1,22,1.61449,0.97,0.849765,1,0.5,8512,1027
9539,4779.2,ga_tcheby_proxy,mesh9,2,6,0,"[2-5-8-7-6]",4,84,6.42205,0.97,0.851508,4,0.5,8513,1027
9540,4779.47,ga_tcheby_proxy,mesh9,0,3,0,"[0-3]",1,20,1.59654,0.975,0.851508,1,0.5,8514,1027
9541,4779.71,ga_tcheby_proxy,mesh9,1,6,0,"[1-4-7-6]",3,62,4.80756,0.97,0.85168,3,0.5,8515,1027
9542,4780.2,ga_tcheby_proxy,mesh9,3,6,0,"[3-6]",1,20,1.59654,0.975,0.847981,1,0.5,8516,1027
9543,4780.47,ga_tcheby_proxy,mesh9,1,5,0,"[1-2-5]",2,42,3.21103,0.97,0.85168,2,0.5,8517,1027
9544,4780.64,ga_tcheby_proxy,mesh9,2,3,0,"[2-1-0-3]",3,64,4.82552,0.97,0.85168,3,0.5,8518,1027
9545,4781.08,ga_tcheby_proxy,mesh9,4,8,0,"[4-5-8]",2,42,3.21103,0.97,0.849941,2,0.5,8519,1027
9546,4781.23,ga_tcheby_proxy,mesh9,5,7,0,"[5-8-7]",2,42,3.21103,0.97,0.849941,2,0.5,8520,1027
9547,4781.54,ga_tcheby_proxy,mesh9,0,5,0,"[0-3-4-5]",3,64,4.82552,0.97,0.851852,3,0.5,8521,1027
9548,4782.53,ga_tcheby_proxy,mesh9,3,8,0,"[3-6-7-8]",3,64,4.82552,0.97,0.849765,3,0.5,8522,1027
9549,4782.76,ga_tcheby_proxy,mesh9,2,4,0,"[2-1-4]",2,42,3.21103,0.97,0.851852,2,0.5,8523,1027
9550,4783,ga_tcheby_proxy,mesh9,3,2,0,"[3-4-1-2]",3,64,4.82552,0.97,0.850117,3,0.5,8524,1027
9551,4783.46,ga_tcheby_proxy,mesh9,4,6,0,"[4-3-6]",2,42,3.21103,0.97,0.849941,2,0.5,8525,1027
9552,4783.76,ga_tcheby_proxy,mesh9,5,6,0,"[5-4-3-6]",3,64,4.82552,0.97,0.850117,3,0.5,8526,1027
9553,4783.82,ga_tcheby_proxy,mesh9,1,6,1,"[]",0,0,0,0,0,0,0.5,8526,1028
9554,4784.11,ga_tcheby_proxy,mesh9,0,3,0,"[0-3]",1,20,1.59654,0.975,0.852023,1,0.5,8527,1028
9555,4785.28,ga_tcheby_proxy,mesh9,7,8,0,"[7-8]",1,22,1.61449,0.97,0.849412,1,0.5,8528,1028
9556,4785.67,ga_tcheby_proxy,mesh9,2,0,0,"[2-1-0]",2,44,3.22898,0.97,0.850117,2,0.5,8529,1028
9557,4785.76,ga_tcheby_proxy,mesh9,7,3,0,"[7-6-3]",2,42,3.21103,0.97,0.849765,2,0.5,8530,1028
9558,4786.54,ga_tcheby_proxy,mesh9,7,3,0,"[7-6-3]",2,42,3.21103,0.97,0.849941,2,0.5,8531,1028
9559,4786.54,ga_tcheby_proxy,mesh9,7,3,0,"[7-4-3]",2,42,3.25696,0.955882,0.851288,2,0.5,8532,1028
9560,4787.58,ga_tcheby_proxy,mesh9,3,4,0,"[3-4]",1,22,1.61449,0.97,0.850117,1,0.5,8533,1028
9561,4788.03,ga_tcheby_proxy,mesh9,0,7,0,"[0-1-4-7]",3,62,4.80756,0.97,0.852023,3,0.5,8534,1028
9562,4788.4,ga_tcheby_proxy,mesh9,1,0,0,"[1-0]",1,22,1.61449,0.97,0.850292,1,0.5,8535,1028
9563,4789.45,ga_tcheby_proxy,mesh9,6,4,0,"[6-7-4]",2,42,3.21103,0.97,0.849941,2,0.5,8536,1028
9564,4789.79,ga_tcheby_proxy,mesh9,6,0,0,"[6-3-0]",2,40,3.19307,0.975,0.850117,2,0.5,8537,1028
9565,4790.13,ga_tcheby_proxy,mesh9,4,7,0,"[4-7]",1,20,1.59654,0.975,0.850292,1,0.5,8538,1028
9566,4790.56,ga_tcheby_proxy,mesh9,2,5,0,"[2-5]",1,20,1.59654,0.975,0.851852,1,0.5,8539,1028
9567,4791.31,ga_tcheby_proxy,mesh9,8,3,0,"[8-7-6-3]",3,64,4.82552,0.97,0.850292,3,0.5,8540,1028
9568,4791.55,ga_tcheby_proxy,mesh9,0,7,0,"[0-1-4-7]",3,62,4.80756,0.97,0.852194,3,0.5,8541,1028
9569,4792.35,ga_tcheby_proxy,mesh9,4,8,0,"[4-5-8]",2,42,3.21103,0.97,0.850292,2,0.5,8542,1028
9570,4792.74,ga_tcheby_proxy,mesh9,0,4,0,"[0-3-4]",2,42,3.21103,0.97,0.852194,2,0.5,8543,1028
9571,4793.91,ga_tcheby_proxy,mesh9,6,2,0,"[6-7-8-5-2]",4,84,6.42205,0.97,0.850117,4,0.5,8544,1028
9572,4793.99,ga_tcheby_proxy,mesh9,2,6,0,"[2-5-4-7-6]",4,84,6.42205,0.97,0.852023,4,0.5,8545,1028
9573,4794.23,ga_tcheby_proxy,mesh9,3,1,0,"[3-0-1]",2,42,3.21103,0.97,0.848521,2,0.5,8546,1028
9574,4794.65,ga_tcheby_proxy,mesh9,7,1,0,"[7-4-1]",2,40,3.19307,0.975,0.846523,2,0.5,8547,1028
9575,4794.72,ga_tcheby_proxy,mesh9,5,1,0,"[5-4-1]",2,42,3.21103,0.97,0.846707,2,0.5,8548,1028
9576,4795.03,ga_tcheby_proxy,mesh9,4,1,0,"[4-1]",1,20,1.59654,0.975,0.84689,1,0.5,8549,1028
9577,4795.54,ga_tcheby_proxy,mesh9,6,3,0,"[6-3]",1,20,1.59654,0.975,0.850467,1,0.5,8550,1028
9578,4795.61,ga_tcheby_proxy,mesh9,2,7,1,"[]",0,0,0,0,0,0,0.5,8550,1029
9579,4795.66,ga_tcheby_proxy,mesh9,5,4,1,"[]",0,0,0,0,0,0,0.5,8550,1030
9580,4796.8,ga_tcheby_proxy,mesh9,0,7,0,"[0-3-6-7]",3,62,4.80756,0.97,0.852364,3,0.5,8551,1030
9581,4797.35,ga_tcheby_proxy,mesh9,4,5,0,"[4-5]",1,22,1.61449,0.97,0.850467,1,0.5,8552,1030
9582,4797.5,ga_tcheby_proxy,mesh9,4,8,0,"[4-5-8]",2,42,3.21103,0.97,0.850642,2,0.5,8553,1030
9583,4797.77,ga_tcheby_proxy,mesh9,8,3,0,"[8-7-4-3]",3,64,4.82552,0.97,0.850467,3,0.5,8554,1030
9584,4797.89,ga_tcheby_proxy,mesh9,5,3,0,"[5-4-3]",2,44,3.22898,0.97,0.850642,2,0.5,8555,1030
9585,4799.09,ga_tcheby_proxy,mesh9,5,7,0,"[5-8-7]",2,42,3.21103,0.97,0.850467,2,0.5,8556,1030
9586,4799.35,ga_tcheby_proxy,mesh9,2,4,0,"[2-5-4]",2,42,3.21103,0.97,0.852194,2,0.5,8557,1030
9587,4799.38,ga_tcheby_proxy,mesh9,2,5,1,"[]",0,0,0,0,0,0,0.5,8557,1031
9588,4799.41,ga_tcheby_proxy,mesh9,7,1,1,"[]",0,0,0,0,0,0,0.5,8557,1032
9589,4800.89,ga_tcheby_proxy,mesh9,1,3,0,"[1-4-3]",2,42,3.21103,0.97,0.852364,2,0.5,8558,1032
9590,4801.13,ga_tcheby_proxy,mesh9,5,1,0,"[5-2-1]",2,42,3.21103,0.97,0.844848,2,0.5,8559,1032
9591,4802.15,ga_tcheby_proxy,mesh9,2,5,0,"[2-5]",1,20,1.59654,0.975,0.852364,1,0.5,8560,1032
9592,4802.31,ga_tcheby_proxy,mesh9,6,1,0,"[6-7-4-1]",3,62,4.80756,0.97,0.850467,3,0.5,8561,1032
9593,4802.56,ga_tcheby_proxy,mesh9,8,2,0,"[8-5-2]",2,40,3.19307,0.975,0.83715,2,0.5,8562,1032
9594,4802.9,ga_tcheby_proxy,mesh9,3,7,0,"[3-6-7]",2,42,3.21103,0.97,0.850642,2,0.5,8563,1032
9595,4803.44,ga_tcheby_proxy,mesh9,2,6,0,"[2-5-8-7-6]",4,84,6.42205,0.97,0.852535,4,0.5,8564,1032
9596,4803.71,ga_tcheby_proxy,mesh9,0,6,0,"[0-3-6]",2,40,3.19307,0.975,0.852535,2,0.5,8565,1032
9597,4804.25,ga_tcheby_proxy,mesh9,8,3,0,"[8-7-6-3]",3,64,4.82552,0.97,0.850642,3,0.5,8566,1032
9598,4805.47,ga_tcheby_proxy,mesh9,5,6,0,"[5-8-7-6]",3,64,4.82552,0.97,0.850816,3,0.5,8567,1032
9599,4805.47,ga_tcheby_proxy,mesh9,4,2,0,"[4-1-2]",2,42,3.32469,0.935448,0.852286,2,0.5,8568,1032
9600,4805.93,ga_tcheby_proxy,mesh9,0,2,0,"[0-1-2]",2,44,3.22898,0.97,0.850467,2,0.5,8569,1032
9601,4805.99,ga_tcheby_proxy,mesh9,3,6,1,"[]",0,0,0,0,0,0,0.5,8569,1033
9602,4806.96,ga_tcheby_proxy,mesh9,7,6,0,"[7-6]",1,22,1.61449,0.97,0.848161,1,0.5,8570,1033
9603,4807.02,ga_tcheby_proxy,mesh9,3,0,1,"[]",0,0,0,0,0,0,0.5,8570,1034
9604,4807.72,ga_tcheby_proxy,mesh9,7,8,0,"[7-8]",1,22,1.61449,0.97,0.849765,1,0.5,8571,1034
9605,4807.95,ga_tcheby_proxy,mesh9,7,6,0,"[7-6]",1,22,1.61449,0.97,0.848341,1,0.5,8572,1034
9606,4808.03,ga_tcheby_proxy,mesh9,2,3,0,"[2-1-4-3]",3,64,4.87041,0.94791,0.852535,3,0.5,8573,1034
9607,4808.19,ga_tcheby_proxy,mesh9,7,4,0,"[7-4]",1,20,1.59654,0.975,0.84689,1,0.5,8574,1034
9608,4808.33,ga_tcheby_proxy,mesh9,2,3,0,"[2-1-0-3]",3,64,4.82552,0.97,0.852704,3,0.5,8575,1034
9609,4808.56,ga_tcheby_proxy,mesh9,0,4,0,"[0-1-4]",2,42,3.21103,0.97,0.852704,2,0.5,8576,1034
9610,4808.9,ga_tcheby_proxy,mesh9,2,4,0,"[2-5-4]",2,42,3.21103,0.97,0.852704,2,0.5,8577,1034
9611,4809.14,ga_tcheby_proxy,mesh9,4,1,0,"[4-1]",1,20,1.59654,0.975,0.847437,1,0.5,8578,1034
9612,4809.59,ga_tcheby_proxy,mesh9,7,6,0,"[7-6]",1,22,1.61449,0.97,0.848521,1,0.5,8579,1034
9613,4810.46,ga_tcheby_proxy,mesh9,7,5,0,"[7-8-5]",2,42,3.21103,0.97,0.849941,2,0.5,8580,1034
9614,4810.83,ga_tcheby_proxy,mesh9,2,7,0,"[2-1-4-7]",3,62,4.80756,0.97,0.852874,3,0.5,8581,1034
9615,4811.87,ga_tcheby_proxy,mesh9,7,3,0,"[7-6-3]",2,42,3.21103,0.97,0.850816,2,0.5,8582,1034
9616,4812.5,ga_tcheby_proxy,mesh9,8,3,0,"[8-7-6-3]",3,64,4.82552,0.97,0.85099,3,0.5,8583,1034
9617,4812.88,ga_tcheby_proxy,mesh9,1,8,0,"[1-2-5-8]",3,62,4.80756,0.97,0.852874,3,0.5,8584,1034
9618,4813.15,ga_tcheby_proxy,mesh9,6,5,0,"[6-7-4-5]",3,64,4.82552,0.97,0.850816,3,0.5,8585,1034
9619,4813.21,ga_tcheby_proxy,mesh9,2,6,0,"[2-1-4-7-6]",4,84,6.58405,0.910921,0.853042,4,0.5,8586,1034
9620,4813.67,ga_tcheby_proxy,mesh9,1,6,0,"[1-0-3-6]",3,62,4.80756,0.97,0.852874,3,0.5,8587,1034
9621,4814.17,ga_tcheby_proxy,mesh9,3,2,0,"[3-4-1-2]",3,64,4.82552,0.97,0.850816,3,0.5,8588,1034
9622,4814.29,ga_tcheby_proxy,mesh9,6,3,0,"[6-3]",1,20,1.59654,0.975,0.851163,1,0.5,8589,1034
9623,4814.5,ga_tcheby_proxy,mesh9,2,3,0,"[2-5-4-3]",3,64,4.82552,0.97,0.853042,3,0.5,8590,1034
9624,4814.76,ga_tcheby_proxy,mesh9,1,2,0,"[1-2]",1,22,1.61449,0.97,0.85099,1,0.5,8591,1034
9625,4815.22,ga_tcheby_proxy,mesh9,3,8,0,"[3-6-7-8]",3,64,4.82552,0.97,0.85099,3,0.5,8592,1034
9626,4815.53,ga_tcheby_proxy,mesh9,5,6,0,"[5-4-7-6]",3,64,4.82552,0.97,0.851163,3,0.5,8593,1034
9627,4815.88,ga_tcheby_proxy,mesh9,0,5,0,"[0-3-4-5]",3,64,4.82552,0.97,0.853042,3,0.5,8594,1034
9628,4815.89,ga_tcheby_proxy,mesh9,5,1,0,"[5-2-1]",2,42,3.36785,0.924068,0.845783,2,0.5,8595,1034
9629,4815.97,ga_tcheby_proxy,mesh9,6,2,0,"[6-7-4-5-2]",4,84,6.42205,0.97,0.851163,4,0.5,8596,1034
9630,4816.16,ga_tcheby_proxy,mesh9,3,4,0,"[3-4]",1,22,1.61449,0.97,0.850816,1,0.5,8597,1034
9631,4816.29,ga_tcheby_proxy,mesh9,4,2,0,"[4-1-2]",2,42,3.21103,0.97,0.851163,2,0.5,8598,1034
9632,4816.3,ga_tcheby_proxy,mesh9,6,7,1,"[]",0,0,0,0,0,0,0.5,8598,1035
9633,4817.1,ga_tcheby_proxy,mesh9,4,1,0,"[4-1]",1,20,1.59654,0.975,0.847981,1,0.5,8599,1035
9634,4817.2,ga_tcheby_proxy,mesh9,8,2,0,"[8-5-2]",2,40,3.19307,0.975,0.837563,2,0.5,8600,1035
9635,4817.37,ga_tcheby_proxy,mesh9,5,3,0,"[5-4-3]",2,44,3.22898,0.97,0.851336,2,0.5,8601,1035
9636,4817.67,ga_tcheby_proxy,mesh9,7,5,0,"[7-8-5]",2,42,3.21103,0.97,0.850292,2,0.5,8602,1035
9637,4817.78,ga_tcheby_proxy,mesh9,2,6,0,"[2-1-4-7-6]",4,84,6.42205,0.97,0.853211,4,0.5,8603,1035
9638,4817.79,ga_tcheby_proxy,mesh9,1,4,1,"[]",0,0,0,0,0,0,0.5,8603,1036
9639,4817.93,ga_tcheby_proxy,mesh9,1,7,0,"[1-4-7]",2,40,3.19307,0.975,0.853379,2,0.5,8604,1036
9640,4818.21,ga_tcheby_proxy,mesh9,7,2,0,"[7-8-5-2]",3,62,4.80756,0.97,0.850467,3,0.5,8605,1036
9641,4818.4,ga_tcheby_proxy,mesh9,3,2,0,"[3-4-1-2]",3,64,4.82552,0.97,0.851336,3,0.5,8606,1036
9642,4818.42,ga_tcheby_proxy,mesh9,8,2,1,"[]",0,0,0,0,0,0,0.5,8606,1037
9643,4818.81,ga_tcheby_proxy,mesh9,6,8,0,"[6-7-8]",2,44,3.22898,0.97,0.851336,2,0.5,8607,1037
9644,4819.38,ga_tcheby_proxy,mesh9,2,3,0,"[2-1-0-3]",3,64,4.82552,0.97,0.853211,3,0.5,8608,1037
9645,4819.93,ga_tcheby_proxy,mesh9,7,8,0,"[7-8]",1,22,1.61449,0.97,0.850816,1,0.5,8609,1037
9646,4820.35,ga_tcheby_proxy,mesh9,5,0,0,"[5-2-1-0]",3,64,4.82552,0.97,0.85099,3,0.5,8610,1037
9647,4820.38,ga_tcheby_proxy,mesh9,4,5,1,"[]",0,0,0,0,0,0,0.5,8610,1038
9648,4820.4,ga_tcheby_proxy,mesh9,7,5,1,"[]",0,0,0,0,0,0,0.5,8610,1039
9649,4820.51,ga_tcheby_proxy,mesh9,8,2,0,"[8-5-2]",2,40,3.19307,0.975,0.83818,2,0.5,8611,1039
9650,4820.53,ga_tcheby_proxy,mesh9,2,3,1,"[]",0,0,0,0,0,0,0.5,8611,1040
9651,4820.55,ga_tcheby_proxy,mesh9,4,6,1,"[]",0,0,0,0,0,0,0.5,8611,1041
9652,4820.6,ga_tcheby_proxy,mesh9,5,0,1,"[]",0,0,0,0,0,0,0.5,8611,1042
9653,4820.94,ga_tcheby_proxy,mesh9,2,7,0,"[2-5-8-7]",3,62,4.80756,0.97,0.853211,3,0.5,8612,1042
9654,4820.96,ga_tcheby_proxy,mesh9,0,4,1,"[]",0,0,0,0,0,0,0.5,8612,1043
9655,4821.14,ga_tcheby_proxy,mesh9,3,1,0,"[3-0-1]",2,42,3.21103,0.97,0.8487,2,0.5,8613,1043
9656,4822.05,ga_tcheby_proxy,mesh9,0,8,0,"[0-3-6-7-8]",4,84,6.42205,0.97,0.853379,4,0.5,8614,1043
9657,4822.77,ga_tcheby_proxy,mesh9,6,4,0,"[6-3-4]",2,42,3.21103,0.97,0.851336,2,0.5,8615,1043
9658,4822.96,ga_tcheby_proxy,mesh9,1,5,0,"[1-2-5]",2,42,3.21103,0.97,0.853379,2,0.5,8616,1043
9659,4823.05,ga_tcheby_proxy,mesh9,3,1,0,"[3-0-1]",2,42,3.21103,0.97,0.848878,2,0.5,8617,1043
9660,4823.78,ga_tcheby_proxy,mesh9,6,3,0,"[6-3]",1,20,1.59654,0.975,0.851508,1,0.5,8618,1043
9661,4823.93,ga_tcheby_proxy,mesh9,3,4,0,"[3-4]",1,22,1.61449,0.97,0.851336,1,0.5,8619,1043
9662,4824.79,ga_tcheby_proxy,mesh9,2,3,0,"[2-1-0-3]",3,64,4.82552,0.97,0.853547,3,0.5,8620,1043
9663,4825.36,ga_tcheby_proxy,mesh9,1,8,0,"[1-2-5-8]",3,62,4.80756,0.97,0.853547,3,0.5,8621,1043
9664,4825.7,ga_tcheby_proxy,mesh9,3,1,0,"[3-0-1]",2,42,3.21103,0.97,0.849057,2,0.5,8622,1043
9665,4826.32,ga_tcheby_proxy,mesh9,4,7,0,"[4-7]",1,20,1.59654,0.975,0.85168,1,0.5,8623,1043
9666,4827,ga_tcheby_proxy,mesh9,3,4,0,"[3-4]",1,22,1.61449,0.97,0.851508,1,0.5,8624,1043
9667,4827.44,ga_tcheby_proxy,mesh9,0,5,0,"[0-1-4-5]",3,64,4.82552,0.97,0.853547,3,0.5,8625,1043
9668,4827.92,ga_tcheby_proxy,mesh9,1,2,0,"[1-2]",1,22,1.61449,0.97,0.851852,1,0.5,8626,1043
9669,4828.3,ga_tcheby_proxy,mesh9,6,5,0,"[6-7-4-5]",3,64,4.82552,0.97,0.85168,3,0.5,8627,1043
9670,4828.47,ga_tcheby_proxy,mesh9,1,6,0,"[1-4-3-6]",3,62,4.80756,0.97,0.853714,3,0.5,8628,1043
9671,4829,ga_tcheby_proxy,mesh9,0,5,0,"[0-3-4-5]",3,64,4.82552,0.97,0.853714,3,0.5,8629,1043
9672,4829.28,ga_tcheby_proxy,mesh9,8,5,0,"[8-5]",1,20,1.59654,0.975,0.838384,1,0.5,8630,1043
9673,4830.69,ga_tcheby_proxy,mesh9,1,7,0,"[1-4-7]",2,40,3.19307,0.975,0.853881,2,0.5,8631,1043
9674,4831.29,ga_tcheby_proxy,mesh9,4,7,0,"[4-7]",1,20,1.59654,0.975,0.852023,1,0.5,8632,1043
9675,4831.38,ga_tcheby_proxy,mesh9,4,1,0,"[4-1]",1,20,1.59654,0.975,0.848341,1,0.5,8633,1043
9676,4831.99,ga_tcheby_proxy,mesh9,1,5,0,"[1-2-5]",2,42,3.21103,0.97,0.853714,2,0.5,8634,1043
9677,4832.06,ga_tcheby_proxy,mesh9,2,8,0,"[2-5-8]",2,40,3.29033,0.921784,0.853881,2,0.5,8635,1043
9678,4832.43,ga_tcheby_proxy,mesh9,7,5,0,"[7-8-5]",2,42,3.21103,0.97,0.851163,2,0.5,8636,1043
9679,4833.28,ga_tcheby_proxy,mesh9,7,4,0,"[7-4]",1,20,1.59654,0.975,0.847619,1,0.5,8637,1043
9680,4833.74,ga_tcheby_proxy,mesh9,4,5,0,"[4-5]",1,22,1.61449,0.97,0.851852,1,0.5,8638,1043
9681,4834.05,ga_tcheby_proxy,mesh9,5,1,0,"[5-2-1]",2,42,3.21103,0.97,0.846707,2,0.5,8639,1043
9682,4835.17,ga_tcheby_proxy,mesh9,7,3,0,"[7-4-3]",2,42,3.21103,0.97,0.85168,2,0.5,8640,1043
9683,4836.07,ga_tcheby_proxy,mesh9,8,0,0,"[8-5-4-1-0]",4,84,6.42205,0.97,0.851336,4,0.5,8641,1043
9684,4836.98,ga_tcheby_proxy,mesh9,4,5,0,"[4-5]",1,22,1.61449,0.97,0.852023,1,0.5,8642,1043
9685,4837.27,ga_tcheby_proxy,mesh9,7,3,0,"[7-6-3]",2,42,3.21103,0.97,0.85168,2,0.5,8643,1043
9686,4837.47,ga_tcheby_proxy,mesh9,4,5,0,"[4-5]",1,22,1.61449,0.97,0.852194,1,0.5,8644,1043
9687,4837.52,ga_tcheby_proxy,mesh9,5,8,1,"[]",0,0,0,0,0,0,0.5,8644,1044
9688,4838.17,ga_tcheby_proxy,mesh9,4,3,0,"[4-3]",1,22,1.61449,0.97,0.851852,1,0.5,8645,1044
9689,4838.29,ga_tcheby_proxy,mesh9,3,7,0,"[3-6-7]",2,42,3.21103,0.97,0.851852,2,0.5,8646,1044
9690,4838.32,ga_tcheby_proxy,mesh9,5,7,1,"[]",0,0,0,0,0,0,0.5,8646,1045
9691,4839.18,ga_tcheby_proxy,mesh9,2,6,0,"[2-1-0-3-6]",4,84,6.42205,0.97,0.853881,4,0.5,8647,1045
9692,4839.19,ga_tcheby_proxy,mesh9,1,5,1,"[]",0,0,0,0,0,0,0.5,8647,1046
9693,4839.22,ga_tcheby_proxy,mesh9,7,4,1,"[]",0,0,0,0,0,0,0.5,8647,1047
9694,4840.28,ga_tcheby_proxy,mesh9,6,7,0,"[6-7]",1,22,1.61449,0.97,0.852023,1,0.5,8648,1047
9695,4840.34,ga_tcheby_proxy,mesh9,5,3,0,"[5-4-7-6-3]",4,84,6.72667,0.900801,0.852194,4,0.5,8649,1047
9696,4841.39,ga_tcheby_proxy,mesh9,4,2,0,"[4-1-2]",2,42,3.21103,0.97,0.852194,2,0.5,8650,1047
9697,4842.7,ga_tcheby_proxy,mesh9,6,2,0,"[6-7-8-5-2]",4,84,6.42205,0.97,0.852194,4,0.5,8651,1047
9698,4843.15,ga_tcheby_proxy,mesh9,6,1,0,"[6-3-4-1]",3,62,4.80756,0.97,0.852023,3,0.5,8652,1047
9699,4843.45,ga_tcheby_proxy,mesh9,2,1,0,"[2-1]",1,22,1.61449,0.97,0.847073,1,0.5,8653,1047
9700,4843.77,ga_tcheby_proxy,mesh9,2,7,0,"[2-1-4-7]",3,62,4.80756,0.97,0.854048,3,0.5,8654,1047
9701,4844.68,ga_tcheby_proxy,mesh9,3,0,0,"[3-0]",1,20,1.59654,0.975,0.849234,1,0.5,8655,1047
9702,4845.03,ga_tcheby_proxy,mesh9,4,6,0,"[4-3-6]",2,42,3.21103,0.97,0.852023,2,0.5,8656,1047
9703,4846.38,ga_tcheby_proxy,mesh9,3,7,0,"[3-6-7]",2,42,3.21103,0.97,0.852364,2,0.5,8657,1047
9704,4846.77,ga_tcheby_proxy,mesh9,3,5,0,"[3-4-5]",2,44,3.22898,0.97,0.852364,2,0.5,8658,1047
9705,4847.68,ga_tcheby_proxy,mesh9,6,1,0,"[6-3-0-1]",3,62,4.80756,0.97,0.852194,3,0.5,8659,1047
9706,4848.9,ga_tcheby_proxy,mesh9,2,3,0,"[2-5-4-3]",3,64,4.82552,0.97,0.854048,3,0.5,8660,1047
9707,4849.14,ga_tcheby_proxy,mesh9,3,8,0,"[3-6-7-8]",3,64,4.82552,0.97,0.852535,3,0.5,8661,1047
9708,4849.2,ga_tcheby_proxy,mesh9,8,4,0,"[8-5-4]",2,42,3.40715,0.901121,0.848161,2,0.5,8662,1047
9709,4849.92,ga_tcheby_proxy,mesh9,8,7,0,"[8-7]",1,22,1.61449,0.97,0.846154,1,0.5,8663,1047
9710,4850.25,ga_tcheby_proxy,mesh9,2,6,0,"[2-1-0-3-6]",4,84,6.42205,0.97,0.854048,4,0.5,8664,1047
9711,4850.78,ga_tcheby_proxy,mesh9,8,2,0,"[8-5-2]",2,40,3.19307,0.975,0.839398,2,0.5,8665,1047
9712,4851.44,ga_tcheby_proxy,mesh9,4,7,0,"[4-7]",1,20,1.59654,0.975,0.852535,1,0.5,8666,1047
9713,4851.54,ga_tcheby_proxy,mesh9,7,0,0,"[7-4-1-0]",3,62,4.80756,0.97,0.851852,3,0.5,8667,1047
9714,4852.11,ga_tcheby_proxy,mesh9,8,0,0,"[8-5-4-1-0]",4,84,6.42205,0.97,0.852023,4,0.5,8668,1047
9715,4853.21,ga_tcheby_proxy,mesh9,3,6,0,"[3-6]",1,20,1.59654,0.975,0.85099,1,0.5,8669,1047
9716,4854.04,ga_tcheby_proxy,mesh9,6,3,0,"[6-3]",1,20,1.59654,0.975,0.852364,1,0.5,8670,1047
9717,4854.43,ga_tcheby_proxy,mesh9,4,7,0,"[4-7]",1,20,1.59654,0.975,0.852704,1,0.5,8671,1047
9718,4855.2,ga_tcheby_proxy,mesh9,6,1,0,"[6-3-4-1]",3,62,4.80756,0.97,0.852535,3,0.5,8672,1047
9719,4855.28,ga_tcheby_proxy,mesh9,5,3,0,"[5-4-3]",2,44,3.22898,0.97,0.852364,2,0.5,8673,1047
9720,4856.36,ga_tcheby_proxy,mesh9,5,7,0,"[5-8-7]",2,42,3.21103,0.97,0.85168,2,0.5,8674,1047
9721,4857.73,ga_tcheby_proxy,mesh9,5,2,0,"[5-2]",1,20,1.59654,0.975,0.83355,1,0.5,8675,1047
9722,4857.96,ga_tcheby_proxy,mesh9,8,6,0,"[8-7-6]",2,44,3.22898,0.97,0.849941,2,0.5,8676,1047
9723,4858.18,ga_tcheby_proxy,mesh9,1,8,0,"[1-4-7-8]",3,62,4.80756,0.97,0.854214,3,0.5,8677,1047
9724,4858.51,ga_tcheby_proxy,mesh9,3,5,0,"[3-4-5]",2,44,3.22898,0.97,0.852535,2,0.5,8678,1047
9725,4858.94,ga_tcheby_proxy,mesh9,0,4,0,"[0-3-4]",2,42,3.21103,0.97,0.854214,2,0.5,8679,1047
9726,4858.94,ga_tcheby_proxy,mesh9,1,4,1,"[]",0,0,0,0,0,0,0.5,8679,1048
9727,4859.04,ga_tcheby_proxy,mesh9,6,1,0,"[6-7-4-1]",3,62,4.80756,0.97,0.852704,3,0.5,8680,1048
9728,4859.16,ga_tcheby_proxy,mesh9,7,5,0,"[7-8-5]",2,42,3.21103,0.97,0.851852,2,0.5,8681,1048
9729,4859.18,ga_tcheby_proxy,mesh9,5,0,1,"[]",0,0,0,0,0,0,0.5,8681,1049
9730,4859.91,ga_tcheby_proxy,mesh9,6,2,0,"[6-3-4-1-2]",4,84,6.42205,0.97,0.852704,4,0.5,8682,1049
9731,4861.24,ga_tcheby_proxy,mesh9,5,7,0,"[5-8-7]",2,42,3.21103,0.97,0.851852,2,0.5,8683,1049
9732,4862.15,ga_tcheby_proxy,mesh9,6,4,0,"[6-7-4]",2,42,3.21103,0.97,0.852874,2,0.5,8684,1049
9733,4862.46,ga_tcheby_proxy,mesh9,7,0,0,"[7-4-1-0]",3,62,4.80756,0.97,0.852194,3,0.5,8685,1049
9734,4862.46,ga_tcheby_proxy,mesh9,4,1,1,"[]",0,0,0,0,0,0,0.5,8685,1050
9735,4862.67,ga_tcheby_proxy,mesh9,6,8,0,"[6-7-8]",2,44,3.22898,0.97,0.853042,2,0.5,8686,1050
9736,4862.77,ga_tcheby_proxy,mesh9,6,4,0,"[6-3-4]",2,42,3.21103,0.97,0.852874,2,0.5,8687,1050
9737,4863.52,ga_tcheby_proxy,mesh9,4,7,0,"[4-7]",1,20,1.59654,0.975,0.853042,1,0.5,8688,1050
9738,4863.55,ga_tcheby_proxy,mesh9,5,3,1,"[]",0,0,0,0,0,0,0.5,8688,1051
9739,4863.76,ga_tcheby_proxy,mesh9,6,3,0,"[6-3]",1,20,1.59654,0.975,0.853042,1,0.5,8689,1051
9740,4863.95,ga_tcheby_proxy,mesh9,5,7,0,"[5-8-7]",2,42,3.21103,0.97,0.852023,2,0.5,8690,1051
9741,4864.19,ga_tcheby_proxy,mesh9,0,5,0,"[0-1-2-5]",3,64,4.82552,0.97,0.854214,3,0.5,8691,1051
9742,4864.4,ga_tcheby_proxy,mesh9,4,7,0,"[4-7]",1,20,1.59654,0.975,0.853211,1,0.5,8692,1051
9743,4866.26,ga_tcheby_proxy,mesh9,5,2,0,"[5-2]",1,20,1.59654,0.975,0.833766,1,0.5,8693,1051
9744,4866.6,ga_tcheby_proxy,mesh9,1,3,0,"[1-0-3]",2,42,3.21103,0.97,0.85438,2,0.5,8694,1051
9745,4866.61,ga_tcheby_proxy,mesh9,2,1,1,"[]",0,0,0,0,0,0,0.5,8694,1052
9746,4866.62,ga_tcheby_proxy,mesh9,2,5,1,"[]",0,0,0,0,0,0,0.5,8694,1053
9747,4867.12,ga_tcheby_proxy,mesh9,8,4,0,"[8-5-4]",2,42,3.21103,0.97,0.8487,2,0.5,8695,1053
9748,4867.32,ga_tcheby_proxy,mesh9,8,0,0,"[8-5-4-1-0]",4,84,6.42205,0.97,0.852535,4,0.5,8696,1053
9749,4867.63,ga_tcheby_proxy,mesh9,7,4,0,"[7-4]",1,20,1.59654,0.975,0.8487,1,0.5,8697,1053
9750,4868.23,ga_tcheby_proxy,mesh9,3,1,0,"[3-0-1]",2,42,3.21103,0.97,0.849589,2,0.5,8698,1053
9751,4869,ga_tcheby_proxy,mesh9,6,3,0,"[6-3]",1,20,1.59654,0.975,0.853211,1,0.5,8699,1053
9752,4869.38,ga_tcheby_proxy,mesh9,6,2,0,"[6-7-4-1-2]",4,84,6.42205,0.97,0.853211,4,0.5,8700,1053
9753,4869.46,ga_tcheby_proxy,mesh9,8,4,0,"[8-5-4]",2,42,3.21103,0.97,0.849057,2,0.5,8701,1053
9754,4870.42,ga_tcheby_proxy,mesh9,3,8,0,"[3-4-5-8]",3,64,4.82552,0.97,0.853042,3,0.5,8702,1053
9755,4871.12,ga_tcheby_proxy,mesh9,6,3,0,"[6-3]",1,20,1.59654,0.975,0.853379,1,0.5,8703,1053
9756,4873.09,ga_tcheby_proxy,mesh9,7,4,0,"[7-4]",1,20,1.59654,0.975,0.849057,1,0.5,8704,1053
9757,4874.19,ga_tcheby_proxy,mesh9,3,1,0,"[3-0-1]",2,42,3.21103,0.97,0.849765,2,0.5,8705,1053
9758,4874.87,ga_tcheby_proxy,mesh9,0,4,0,"[0-1-4]",2,42,3.21103,0.97,0.85438,2,0.5,8706,1053
9759,4875.05,ga_tcheby_proxy,mesh9,4,6,0,"[4-3-6]",2,42,3.21103,0.97,0.852535,2,0.5,8707,1053
9760,4875.15,ga_tcheby_proxy,mesh9,7,4,0,"[7-4]",1,20,1.59654,0.975,0.849234,1,0.5,8708,1053
9761,4876.04,ga_tcheby_proxy,mesh9,8,6,0,"[8-7-6]",2,44,3.22898,0.97,0.850117,2,0.5,8709,1053
9762,4876.12,ga_tcheby_proxy,mesh9,8,3,0,"[8-5-4-3]",3,64,4.82552,0.97,0.852704,3,0.5,8710,1053
9763,4876.68,ga_tcheby_proxy,mesh9,6,5,0,"[6-7-4-5]",3,64,4.82552,0.97,0.853379,3,0.5,8711,1053
9764,4877,ga_tcheby_proxy,mesh9,3,1,0,"[3-0-1]",2,42,3.21103,0.97,0.849941,2,0.5,8712,1053
9765,4877.27,ga_tcheby_proxy,mesh9,7,8,0,"[7-8]",1,22,1.61449,0.97,0.852194,1,0.5,8713,1053
9766,4877.33,ga_tcheby_proxy,mesh9,0,2,1,"[]",0,0,0,0,0,0,0.5,8713,1054
9767,4877.69,ga_tcheby_proxy,mesh9,6,7,0,"[6-7]",1,22,1.61449,0.97,0.853547,1,0.5,8714,1054
9768,4877.83,ga_tcheby_proxy,mesh9,3,1,0,"[3-0-1]",2,42,3.21103,0.97,0.850117,2,0.5,8715,1054
9769,4878.54,ga_tcheby_proxy,mesh9,3,2,0,"[3-0-1-2]",3,64,4.82552,0.97,0.852874,3,0.5,8716,1054
9770,4878.82,ga_tcheby_proxy,mesh9,3,1,0,"[3-0-1]",2,42,3.21103,0.97,0.850467,2,0.5,8717,1054
9771,4879.8,ga_tcheby_proxy,mesh9,0,5,0,"[0-1-2-5]",3,64,4.82552,0.97,0.85438,3,0.5,8718,1054
9772,4880.94,ga_tcheby_proxy,mesh9,6,5,0,"[6-3-4-5]",3,64,4.82552,0.97,0.853547,3,0.5,8719,1054
9773,4881.46,ga_tcheby_proxy,mesh9,4,2,0,"[4-5-2]",2,42,3.21103,0.97,0.853211,2,0.5,8720,1054
9774,4881.55,ga_tcheby_proxy,mesh9,6,5,0,"[6-7-4-5]",3,64,4.82552,0.97,0.853714,3,0.5,8721,1054
9775,4881.79,ga_tcheby_proxy,mesh9,6,5,0,"[6-3-4-5]",3,64,4.82552,0.97,0.853714,3,0.5,8722,1054
9776,4882.02,ga_tcheby_proxy,mesh9,7,2,0,"[7-8-5-2]",3,62,4.80756,0.97,0.852364,3,0.5,8723,1054
9777,4882.32,ga_tcheby_proxy,mesh9,7,0,0,"[7-4-1-0]",3,62,4.80756,0.97,0.852704,3,0.5,8724,1054
9778,4882.45,ga_tcheby_proxy,mesh9,4,3,0,"[4-3]",1,22,1.61449,0.97,0.852874,1,0.5,8725,1054
9779,4883.28,ga_tcheby_proxy,mesh9,6,8,0,"[6-7-8]",2,44,3.22898,0.97,0.853881,2,0.5,8726,1054
9780,4883.58,ga_tcheby_proxy,mesh9,6,8,0,"[6-7-8]",2,44,3.22898,0.97,0.854048,2,0.5,8727,1054
9781,4883.73,ga_tcheby_proxy,mesh9,0,5,0,"[0-3-4-5]",3,64,4.82552,0.97,0.854545,3,0.5,8728,1054
9782,4883.74,ga_tcheby_proxy,mesh9,4,0,1,"[]",0,0,0,0,0,0,0.5,8728,1055
9783,4884.83,ga_tcheby_proxy,mesh9,3,1,0,"[3-0-1]",2,42,3.21103,0.97,0.850642,2,0.5,8729,1055
9784,4885.14,ga_tcheby_proxy,mesh9,2,3,0,"[2-5-4-3]",3,64,4.82552,0.97,0.854545,3,0.5,8730,1055
9785,4885.16,ga_tcheby_proxy,mesh9,8,3,1,"[]",0,0,0,0,0,0,0.5,8730,1056
9786,4885.41,ga_tcheby_proxy,mesh9,8,5,0,"[8-5]",1,20,1.59654,0.975,0.840994,1,0.5,8731,1056
9787,4885.74,ga_tcheby_proxy,mesh9,3,4,0,"[3-4]",1,22,1.61449,0.97,0.853714,1,0.5,8732,1056
9788,4885.9,ga_tcheby_proxy,mesh9,0,5,0,"[0-1-4-5]",3,64,4.82552,0.97,0.854545,3,0.5,8733,1056
9789,4885.98,ga_tcheby_proxy,mesh9,8,1,0,"[8-5-2-1]",3,62,4.90001,0.919735,0.847619,3,0.5,8734,1056
9790,4886.5,ga_tcheby_proxy,mesh9,0,8,0,"[0-1-4-7-8]",4,84,6.42205,0.97,0.854711,4,0.5,8735,1056
9791,4887.01,ga_tcheby_proxy,mesh9,4,8,0,"[4-7-8]",2,42,3.21103,0.97,0.853547,2,0.5,8736,1056
9792,4887.26,ga_tcheby_proxy,mesh9,5,1,0,"[5-2-1]",2,42,3.21103,0.97,0.8478,2,0.5,8737,1056
9793,4888.96,ga_tcheby_proxy,mesh9,3,0,0,"[3-0]",1,20,1.59654,0.975,0.850816,1,0.5,8738,1056
9794,4889.07,ga_tcheby_proxy,mesh9,1,8,0,"[1-2-5-8]",3,62,4.80756,0.97,0.854711,3,0.5,8739,1056
9795,4889.17,ga_tcheby_proxy,mesh9,2,5,0,"[2-5]",1,20,1.59654,0.975,0.854875,1,0.5,8740,1056
9796,4889.2,ga_tcheby_proxy,mesh9,0,3,1,"[]",0,0,0,0,0,0,0.5,8740,1057
9797,4889.24,ga_tcheby_proxy,mesh9,2,4,1,"[]",0,0,0,0,0,0,0.5,8740,1058
9798,4889.34,ga_tcheby_proxy,mesh9,3,2,0,"[3-0-1-2]",3,64,4.82552,0.97,0.853379,3,0.5,8741,1058
9799,4889.63,ga_tcheby_proxy,mesh9,0,8,0,"[0-3-4-7-8]",4,84,6.42205,0.97,0.854711,4,0.5,8742,1058
9800,4889.9,ga_tcheby_proxy,mesh9,8,6,0,"[8-7-6]",2,44,3.22898,0.97,0.850292,2,0.5,8743,1058
9801,4890.12,ga_tcheby_proxy,mesh9,5,2,0,"[5-2]",1,20,1.59654,0.975,0.834839,1,0.5,8744,1058
9802,4891.49,ga_tcheby_proxy,mesh9,2,7,0,"[2-1-4-7]",3,62,4.80756,0.97,0.854875,3,0.5,8745,1058
9803,4891.71,ga_tcheby_proxy,mesh9,8,2,0,"[8-5-2]",2,40,3.19307,0.975,0.841388,2,0.5,8746,1058
9804,4893.48,ga_tcheby_proxy,mesh9,5,8,0,"[5-8]",1,20,1.59654,0.975,0.852535,1,0.5,8747,1058
9805,4893.86,ga_tcheby_proxy,mesh9,1,8,0,"[1-2-5-8]",3,62,4.80756,0.97,0.85504,3,0.5,8748,1058
9806,4894.02,ga_tcheby_proxy,mesh9,5,4,0,"[5-4]",1,22,1.61449,0.97,0.849589,1,0.5,8749,1058
9807,4894.42,ga_tcheby_proxy,mesh9,8,5,0,"[8-5]",1,20,1.59654,0.975,0.841584,1,0.5,8750,1058
9808,4895.84,ga_tcheby_proxy,mesh9,1,7,0,"[1-4-7]",2,40,3.19307,0.975,0.85504,2,0.5,8751,1058
9809,4895.9,ga_tcheby_proxy,mesh9,5,1,1,"[]",0,0,0,0,0,0,0.5,8751,1059
9810,4897.7,ga_tcheby_proxy,mesh9,5,0,0,"[5-4-1-0]",3,64,4.82552,0.97,0.852874,3,0.5,8752,1059
9811,4897.79,ga_tcheby_proxy,mesh9,1,4,0,"[1-4]",1,20,1.59654,0.975,0.855204,1,0.5,8753,1059
9812,4897.85,ga_tcheby_proxy,mesh9,2,8,1,"[]",0,0,0,0,0,0,0.5,8753,1060
9813,4898.47,ga_tcheby_proxy,mesh9,3,5,0,"[3-4-5]",2,44,3.22898,0.97,0.854048,2,0.5,8754,1060
9814,4898.77,ga_tcheby_proxy,mesh9,3,8,0,"[3-6-7-8]",3,64,4.82552,0.97,0.854214,3,0.5,8755,1060
9815,4899.14,ga_tcheby_proxy,mesh9,6,3,0,"[6-3]",1,20,1.59654,0.975,0.853881,1,0.5,8756,1060
9816,4899.73,ga_tcheby_proxy,mesh9,5,7,0,"[5-8-7]",2,42,3.21103,0.97,0.852874,2,0.5,8757,1060
9817,4899.9,ga_tcheby_proxy,mesh9,3,0,0,"[3-0]",1,20,1.59654,0.975,0.851163,1,0.5,8758,1060
9818,4902.77,ga_tcheby_proxy,mesh9,6,3,0,"[6-3]",1,20,1.59654,0.975,0.854048,1,0.5,8759,1060
9819,4902.98,ga_tcheby_proxy,mesh9,1,4,0,"[1-4]",1,20,1.59654,0.975,0.855367,1,0.5,8760,1060
9820,4903.68,ga_tcheby_proxy,mesh9,2,4,0,"[2-5-4]",2,42,3.21103,0.97,0.855204,2,0.5,8761,1060
9821,4904.84,ga_tcheby_proxy,mesh9,5,3,0,"[5-4-3]",2,44,3.22898,0.97,0.853211,2,0.5,8762,1060
9822,4905.82,ga_tcheby_proxy,mesh9,6,8,0,"[6-7-8]",2,44,3.22898,0.97,0.85438,2,0.5,8763,1060
9823,4906.64,ga_tcheby_proxy,mesh9,7,0,0,"[7-4-1-0]",3,62,4.80756,0.97,0.853042,3,0.5,8764,1060
9824,4906.91,ga_tcheby_proxy,mesh9,7,6,0,"[7-6]",1,22,1.61449,0.97,0.850467,1,0.5,8765,1060
9825,4906.98,ga_tcheby_proxy,mesh9,1,7,0,"[1-4-7]",2,40,3.2535,0.938149,0.85553,2,0.5,8766,1060
9826,4907.8,ga_tcheby_proxy,mesh9,4,7,0,"[4-7]",1,20,1.59654,0.975,0.85438,1,0.5,8767,1060
9827,4907.93,ga_tcheby_proxy,mesh9,7,2,0,"[7-4-1-2]",3,62,4.80756,0.97,0.853714,3,0.5,8768,1060
9828,4908.41,ga_tcheby_proxy,mesh9,8,6,0,"[8-7-6]",2,44,3.22898,0.97,0.850642,2,0.5,8769,1060
9829,4909.22,ga_tcheby_proxy,mesh9,2,3,0,"[2-1-0-3]",3,64,4.82552,0.97,0.854875,3,0.5,8770,1060
9830,4909.96,ga_tcheby_proxy,mesh9,5,1,0,"[5-2-1]",2,42,3.21103,0.97,0.848341,2,0.5,8771,1060
9831,4910.56,ga_tcheby_proxy,mesh9,1,4,0,"[1-4]",1,20,1.59654,0.975,0.855693,1,0.5,8772,1060
9832,4910.58,ga_tcheby_proxy,mesh9,2,8,1,"[]",0,0,0,0,0,0,0.5,8772,1061
9833,4911.02,ga_tcheby_proxy,mesh9,6,5,0,"[6-3-4-5]",3,64,4.82552,0.97,0.854214,3,0.5,8773,1061
9834,4912.21,ga_tcheby_proxy,mesh9,2,0,0,"[2-1-0]",2,44,3.22898,0.97,0.853379,2,0.5,8774,1061
9835,4912.63,ga_tcheby_proxy,mesh9,8,6,0,"[8-7-6]",2,44,3.22898,0.97,0.850816,2,0.5,8775,1061
9836,4912.66,ga_tcheby_proxy,mesh9,4,7,1,"[]",0,0,0,0,0,0,0.5,8775,1062
9837,4912.7,ga_tcheby_proxy,mesh9,7,8,1,"[]",0,0,0,0,0,0,0.5,8775,1063
9838,4914.69,ga_tcheby_proxy,mesh9,7,2,0,"[7-8-5-2]",3,62,4.80756,0.97,0.853714,3,0.5,8776,1063
9839,4914.9,ga_tcheby_proxy,mesh9,4,5,0,"[4-5]",1,22,1.61449,0.97,0.85438,1,0.5,8777,1063
9840,4914.96,ga_tcheby_proxy,mesh9,2,1,1,"[]",0,0,0,0,0,0,0.5,8777,1064
9841,4916.16,ga_tcheby_proxy,mesh9,5,4,0,"[5-4]",1,22,1.61449,0.97,0.850292,1,0.5,8778,1064
9842,4916.65,ga_tcheby_proxy,mesh9,3,4,0,"[3-4]",1,22,1.61449,0.97,0.85438,1,0.5,8779,1064
9843,4917.56,ga_tcheby_proxy,mesh9,3,7,0,"[3-4-7]",2,42,3.21103,0.97,0.854545,2,0.5,8780,1064
9844,4917.99,ga_tcheby_proxy,mesh9,4,2,0,"[4-1-2]",2,42,3.21103,0.97,0.853881,2,0.5,8781,1064
9845,4918.54,ga_tcheby_proxy,mesh9,8,6,0,"[8-7-6]",2,44,3.22898,0.97,0.85099,2,0.5,8782,1064
9846,4919.03,ga_tcheby_proxy,mesh9,5,0,0,"[5-4-3-0]",3,64,4.82552,0.97,0.853379,3,0.5,8783,1064
9847,4919.16,ga_tcheby_proxy,mesh9,8,0,0,"[8-7-4-1-0]",4,84,6.42205,0.97,0.853547,4,0.5,8784,1064
9848,4919.69,ga_tcheby_proxy,mesh9,8,2,0,"[8-5-2]",2,40,3.19307,0.975,0.841975,2,0.5,8785,1064
9849,4919.76,ga_tcheby_proxy,mesh9,4,3,0,"[4-3]",1,22,1.71219,0.912357,0.853547,1,0.5,8786,1064
9850,4919.91,ga_tcheby_proxy,mesh9,5,7,0,"[5-8-7]",2,42,3.21103,0.97,0.853042,2,0.5,8787,1064
9851,4920.3,ga_tcheby_proxy,mesh9,6,1,0,"[6-3-0-1]",3,62,4.80756,0.97,0.85438,3,0.5,8788,1064
9852,4920.69,ga_tcheby_proxy,mesh9,3,8,0,"[3-6-7-8]",3,64,4.82552,0.97,0.854545,3,0.5,8789,1064
9853,4920.93,ga_tcheby_proxy,mesh9,8,0,0,"[8-5-2-1-0]",4,84,6.42205,0.97,0.853714,4,0.5,8790,1064
9854,4921.23,ga_tcheby_proxy,mesh9,7,3,0,"[7-4-3]",2,42,3.21103,0.97,0.853714,2,0.5,8791,1064
9855,4921.82,ga_tcheby_proxy,mesh9,2,8,0,"[2-5-8]",2,40,3.19307,0.975,0.855367,2,0.5,8792,1064
9856,4921.98,ga_tcheby_proxy,mesh9,8,0,0,"[8-7-4-1-0]",4,84,6.42205,0.97,0.853881,4,0.5,8793,1064
9857,4923.12,ga_tcheby_proxy,mesh9,4,8,0,"[4-5-8]",2,42,3.21103,0.97,0.854545,2,0.5,8794,1064
9858,4923.58,ga_tcheby_proxy,mesh9,3,6,0,"[3-6]",1,20,1.59654,0.975,0.85168,1,0.5,8795,1064
9859,4924.25,ga_tcheby_proxy,mesh9,5,1,0,"[5-2-1]",2,42,3.21103,0.97,0.848878,2,0.5,8796,1064
9860,4924.87,ga_tcheby_proxy,mesh9,0,4,0,"[0-3-4]",2,42,3.21103,0.97,0.85504,2,0.5,8797,1064
9861,4925.1,ga_tcheby_proxy,mesh9,1,4,0,"[1-4]",1,20,1.59654,0.975,0.855856,1,0.5,8798,1064
9862,4925.18,ga_tcheby_proxy,mesh9,2,0,0,"[2-1-0]",2,44,3.22898,0.97,0.854048,2,0.5,8799,1064
9863,4925.23,ga_tcheby_proxy,mesh9,4,0,1,"[]",0,0,0,0,0,0,0.5,8799,1065
9864,4925.56,ga_tcheby_proxy,mesh9,7,2,0,"[7-8-5-2]",3,62,4.80756,0.97,0.854048,3,0.5,8800,1065
9865,4926.88,ga_tcheby_proxy,mesh9,7,5,0,"[7-8-5]",2,42,3.21103,0.97,0.854214,2,0.5,8801,1065
9866,4927.21,ga_tcheby_proxy,mesh9,0,3,0,"[0-3]",1,20,1.59654,0.975,0.855204,1,0.5,8802,1065
9867,4927.39,ga_tcheby_proxy,mesh9,1,7,0,"[1-4-7]",2,40,3.19307,0.975,0.856018,2,0.5,8803,1065
9868,4928.16,ga_tcheby_proxy,mesh9,6,2,0,"[6-3-0-1-2]",4,84,6.42205,0.97,0.854545,4,0.5,8804,1065
9869,4928.33,ga_tcheby_proxy,mesh9,3,8,0,"[3-6-7-8]",3,64,4.82552,0.97,0.854711,3,0.5,8805,1065
9870,4928.59,ga_tcheby_proxy,mesh9,8,4,0,"[8-5-4]",2,42,3.21103,0.97,0.850642,2,0.5,8806,1065
9871,4929.12,ga_tcheby_proxy,mesh9,7,4,0,"[7-4]",1,20,1.59654,0.975,0.850816,1,0.5,8807,1065
9872,4929.62,ga_tcheby_proxy,mesh9,6,2,0,"[6-3-0-1-2]",4,84,6.42205,0.97,0.854711,4,0.5,8808,1065
9873,4930.03,ga_tcheby_proxy,mesh9,5,8,0,"[5-8]",1,20,1.59654,0.975,0.853547,1,0.5,8809,1065
9874,4930.25,ga_tcheby_proxy,mesh9,7,4,0,"[7-4]",1,20,1.59654,0.975,0.85099,1,0.5,8810,1065
9875,4930.29,ga_tcheby_proxy,mesh9,4,1,1,"[]",0,0,0,0,0,0,0.5,8810,1066
9876,4930.3,ga_tcheby_proxy,mesh9,1,8,1,"[]",0,0,0,0,0,0,0.5,8810,1067
9877,4930.76,ga_tcheby_proxy,mesh9,1,5,0,"[1-2-5]",2,42,3.21103,0.97,0.85553,2,0.5,8811,1067
9878,4930.78,ga_tcheby_proxy,mesh9,2,5,1,"[]",0,0,0,0,0,0,0.5,8811,1068
9879,4931.75,ga_tcheby_proxy,mesh9,2,3,0,"[2-1-0-3]",3,64,4.82552,0.97,0.855367,3,0.5,8812,1068
9880,4931.83,ga_tcheby_proxy,mesh9,8,2,0,"[8-5-2]",2,40,3.19307,0.975,0.842945,2,0.5,8813,1068
9881,4932.68,ga_tcheby_proxy,mesh9,8,0,0,"[8-5-4-3-0]",4,84,6.42205,0.97,0.853881,4,0.5,8814,1068
9882,4932.94,ga_tcheby_proxy,mesh9,4,0,0,"[4-3-0]",2,42,3.21103,0.97,0.854048,2,0.5,8815,1068
9883,4935.67,ga_tcheby_proxy,mesh9,0,5,0,"[0-3-4-5]",3,64,4.82552,0.97,0.85553,3,0.5,8816,1068
9884,4936.53,ga_tcheby_proxy,mesh9,1,2,0,"[1-2]",1,22,1.61449,0.97,0.854545,1,0.5,8817,1068
9885,4937.34,ga_tcheby_proxy,mesh9,5,3,0,"[5-4-3]",2,44,3.22898,0.97,0.854214,2,0.5,8818,1068
9886,4938.14,ga_tcheby_proxy,mesh9,3,7,0,"[3-6-7]",2,42,3.21103,0.97,0.854875,2,0.5,8819,1068
9887,4938.26,ga_tcheby_proxy,mesh9,1,2,0,"[1-2]",1,22,1.61449,0.97,0.854711,1,0.5,8820,1068
9888,4938.28,ga_tcheby_proxy,mesh9,3,1,1,"[]",0,0,0,0,0,0,0.5,8820,1069
9889,4939.57,ga_tcheby_proxy,mesh9,6,5,0,"[6-3-4-5]",3,64,4.82552,0.97,0.85504,3,0.5,8821,1069
9890,4939.86,ga_tcheby_proxy,mesh9,5,3,0,"[5-4-3]",2,44,3.22898,0.97,0.85438,2,0.5,8822,1069
9891,4942.18,ga_tcheby_proxy,mesh9,3,6,0,"[3-6]",1,20,1.59654,0.975,0.852194,1,0.5,8823,1069
9892,4943.83,ga_tcheby_proxy,mesh9,5,6,0,"[5-8-7-6]",3,64,4.82552,0.97,0.853714,3,0.5,8824,1069
9893,4944.38,ga_tcheby_proxy,mesh9,2,6,0,"[2-5-4-7-6]",4,84,6.42205,0.97,0.855693,4,0.5,8825,1069
9894,4944.52,ga_tcheby_proxy,mesh9,1,5,0,"[1-2-5]",2,42,3.21103,0.97,0.855856,2,0.5,8826,1069
9895,4944.74,ga_tcheby_proxy,mesh9,0,6,0,"[0-3-6]",2,40,3.19307,0.975,0.855693,2,0.5,8827,1069
9896,4944.83,ga_tcheby_proxy,mesh9,7,3,0,"[7-4-3]",2,42,3.21103,0.97,0.854545,2,0.5,8828,1069
9897,4944.91,ga_tcheby_proxy,mesh9,0,3,0,"[0-3]",1,20,1.59654,0.975,0.855856,1,0.5,8829,1069
9898,4945.1,ga_tcheby_proxy,mesh9,0,3,0,"[0-3]",1,20,1.59654,0.975,0.856018,1,0.5,8830,1069
9899,4945.16,ga_tcheby_proxy,mesh9,1,5,1,"[]",0,0,0,0,0,0,0.5,8830,1070
9900,4946.01,ga_tcheby_proxy,mesh9,4,0,0,"[4-1-0]",2,42,3.21103,0.97,0.85438,2,0.5,8831,1070
9901,4946.56,ga_tcheby_proxy,mesh9,3,8,0,"[3-6-7-8]",3,64,4.82552,0.97,0.85504,3,0.5,8832,1070
9902,4948.87,ga_tcheby_proxy,mesh9,0,5,0,"[0-1-2-5]",3,64,4.82552,0.97,0.856018,3,0.5,8833,1070
9903,4949.44,ga_tcheby_proxy,mesh9,1,0,0,"[1-0]",1,22,1.61449,0.97,0.854545,1,0.5,8834,1070
9904,4949.91,ga_tcheby_proxy,mesh9,4,1,0,"[4-1]",1,20,1.59654,0.975,0.851852,1,0.5,8835,1070
9905,4950.93,ga_tcheby_proxy,mesh9,7,0,0,"[7-4-3-0]",3,62,4.80756,0.97,0.854711,3,0.5,8836,1070
9906,4951.25,ga_tcheby_proxy,mesh9,1,4,0,"[1-4]",1,20,1.59654,0.975,0.85618,1,0.5,8837,1070
9907,4952.29,ga_tcheby_proxy,mesh9,1,8,0,"[1-2-5-8]",3,62,4.80756,0.97,0.85618,3,0.5,8838,1070
9908,4952.51,ga_tcheby_proxy,mesh9,2,8,0,"[2-5-8]",2,40,3.19307,0.975,0.856341,2,0.5,8839,1070
9909,4952.56,ga_tcheby_proxy,mesh9,6,2,1,"[]",0,0,0,0,0,0,0.5,8839,1071
9910,4952.6,ga_tcheby_proxy,mesh9,2,1,1,"[]",0,0,0,0,0,0,0.5,8839,1072
9911,4952.95,ga_tcheby_proxy,mesh9,8,2,0,"[8-5-2]",2,40,3.19307,0.975,0.843329,2,0.5,8840,1072
9912,4954.47,ga_tcheby_proxy,mesh9,2,0,0,"[2-1-0]",2,44,3.22898,0.97,0.854711,2,0.5,8841,1072
9913,4954.47,ga_tcheby_proxy,mesh9,6,2,0,"[6-3-4-5-2]",4,84,6.43649,0.967731,0.855204,4,0.5,8842,1072
9914,4954.75,ga_tcheby_proxy,mesh9,6,1,0,"[6-3-0-1]",3,62,4.80756,0.97,0.855204,3,0.5,8843,1072
9915,4954.75,ga_tcheby_proxy,mesh9,2,7,1,"[]",0,0,0,0,0,0,0.5,8843,1073
9916,4954.89,ga_tcheby_proxy,mesh9,4,2,0,"[4-5-2]",2,42,3.21103,0.97,0.855204,2,0.5,8844,1073
9917,4955.07,ga_tcheby_proxy,mesh9,2,3,0,"[2-1-0-3]",3,64,4.82552,0.97,0.85618,3,0.5,8845,1073
9918,4955.76,ga_tcheby_proxy,mesh9,1,7,0,"[1-4-7]",2,40,3.19307,0.975,0.856341,2,0.5,8846,1073
9919,4956.25,ga_tcheby_proxy,mesh9,8,7,0,"[8-7]",1,22,1.61449,0.97,0.848878,1,0.5,8847,1073
9920,4956.48,ga_tcheby_proxy,mesh9,5,7,0,"[5-8-7]",2,42,3.21103,0.97,0.854214,2,0.5,8848,1073
9921,4956.59,ga_tcheby_proxy,mesh9,2,3,0,"[2-1-0-3]",3,64,4.82552,0.97,0.856341,3,0.5,8849,1073
9922,4957.98,ga_tcheby_proxy,mesh9,7,3,0,"[7-4-3]",2,42,3.21103,0.97,0.854875,2,0.5,8850,1073
9923,4958.81,ga_tcheby_proxy,mesh9,6,2,0,"[6-7-8-5-2]",4,84,6.42205,0.97,0.855204,4,0.5,8851,1073
9924,4959.1,ga_tcheby_proxy,mesh9,0,4,0,"[0-3-4]",2,42,3.21103,0.97,0.856502,2,0.5,8852,1073
9925,4959.21,ga_tcheby_proxy,mesh9,2,0,0,"[2-1-0]",2,44,3.22898,0.97,0.855204,2,0.5,8853,1073
9926,4959.53,ga_tcheby_proxy,mesh9,0,8,0,"[0-1-4-7-8]",4,84,6.42205,0.97,0.856502,4,0.5,8854,1073
9927,4959.95,ga_tcheby_proxy,mesh9,5,8,0,"[5-8]",1,20,1.59654,0.975,0.85438,1,0.5,8855,1073
9928,4960.68,ga_tcheby_proxy,mesh9,7,4,0,"[7-4]",1,20,1.59654,0.975,0.85168,1,0.5,8856,1073
9929,4960.95,ga_tcheby_proxy,mesh9,2,7,0,"[2-5-4-7]",3,62,4.80756,0.97,0.856502,3,0.5,8857,1073
9930,4963.25,ga_tcheby_proxy,mesh9,0,4,0,"[0-1-4]",2,42,3.21103,0.97,0.856663,2,0.5,8858,1073
9931,4963.76,ga_tcheby_proxy,mesh9,8,3,0,"[8-5-4-3]",3,64,4.82552,0.97,0.85504,3,0.5,8859,1073
9932,4964.89,ga_tcheby_proxy,mesh9,7,2,0,"[7-8-5-2]",3,62,4.80756,0.97,0.85504,3,0.5,8860,1073
9933,4965.18,ga_tcheby_proxy,mesh9,5,1,0,"[5-2-1]",2,42,3.21103,0.97,0.850117,2,0.5,8861,1073
9934,4965.24,ga_tcheby_proxy,mesh9,2,6,1,"[]",0,0,0,0,0,0,0.5,8861,1074
9935,4965.42,ga_tcheby_proxy,mesh9,0,8,0,"[0-3-4-7-8]",4,84,6.42205,0.97,0.856663,4,0.5,8862,1074
9936,4966.4,ga_tcheby_proxy,mesh9,8,6,0,"[8-7-6]",2,44,3.22898,0.97,0.851508,2,0.5,8863,1074
9937,4966.56,ga_tcheby_proxy,mesh9,7,0,0,"[7-4-3-0]",3,62,4.80756,0.97,0.855204,3,0.5,8864,1074
9938,4966.87,ga_tcheby_proxy,mesh9,5,3,0,"[5-4-3]",2,44,3.22898,0.97,0.855367,2,0.5,8865,1074
9939,4967.52,ga_tcheby_proxy,mesh9,6,2,0,"[6-7-4-1-2]",4,84,6.42205,0.97,0.855367,4,0.5,8866,1074
9940,4967.73,ga_tcheby_proxy,mesh9,4,1,0,"[4-1]",1,20,1.59654,0.975,0.852194,1,0.5,8867,1074
9941,4968.73,ga_tcheby_proxy,mesh9,8,7,0,"[8-7]",1,22,1.61449,0.97,0.849412,1,0.5,8868,1074
9942,4968.77,ga_tcheby_proxy,mesh9,7,5,1,"[]",0,0,0,0,0,0,0.5,8868,1075
9943,4969.26,ga_tcheby_proxy,mesh9,8,2,0,"[8-5-2]",2,40,3.19307,0.975,0.844093,2,0.5,8869,1075
9944,4969.65,ga_tcheby_proxy,mesh9,1,0,0,"[1-0]",1,22,1.61449,0.97,0.855367,1,0.5,8870,1075
9945,4972.03,ga_tcheby_proxy,mesh9,5,3,0,"[5-4-3]",2,44,3.22898,0.97,0.85553,2,0.5,8871,1075
9946,4972.32,ga_tcheby_proxy,mesh9,0,1,0,"[0-1]",1,22,1.61449,0.97,0.847437,1,0.5,8872,1075
9947,4972.46,ga_tcheby_proxy,mesh9,1,3,0,"[1-4-3]",2,42,3.21103,0.97,0.856823,2,0.5,8873,1075
9948,4972.85,ga_tcheby_proxy,mesh9,1,6,0,"[1-0-3-6]",3,62,4.80756,0.97,0.856823,3,0.5,8874,1075
9949,4972.9,ga_tcheby_proxy,mesh9,2,3,1,"[]",0,0,0,0,0,0,0.5,8874,1076
9950,4973.48,ga_tcheby_proxy,mesh9,3,8,0,"[3-6-7-8]",3,64,4.82552,0.97,0.85553,3,0.5,8875,1076
9951,4974.87,ga_tcheby_proxy,mesh9,7,5,0,"[7-4-5]",2,42,3.21103,0.97,0.855367,2,0.5,8876,1076
9952,4974.91,ga_tcheby_proxy,mesh9,8,7,1,"[]",0,0,0,0,0,0,0.5,8876,1077
9953,4975.86,ga_tcheby_proxy,mesh9,0,2,0,"[0-1-2]",2,44,3.22898,0.97,0.85553,2,0.5,8877,1077
9954,4977.6,ga_tcheby_proxy,mesh9,5,8,0,"[5-8]",1,20,1.59654,0.975,0.854545,1,0.5,8878,1077
9955,4977.88,ga_tcheby_proxy,mesh9,6,0,0,"[6-3-0]",2,40,3.19307,0.975,0.855367,2,0.5,8879,1077
9956,4978.49,ga_tcheby_proxy,mesh9,2,6,0,"[2-5-4-7-6]",4,84,6.42205,0.97,0.856663,4,0.5,8880,1077
9957,4978.92,ga_tcheby_proxy,mesh9,5,8,0,"[5-8]",1,20,1.59654,0.975,0.854711,1,0.5,8881,1077
9958,4979.08,ga_tcheby_proxy,mesh9,4,1,0,"[4-1]",1,20,1.59654,0.975,0.852364,1,0.5,8882,1077
9959,4979.58,ga_tcheby_proxy,mesh9,0,1,0,"[0-1]",1,22,1.61449,0.97,0.8478,1,0.5,8883,1077
9960,4979.73,ga_tcheby_proxy,mesh9,4,5,0,"[4-5]",1,22,1.61449,0.97,0.85553,1,0.5,8884,1077
9961,4980.3,ga_tcheby_proxy,mesh9,4,2,0,"[4-5-2]",2,42,3.21103,0.97,0.855693,2,0.5,8885,1077
9962,4980.54,ga_tcheby_proxy,mesh9,4,1,0,"[4-1]",1,20,1.59654,0.975,0.852535,1,0.5,8886,1077
9963,4980.98,ga_tcheby_proxy,mesh9,1,5,0,"[1-2-5]",2,42,3.21103,0.97,0.856823,2,0.5,8887,1077
9964,4982.01,ga_tcheby_proxy,mesh9,8,5,0,"[8-5]",1,20,1.59654,0.975,0.844282,1,0.5,8888,1077
9965,4982.91,ga_tcheby_proxy,mesh9,5,4,0,"[5-4]",1,22,1.61449,0.97,0.852364,1,0.5,8889,1077
9966,4983.34,ga_tcheby_proxy,mesh9,8,1,0,"[8-5-2-1]",3,62,4.80756,0.97,0.850292,3,0.5,8890,1077
9967,4983.79,ga_tcheby_proxy,mesh9,8,2,0,"[8-5-2]",2,40,3.19307,0.975,0.84466,2,0.5,8891,1077
9968,4984.19,ga_tcheby_proxy,mesh9,3,4,0,"[3-4]",1,22,1.61449,0.97,0.855693,1,0.5,8892,1077
9969,4984.29,ga_tcheby_proxy,mesh9,8,4,0,"[8-7-4]",2,42,3.21103,0.97,0.852364,2,0.5,8893,1077
9970,4984.53,ga_tcheby_proxy,mesh9,7,1,0,"[7-4-1]",2,40,3.19307,0.975,0.852704,2,0.5,8894,1077
9971,4984.87,ga_tcheby_proxy,mesh9,2,7,0,"[2-1-4-7]",3,62,4.80756,0.97,0.856983,3,0.5,8895,1077
9972,4985.22,ga_tcheby_proxy,mesh9,0,6,0,"[0-3-6]",2,40,3.19307,0.975,0.856983,2,0.5,8896,1077
9973,4985.36,ga_tcheby_proxy,mesh9,1,4,0,"[1-4]",1,20,1.59654,0.975,0.857143,1,0.5,8897,1077
9974,4986.56,ga_tcheby_proxy,mesh9,3,4,0,"[3-4]",1,22,1.61449,0.97,0.855856,1,0.5,8898,1077
9975,4986.74,ga_tcheby_proxy,mesh9,1,5,0,"[1-2-5]",2,42,3.21103,0.97,0.856983,2,0.5,8899,1077
9976,4987.07,ga_tcheby_proxy,mesh9,8,5,0,"[8-5]",1,20,1.59654,0.975,0.844848,1,0.5,8900,1077
9977,4987.12,ga_tcheby_proxy,mesh9,6,7,1,"[]",0,0,0,0,0,0,0.5,8900,1078
9978,4987.26,ga_tcheby_proxy,mesh9,1,3,0,"[1-0-3]",2,42,3.21103,0.97,0.857143,2,0.5,8901,1078
9979,4987.35,ga_tcheby_proxy,mesh9,3,4,0,"[3-4]",1,22,1.61449,0.97,0.856018,1,0.5,8902,1078
9980,4988.45,ga_tcheby_proxy,mesh9,0,3,0,"[0-3]",1,20,1.59654,0.975,0.857302,1,0.5,8903,1078
9981,4989.09,ga_tcheby_proxy,mesh9,5,1,0,"[5-2-1]",2,42,3.21103,0.97,0.850642,2,0.5,8904,1078
9982,4990.22,ga_tcheby_proxy,mesh9,0,1,0,"[0-1]",1,22,1.61449,0.97,0.847981,1,0.5,8905,1078
9983,4990.57,ga_tcheby_proxy,mesh9,1,4,0,"[1-4]",1,20,1.59654,0.975,0.857302,1,0.5,8906,1078
9984,4991.45,ga_tcheby_proxy,mesh9,8,1,0,"[8-5-2-1]",3,62,4.80756,0.97,0.850816,3,0.5,8907,1078
9985,4992.01,ga_tcheby_proxy,mesh9,7,0,0,"[7-6-3-0]",3,62,4.80756,0.97,0.85553,3,0.5,8908,1078
9986,4992.76,ga_tcheby_proxy,mesh9,5,3,0,"[5-4-3]",2,44,3.22898,0.97,0.855856,2,0.5,8909,1078
9987,4993.03,ga_tcheby_proxy,mesh9,5,4,0,"[5-4]",1,22,1.61449,0.97,0.852704,1,0.5,8910,1078
9988,4993.51,ga_tcheby_proxy,mesh9,8,5,0,"[8-5]",1,20,1.59654,0.975,0.845224,1,0.5,8911,1078
9989,4994.51,ga_tcheby_proxy,mesh9,5,3,0,"[5-4-3]",2,44,3.22898,0.97,0.856018,2,0.5,8912,1078
9990,4995.37,ga_tcheby_proxy,mesh9,2,6,0,"[2-5-8-7-6]",4,84,6.42205,0.97,0.857143,4,0.5,8913,1078
9991,4995.44,ga_tcheby_proxy,mesh9,0,3,0,"[0-3]",1,20,1.67467,0.927878,0.857461,1,0.5,8914,1078
9992,4995.5,ga_tcheby_proxy,mesh9,6,0,0,"[6-3-0]",2,40,3.31604,0.902838,0.855693,2,0.5,8915,1078
9993,4995.9,ga_tcheby_proxy,mesh9,8,2,0,"[8-5-2]",2,40,3.19307,0.975,0.845411,2,0.5,8916,1078
9994,4997.2,ga_tcheby_proxy,mesh9,6,8,0,"[6-7-8]",2,44,3.22898,0.97,0.855693,2,0.5,8917,1078
9995,4998.2,ga_tcheby_proxy,mesh9,5,2,0,"[5-2]",1,20,1.59654,0.975,0.839398,1,0.5,8918,1078
9996,4998.64,ga_tcheby_proxy,mesh9,5,4,0,"[5-4]",1,22,1.61449,0.97,0.853042,1,0.5,8919,1078
9997,4999,ga_tcheby_proxy,mesh9,4,0,0,"[4-1-0]",2,42,3.21103,0.97,0.855856,2,0.5,8920,1078
9998,4999.25,ga_tcheby_proxy,mesh9,0,3,0,"[0-3]",1,20,1.59654,0.975,0.85762,1,0.5,8921,1078
9999,4999.52,ga_tcheby_proxy,mesh9,1,0,0,"[1-0]",1,22,1.61449,0.97,0.856018,1,0.5,8922,1078
