0 1 1 1 0 0 0 0 0 1 0 0 0 0 0 0 0 0 0 0 0 0
1 0 0 0 0 0 0 0 0 1 0 0 0 0 0 0 0 0 0 0 0 0
2 0 1 1 0 0 0 0 0 0 1 0 0 0 0 0 0 0 0 0 0 0
3 0 0 1 0 0 0 0 0 0 1 0 0 0 0 0 0 0 0 0 0 0
4 0 0 1 0 0 0 0 0 0 1 0 0 0 0 0 0 0 0 0 0 0
5 0 0 1 0 0 0 0 0 1 0 1 1 0 0 0 0 0 0 78633 0 1
6 0 1 1 0 0 58982 32768 8192 0 1 0 0 0 0 0 0 0 0 78633 0 1
7 0 1 1 0 0 58982 0 8192 0 1 0 0 0 1 0 0 0 0 78633 0 1
8 0 0 1 0 0 0 0 0 0 1 0 0 0 0 0 0 0 0 78633 0 1
9 0 0 1 0 0 0 0 0 1 0 1 1 0 0 0 25 1 0 78633 0 2
10 0 1 1 0 0 58982 32768 8192 0 1 0 0 0 0 0 25 1 0 78633 0 2
11 0 0 1 0 0 0 0 0 0 1 0 0 0 0 0 25 1 0 78633 0 2
12 0 0 1 0 0 0 0 0 0 1 0 0 0 0 0 25 1 0 78633 0 2
13 0 0 1 0 0 0 0 0 1 0 1 1 0 0 0 25 1 0 78633 0 3
14 0 1 1 0 0 58982 32768 8192 0 1 0 0 0 0 0 25 1 0 78633 0 3
15 0 0 1 0 0 0 0 0 0 1 0 0 0 0 0 25 1 0 78633 0 3
16 0 0 1 0 0 0 0 0 0 1 0 0 0 0 0 25 1 0 78633 0 3
17 0 0 1 0 0 0 0 0 1 0 1 1 0 0 0 25 1 1 111894 1 1
18 0 1 1 0 0 58982 32768 8192 0 1 0 0 0 0 0 25 1 1 111894 0 1
19 0 0 1 0 0 0 0 0 0 1 0 0 0 0 0 25 1 1 111894 0 1
20 0 0 1 0 0 0 0 0 0 1 0 0 0 0 0 25 1 1 111894 0 1
21 0 0 1 0 0 0 0 0 1 0 1 1 0 0 0 25 1 1 111894 0 2
22 0 1 0 0 0 0 0 0 0 1 0 0 0 0 0 25 1 1 111894 0 2
23 0 0 1 0 0 0 0 0 1 0 1 0 1 0 0 25 1 1 111894 0 2
24 0 1 1 0 0 58982 0 8192 0 1 0 0 0 0 0 25 1 1 111894 0 2
25 0 0 1 0 0 0 0 0 0 1 0 0 0 0 0 25 1 1 111894 0 2
26 0 0 1 0 0 0 0 0 0 1 0 0 0 0 0 25 1 1 111894 0 2
27 0 0 1 0 0 0 0 0 1 0 1 1 0 0 0 17 2 1 111894 0 3
28 0 1 1 0 0 58982 0 8192 0 1 0 0 0 0 0 17 2 1 111894 0 3
29 0 0 1 0 0 0 0 0 0 1 0 0 0 0 0 17 2 1 111894 0 3
30 0 0 1 0 0 0 0 0 0 1 0 0 0 0 0 17 2 1 111894 0 3
31 0 0 1 0 0 0 0 0 1 0 1 1 0 0 0 17 2 2 82841 1 1
32 0 1 1 1 0 58982 0 8192 0 1 0 0 0 0 0 17 2 2 82841 0 1
33 0 0 1 0 0 0 0 0 0 1 0 0 0 0 0 17 2 2 82841 0 1
34 0 0 1 0 0 0 0 0 0 1 0 0 0 0 0 17 2 2 82841 0 1
35 0 0 1 0 0 0 0 0 1 0 1 1 0 0 1 17 2 2 82841 0 2
36 0 1 1 0 16384 60948 32768 0 0 1 0 0 0 0 0 17 2 2 82841 0 2
37 0 0 1 0 0 0 0 0 0 1 0 0 0 0 0 17 2 2 82841 0 2
38 0 0 1 0 0 0 0 0 0 1 0 0 0 0 0 17 2 2 82841 0 2
39 0 0 1 0 0 0 0 0 1 0 1 1 0 0 0 104 3 2 82841 0 3
40 0 1 1 0 16384 60948 32768 0 0 1 0 0 0 0 0 104 3 2 82841 0 3
41 0 0 1 0 0 0 0 0 0 1 0 0 0 0 0 104 3 2 82841 0 3
42 0 0 1 0 0 0 0 0 0 1 0 0 0 0 0 104 3 2 82841 0 3
43 0 0 1 0 0 0 0 0 1 0 1 1 0 0 0 104 3 3 41637 1 1
44 1 1 1 0 0 0 0 0 1 0 0 0 0 0 0 0 0 0 0 0 0
45 0 1 1 0 0 58982 0 8192 0 1 0 0 0 0 0 0 0 0 0 0 0
46 0 0 1 0 0 0 0 0 0 1 0 0 0 0 0 0 0 0 0 0 0
47 0 0 1 0 0 0 0 0 0 1 0 0 0 0 0 0 0 0 0 0 0
48 0 0 1 0 0 0 0 0 1 0 1 1 0 0 0 17 2 2 82841 0 1
