0 1 1 65535 65535 65535 65535 0 0
1 0 1 0 0 0 0 1 0
2 0 0 65535 65535 65535 65535 0 0
3 0 1 65535 65535 65535 65535 1 255
4 1 1 65535 65535 65535 65535 0 0
5 0 1 0 0 0 0 1 0
6 0 1 0 0 0 8192 1 1
7 0 1 0 0 0 16384 1 2
8 0 1 0 0 0 32768 1 3
9 0 1 0 0 16384 0 1 4
10 0 1 0 0 16384 8192 1 5
11 0 1 0 0 16384 16384 1 6
12 0 1 0 0 16384 32768 1 7
13 0 1 0 0 32768 0 1 8
14 0 1 0 0 32768 8192 1 9
15 0 1 0 0 32768 16384 1 10
16 0 1 0 0 32768 32768 1 11
17 0 1 0 0 49151 0 1 12
18 0 1 0 0 49151 8192 1 13
19 0 1 0 0 49151 16384 1 14
20 0 1 0 0 49151 32768 1 15
21 0 1 0 58982 0 0 1 16
22 0 1 0 58982 0 8192 1 17
23 0 1 0 58982 0 16384 1 18
24 0 1 0 58982 0 32768 1 19
25 0 1 0 58982 16384 0 1 20
26 0 1 0 58982 16384 8192 1 21
27 0 1 0 58982 16384 16384 1 22
28 0 1 0 58982 16384 32768 1 23
29 0 1 0 58982 32768 0 1 24
30 0 1 0 58982 32768 8192 1 25
31 0 1 0 58982 32768 16384 1 26
32 0 1 0 58982 32768 32768 1 27
33 0 1 0 58982 49151 0 1 28
34 0 1 0 58982 49151 8192 1 29
35 0 1 0 58982 49151 16384 1 30
36 0 1 0 58982 49151 32768 1 31
37 0 1 0 60948 0 0 1 32
38 0 1 0 60948 0 8192 1 33
39 0 1 0 60948 0 16384 1 34
40 0 1 0 60948 0 32768 1 35
41 0 1 0 60948 16384 0 1 36
42 0 1 0 60948 16384 8192 1 37
43 0 1 0 60948 16384 16384 1 38
44 0 1 0 60948 16384 32768 1 39
45 0 1 0 60948 32768 0 1 40
46 0 1 0 60948 32768 8192 1 41
47 0 1 0 60948 32768 16384 1 42
48 0 1 0 60948 32768 32768 1 43
49 0 1 0 60948 49151 0 1 44
50 0 1 0 60948 49151 8192 1 45
51 0 1 0 60948 49151 16384 1 46
52 0 1 0 60948 49151 32768 1 47
53 0 1 0 62914 0 0 1 48
54 0 1 0 62914 0 8192 1 49
55 0 1 0 62914 0 16384 1 50
56 0 1 0 62914 0 32768 1 51
57 0 1 0 62914 16384 0 1 52
58 0 1 0 62914 16384 8192 1 53
59 0 1 0 62914 16384 16384 1 54
60 0 1 0 62914 16384 32768 1 55
61 0 1 0 62914 32768 0 1 56
62 0 1 0 62914 32768 8192 1 57
63 0 1 0 62914 32768 16384 1 58
64 0 1 0 62914 32768 32768 1 59
65 0 1 0 62914 49151 0 1 60
66 0 1 0 62914 49151 8192 1 61
67 0 1 0 62914 49151 16384 1 62
68 0 1 0 62914 49151 32768 1 63
69 0 1 16384 0 0 0 1 64
70 0 1 16384 0 0 8192 1 65
71 0 1 16384 0 0 16384 1 66
72 0 1 16384 0 0 32768 1 67
73 0 1 16384 0 16384 0 1 68
74 0 1 16384 0 16384 8192 1 69
75 0 1 16384 0 16384 16384 1 70
76 0 1 16384 0 16384 32768 1 71
77 0 1 16384 0 32768 0 1 72
78 0 1 16384 0 32768 8192 1 73
79 0 1 16384 0 32768 16384 1 74
80 0 1 16384 0 32768 32768 1 75
81 0 1 16384 0 49151 0 1 76
82 0 1 16384 0 49151 8192 1 77
83 0 1 16384 0 49151 16384 1 78
84 0 1 16384 0 49151 32768 1 79
85 0 1 16384 58982 0 0 1 80
86 0 1 16384 58982 0 8192 1 81
87 0 1 16384 58982 0 16384 1 82
88 0 1 16384 58982 0 32768 1 83
89 0 1 16384 58982 16384 0 1 84
90 0 1 16384 58982 16384 8192 1 85
91 0 1 16384 58982 16384 16384 1 86
92 0 1 16384 58982 16384 32768 1 87
93 0 1 16384 58982 32768 0 1 88
94 0 1 16384 58982 32768 8192 1 89
95 0 1 16384 58982 32768 16384 1 90
96 0 1 16384 58982 32768 32768 1 91
97 0 1 16384 58982 49151 0 1 92
98 0 1 16384 58982 49151 8192 1 93
99 0 1 16384 58982 49151 16384 1 94
100 0 1 16384 58982 49151 32768 1 95
101 0 1 16384 60948 0 0 1 96
102 0 1 16384 60948 0 8192 1 97
103 0 1 16384 60948 0 16384 1 98
104 0 1 16384 60948 0 32768 1 99
105 0 1 16384 60948 16384 0 1 100
106 0 1 16384 60948 16384 8192 1 101
107 0 1 16384 60948 16384 16384 1 102
108 0 1 16384 60948 16384 32768 1 103
109 0 1 16384 60948 32768 0 1 104
110 0 1 16384 60948 32768 8192 1 105
111 0 1 16384 60948 32768 16384 1 106
112 0 1 16384 60948 32768 32768 1 107
113 0 1 16384 60948 49151 0 1 108
114 0 1 16384 60948 49151 8192 1 109
115 0 1 16384 60948 49151 16384 1 110
116 0 1 16384 60948 49151 32768 1 111
117 0 1 16384 62914 0 0 1 112
118 0 1 16384 62914 0 8192 1 113
119 0 1 16384 62914 0 16384 1 114
120 0 1 16384 62914 0 32768 1 115
121 0 1 16384 62914 16384 0 1 116
122 0 1 16384 62914 16384 8192 1 117
123 0 1 16384 62914 16384 16384 1 118
124 0 1 16384 62914 16384 32768 1 119
125 0 1 16384 62914 32768 0 1 120
126 0 1 16384 62914 32768 8192 1 121
127 0 1 16384 62914 32768 16384 1 122
128 0 1 16384 62914 32768 32768 1 123
129 0 1 16384 62914 49151 0 1 124
130 0 1 16384 62914 49151 8192 1 125
131 0 1 16384 62914 49151 16384 1 126
132 0 1 16384 62914 49151 32768 1 127
133 0 1 32768 0 0 0 1 128
134 0 1 32768 0 0 8192 1 129
135 0 1 32768 0 0 16384 1 130
136 0 1 32768 0 0 32768 1 131
137 0 1 32768 0 16384 0 1 132
138 0 1 32768 0 16384 8192 1 133
139 0 1 32768 0 16384 16384 1 134
140 0 1 32768 0 16384 32768 1 135
141 0 1 32768 0 32768 0 1 136
142 0 1 32768 0 32768 8192 1 137
143 0 1 32768 0 32768 16384 1 138
144 0 1 32768 0 32768 32768 1 139
145 0 1 32768 0 49151 0 1 140
146 0 1 32768 0 49151 8192 1 141
147 0 1 32768 0 49151 16384 1 142
148 0 1 32768 0 49151 32768 1 143
149 0 1 32768 58982 0 0 1 144
150 0 1 32768 58982 0 8192 1 145
151 0 1 32768 58982 0 16384 1 146
152 0 1 32768 58982 0 32768 1 147
153 0 1 32768 58982 16384 0 1 148
154 0 1 32768 58982 16384 8192 1 149
155 0 1 32768 58982 16384 16384 1 150
156 0 1 32768 58982 16384 32768 1 151
157 0 1 32768 58982 32768 0 1 152
158 0 1 32768 58982 32768 8192 1 153
159 0 1 32768 58982 32768 16384 1 154
160 0 1 32768 58982 32768 32768 1 155
161 0 1 32768 58982 49151 0 1 156
162 0 1 32768 58982 49151 8192 1 157
163 0 1 32768 58982 49151 16384 1 158
164 0 1 32768 58982 49151 32768 1 159
165 0 1 32768 60948 0 0 1 160
166 0 1 32768 60948 0 8192 1 161
167 0 1 32768 60948 0 16384 1 162
168 0 1 32768 60948 0 32768 1 163
169 0 1 32768 60948 16384 0 1 164
170 0 1 32768 60948 16384 8192 1 165
171 0 1 32768 60948 16384 16384 1 166
172 0 1 32768 60948 16384 32768 1 167
173 0 1 32768 60948 32768 0 1 168
174 0 1 32768 60948 32768 8192 1 169
175 0 1 32768 60948 32768 16384 1 170
176 0 1 32768 60948 32768 32768 1 171
177 0 1 32768 60948 49151 0 1 172
178 0 1 32768 60948 49151 8192 1 173
179 0 1 32768 60948 49151 16384 1 174
180 0 1 32768 60948 49151 32768 1 175
181 0 1 32768 62914 0 0 1 176
182 0 1 32768 62914 0 8192 1 177
183 0 1 32768 62914 0 16384 1 178
184 0 1 32768 62914 0 32768 1 179
185 0 1 32768 62914 16384 0 1 180
186 0 1 32768 62914 16384 8192 1 181
187 0 1 32768 62914 16384 16384 1 182
188 0 1 32768 62914 16384 32768 1 183
189 0 1 32768 62914 32768 0 1 184
190 0 1 32768 62914 32768 8192 1 185
191 0 1 32768 62914 32768 16384 1 186
192 0 1 32768 62914 32768 32768 1 187
193 0 1 32768 62914 49151 0 1 188
194 0 1 32768 62914 49151 8192 1 189
195 0 1 32768 62914 49151 16384 1 190
196 0 1 32768 62914 49151 32768 1 191
197 0 1 49151 0 0 0 1 192
198 0 1 49151 0 0 8192 1 193
199 0 1 49151 0 0 16384 1 194
200 0 1 49151 0 0 32768 1 195
201 0 1 49151 0 16384 0 1 196
202 0 1 49151 0 16384 8192 1 197
203 0 1 49151 0 16384 16384 1 198
204 0 1 49151 0 16384 32768 1 199
205 0 1 49151 0 32768 0 1 200
206 0 1 49151 0 32768 8192 1 201
207 0 1 49151 0 32768 16384 1 202
208 0 1 49151 0 32768 32768 1 203
209 0 1 49151 0 49151 0 1 204
210 0 1 49151 0 49151 8192 1 205
211 0 1 49151 0 49151 16384 1 206
212 0 1 49151 0 49151 32768 1 207
213 0 1 49151 58982 0 0 1 208
214 0 1 49151 58982 0 8192 1 209
215 0 1 49151 58982 0 16384 1 210
216 0 1 49151 58982 0 32768 1 211
217 0 1 49151 58982 16384 0 1 212
218 0 1 49151 58982 16384 8192 1 213
219 0 1 49151 58982 16384 16384 1 214
220 0 1 49151 58982 16384 32768 1 215
221 0 1 49151 58982 32768 0 1 216
222 0 1 49151 58982 32768 8192 1 217
223 0 1 49151 58982 32768 16384 1 218
224 0 1 49151 58982 32768 32768 1 219
225 0 1 49151 58982 49151 0 1 220
226 0 1 49151 58982 49151 8192 1 221
227 0 1 49151 58982 49151 16384 1 222
228 0 1 49151 58982 49151 32768 1 223
229 0 1 49151 60948 0 0 1 224
230 0 1 49151 60948 0 8192 1 225
231 0 1 49151 60948 0 16384 1 226
232 0 1 49151 60948 0 32768 1 227
233 0 1 49151 60948 16384 0 1 228
234 0 1 49151 60948 16384 8192 1 229
235 0 1 49151 60948 16384 16384 1 230
236 0 1 49151 60948 16384 32768 1 231
237 0 1 49151 60948 32768 0 1 232
238 0 1 49151 60948 32768 8192 1 233
239 0 1 49151 60948 32768 16384 1 234
240 0 1 49151 60948 32768 32768 1 235
241 0 1 49151 60948 49151 0 1 236
242 0 1 49151 60948 49151 8192 1 237
243 0 1 49151 60948 49151 16384 1 238
244 0 1 49151 60948 49151 32768 1 239
245 0 1 49151 62914 0 0 1 240
246 0 1 49151 62914 0 8192 1 241
247 0 1 49151 62914 0 16384 1 242
248 0 1 49151 62914 0 32768 1 243
249 0 1 49151 62914 16384 0 1 244
250 0 1 49151 62914 16384 8192 1 245
251 0 1 49151 62914 16384 16384 1 246
252 0 1 49151 62914 16384 32768 1 247
253 0 1 49151 62914 32768 0 1 248
254 0 1 49151 62914 32768 8192 1 249
255 0 1 49151 62914 32768 16384 1 250
256 0 1 49151 62914 32768 32768 1 251
257 0 1 49151 62914 49151 0 1 252
258 0 1 49151 62914 49151 8192 1 253
259 0 1 49151 62914 49151 16384 1 254
260 0 1 49151 62914 49151 32768 1 255
261 0 1 16383 0 0 0 1 0
262 0 1 16384 0 0 0 1 64
263 0 1 16385 0 0 0 1 64
264 0 1 32767 0 0 0 1 64
265 0 1 32768 0 0 0 1 128
266 0 1 32769 0 0 0 1 128
267 0 1 49150 0 0 0 1 128
268 0 1 49151 0 0 0 1 192
269 0 1 49152 0 0 0 1 192
270 0 1 0 58981 0 0 1 0
271 0 1 0 58982 0 0 1 16
272 0 1 0 58983 0 0 1 16
273 0 1 0 60947 0 0 1 16
274 0 1 0 60948 0 0 1 32
275 0 1 0 60949 0 0 1 32
276 0 1 0 62913 0 0 1 32
277 0 1 0 62914 0 0 1 48
278 0 1 0 62915 0 0 1 48
279 0 1 0 0 16383 0 1 0
280 0 1 0 0 16384 0 1 4
281 0 1 0 0 16385 0 1 4
282 0 1 0 0 32767 0 1 4
283 0 1 0 0 32768 0 1 8
284 0 1 0 0 32769 0 1 8
285 0 1 0 0 49150 0 1 8
286 0 1 0 0 49151 0 1 12
287 0 1 0 0 49152 0 1 12
288 0 1 0 0 0 8191 1 0
289 0 1 0 0 0 8192 1 1
290 0 1 0 0 0 8193 1 1
291 0 1 0 0 0 16383 1 1
292 0 1 0 0 0 16384 1 2
293 0 1 0 0 0 16385 1 2
294 0 1 0 0 0 32767 1 2
295 0 1 0 0 0 32768 1 3
296 0 1 0 0 0 32769 1 3
